count	gens	m	sel	lnl0	sel0	lnl1	sel1
20	100	0.2	0.05	426.710559427738	0.945030586146849	403.361772328615	1.06071868191673
20	100	0.2	0.05	409.540803641081	0.945267162001517	403.736273229122	1.05539048333911
20	100	0.2	0.05	416.676578700542	0.948482336208266	395.739471793175	1.05474412879256
20	100	0.2	0.05	431.60911872983	0.944187053749128	397.28681409359	1.05283482076851
20	100	0.2	0.05	425.506175607443	0.944927482057261	394.005974650383	1.05246303894876
20	100	0.2	0.05	427.239553511143	0.94613172114545	413.351053327322	1.05541609100292
20	100	0.2	0.05	422.853453397751	0.950247174825458	416.594752728939	1.05578930785837
20	100	0.2	0.05	414.965547949076	0.947255523527573	393.116294950247	1.05397868373493
20	100	0.2	0.05	429.603901386261	0.949803015089375	412.895956397057	1.05389991135612
20	100	0.2	0.05	415.381170988083	0.960116610401587	412.298101395369	1.05186899998806
20	100	0.2	0.05	403.06318551302	0.960927499924742	415.168903529644	1.05624600544717
20	100	0.2	0.05	411.059323370457	0.937441708287664	416.371583551168	1.05607810186488
20	100	0.2	0.05	426.79125392437	0.945926633845591	390.569920361042	1.05010899337098
20	100	0.2	0.05	412.252492547035	0.952020843308737	409.358764916658	1.05712092523641
20	100	0.2	0.05	427.554044753313	0.950697020841653	414.956435829401	1.05969609889443
20	100	0.2	0.05	409.379150182009	0.944509806706908	411.610001474619	1.05266741510295
20	100	0.2	0.05	415.362364023924	0.939871796990687	412.06971770525	1.05582963647029
20	100	0.2	0.05	423.675350546837	0.947292919133233	393.166799366474	1.05192619838785
20	100	0.2	0.05	427.588751524687	0.952416381120771	413.481626272202	1.05717706994262
20	100	0.2	0.05	425.940917253494	0.953099355182512	412.280129373074	1.05482432733527
20	200	0.5	0.01	9.53542670607567	0.995219457209874	-17.7866223752499	0.996528007813536
20	200	0.5	0.01	7.33645284175873	0.995041340807763	2.05420967936516	1.0005056410924
20	200	0.5	0.01	0.204809814691544	0.999932017808835	3.81113225221634	1.00303857028268
20	200	0.5	0.01	-2.54982358217239	1.00088795966705	1.60961982607841	1.00459171949193
20	200	0.5	0.01	0.808652192354202	0.999645901037434	-12.5906843841076	1.0080187863015
20	200	0.5	0.01	2.29087716341019	0.99691746824527	-7.80000594258308	0.998161265786583
20	200	0.5	0.01	4.32682040333748	0.995712028654143	4.73099803924561	1.00569147348764
20	200	0.5	0.01	3.26117041707039	0.997353933356074	-4.12421262264252	0.997885387038596
20	200	0.5	0.01	2.66271975636482	0.998932650280601	-7.04899877309799	1.00700400492075
20	200	0.5	0.01	0.246028542518616	0.99994060298712	-0.831542283296585	1.00547951446593
20	200	0.5	0.01	2.44113153219223	0.998357506534028	3.12050604820251	1.00137117030429
20	200	0.5	0.01	5.46499639749527	0.997026187922717	1.33467817306519	1.00032165788844
20	200	0.5	0.01	1.24132800102234	0.994530369525677	3.92621451616287	1.00203784864218
20	200	0.5	0.01	3.91115137934685	0.997129572623946	-10.6357046663761	0.997643968211113
20	200	0.5	0.01	2.65656208992004	0.998936239884403	8.43692809343338	1.00324592320986
20	200	0.5	0.01	1.94038528203964	0.995695258297655	3.94834887981415	1.00204945556302
20	200	0.5	0.01	0.704415857791901	0.999745724459929	0.408714413642883	1.00492637641257
20	200	0.5	0.01	-7.57424834370613	0.988960892013945	1.86535295844078	1.00442231041717
20	200	0.5	0.01	8.10110887885094	0.993227262917485	10.3858726918697	1.00403757406554
20	200	0.5	0.01	7.28396758437157	0.995445898597222	3.85201671719551	1.00322440979139
20	200	0.5	0.02	77.0146636366844	0.987747618791841	70.0012634992599	1.0083138130139
20	200	0.5	0.02	82.2964207231998	0.985403570203443	81.4358342587948	1.01258500675361
20	200	0.5	0.02	77.2878532111645	0.983554176307809	75.1042062342167	1.01210597725047
20	200	0.5	0.02	81.7744838893414	0.98337300728357	83.3774608969688	1.01170089595052
20	200	0.5	0.02	75.2438934147358	0.98141659828076	78.4284960627556	1.01289667481557
20	200	0.5	0.02	81.4661586284637	0.98100375936363	76.4110326468945	1.00955751223271
20	200	0.5	0.02	79.3510384857655	0.98488386750858	74.5594412684441	1.01515012207366
20	200	0.5	0.02	83.1053401231766	0.982625	74.8820951879025	1.01532161003718
20	200	0.5	0.02	77.744843184948	0.987374840050632	74.5698917210102	1.01515322321487
20	200	0.5	0.02	75.3305833935738	0.988085360703962	73.1592101156712	1.01090936934413
20	200	0.5	0.02	80.0813399553299	0.985432335026217	70.3661775887012	1.00734534782145
20	200	0.5	0.02	75.3414766788483	0.986068382884299	77.9945007860661	1.01036294806208
20	200	0.5	0.02	81.0108399689198	0.985314899034915	73.4153354465961	1.01057266362429
20	200	0.5	0.02	76.5156398415565	0.989062244298342	73.3785089254379	1.00949465601805
20	200	0.5	0.02	48.7265183925629	0.988817446279147	80.3745547533035	1.01495883140587
20	200	0.5	0.02	78.2829346060753	0.986206261303553	39.3913515210152	1.00639861311581
20	200	0.5	0.02	81.0275473594666	0.98789618306018	79.471580684185	1.01159194363565
20	200	0.5	0.02	74.8777571320534	0.98667233506849	79.2480979561806	1.01137258948907
20	200	0.5	0.02	82.3690414130688	0.986462075967621	81.4712428748608	1.00967932803471
20	200	0.5	0.02	84.9321086406708	0.983738773244321	76.9879686832428	1.01492490928097
20	100	0.5	0.01	5.95450794696808	0.98872936356562	7.27476668357849	1.00872936356768
20	100	0.5	0.01	5.74604845046997	0.991100175794471	4.45051157474518	1.00402939073779
20	100	0.5	0.01	5.64188602566719	0.988901405014453	6.13894101977348	1.00558964383725
20	100	0.5	0.01	5.78941163420677	0.98859366680733	3.85427594184875	1.01105930443112
20	100	0.5	0.01	6.67794042825699	0.990036207771945	6.2778491973877	1.00466492734291
20	100	0.5	0.01	-2.76968374848366	0.982914893301278	3.71914365887642	1.01107450894945
20	100	0.5	0.01	2.03922384977341	0.998739220357818	7.151371717453	1.00850669998459
20	100	0.5	0.01	5.37773099541664	0.990626006505057	3.96401923894882	1.01062600650506
20	100	0.5	0.01	5.10015368461609	0.990732497252131	5.97915688157082	1.00452658056711
20	100	0.5	0.01	5.3950996696949	0.991086082617701	4.96203348040581	1.00720980032399
20	100	0.5	0.01	-1.79126310348511	0.982923538256199	3.5716073513031	1.01058765553157
20	100	0.5	0.01	0.66709303855896	0.985064061417038	5.80808028578758	1.00459600247759
20	100	0.5	0.01	0.187305480241776	0.984678846177335	6.03627890348434	1.00558964383725
20	100	0.5	0.01	-0.580057233572006	1.00121633369868	2.57375103235245	1.00979213318182
20	100	0.5	0.01	5.97722807526588	0.99081433310452	4.39274531602859	1.01081153244271
20	100	0.5	0.01	1.01745930314064	0.985409006559004	6.22941181063652	1.005409006559
20	100	0.5	0.01	5.88194942474365	0.991074508949449	6.21472826600075	1.00558964383725
20	100	0.5	0.01	3.56643462181091	0.986711503195157	0.775803327560425	1.01239872107116
20	100	0.5	0.01	7.04244714975357	0.992860710602143	-11.2513490915298	1.01854584544862
20	100	0.5	0.01	5.71473675966263	0.99391547361156	6.73232811689377	1.00785624984748
20	500	0.05	0.01	573.617837160826	0.989810609836435	573.56971386075	1.01503617446619
20	500	0.05	0.01	576.911982446909	0.990402795494888	574.114989548922	1.01597011820345
20	500	0.05	0.01	582.747054666281	0.989271656630149	581.712055683136	1.01487816934868
20	500	0.05	0.01	573.903340965509	0.989849866392455	572.013166576624	1.01416849918991
20	500	0.05	0.01	575.017925560474	0.98982740349257	575.436908662319	1.01512460874258
20	500	0.05	0.01	581.199444234371	0.990236327536436	573.075784623623	1.01492174393293
20	500	0.05	0.01	576.219988137484	0.989937419414722	568.672434329987	1.01538364359799
20	500	0.05	0.01	584.913677483797	0.989779692289479	583.428054332733	1.01523416660214
20	500	0.05	0.01	573.927992135286	0.990271738179646	578.897340923548	1.01579451860577
20	500	0.05	0.01	588.891597151756	0.989634600626703	587.976274698973	1.01533297131141
20	500	0.05	0.01	571.514656603336	0.989832619527	569.621050208807	1.01571098761378
20	500	0.05	0.01	574.411982417107	0.989596275062046	570.810106635094	1.01547630443028
20	500	0.05	0.01	579.008853644133	0.989199528737209	581.521396636963	1.01510022415999
20	500	0.05	0.01	579.799035131931	0.990372472252491	577.282515287399	1.01468981656965
20	500	0.05	0.01	576.201058328152	0.989910620364	574.968104511499	1.01491437796292
20	500	0.05	0.01	583.471919059753	0.990295091190693	581.855785399675	1.01565732692804
20	500	0.05	0.01	573.281864434481	0.989791812856589	571.875050723553	1.01515264341978
20	500	0.05	0.01	571.709545105696	0.990281819044481	568.598836958408	1.01564827535582
20	500	0.05	0.01	569.982673615217	0.989170652271554	572.898109197617	1.0147524992044
20	500	0.05	0.01	572.119596898556	0.989377231428957	570.738449275494	1.01465224525558
20	500	0.05	0.05	3200.18256318569	0.954582577207395	2982.08369126916	1.06649332809364
20	500	0.05	0.05	3190.02191123366	0.954542312308061	3017.25987562537	1.07214098213749
20	500	0.05	0.05	3192.48815444112	0.952907536407324	2995.1843598485	1.06770360633073
20	500	0.05	0.05	3185.26303899288	0.954387057690377	2992.93608444929	1.07101321319945
20	500	0.05	0.05	3215.33228173852	0.9523463997314	3025.96015843749	1.07101321319945
20	500	0.05	0.05	3186.99457159638	0.951278937131468	2996.39056226611	1.07101134898963
20	500	0.05	0.05	3186.75724619627	0.95441413177588	3010.69337424636	1.07505091461827
20	500	0.05	0.05	3194.61278054118	0.956556935207676	3011.14859637618	1.06851925846345
20	500	0.05	0.05	3201.87128946185	0.953485889904087	3003.71980890632	1.06829852863176
20	500	0.05	0.05	3202.30551114678	0.951840682145316	2992.45492467284	1.06772503935484
20	500	0.05	0.05	3202.20510873199	0.957017914150444	3020.85264179111	1.066452305603
20	500	0.05	0.05	3201.75781929493	0.954301312450992	2977.68539276719	1.06499987944368
20	500	0.05	0.05	3221.05399096012	0.953874409044901	3023.57195830345	1.0670913032645
20	500	0.05	0.05	3187.47927054763	0.953910781289262	2986.36332064867	1.0685257061883
20	500	0.05	0.05	3219.07788547873	0.95204660741313	3025.82983666658	1.07164785188253
20	500	0.05	0.05	3208.5756700933	0.954072017540508	3037.00902360678	1.07309709238601
20	500	0.05	0.05	3187.66170039773	0.957574552325765	3014.25048992038	1.07043860338116
20	500	0.05	0.05	3193.57886314392	0.954300319882703	3026.11657500267	1.07093205038612
20	500	0.05	0.05	3195.27037185431	0.956586216222221	3011.34577351809	1.06810381576689
20	500	0.05	0.05	3196.5804040432	0.953414784011092	2985.9984176755	1.06836220890661
20	100	0.5	0.005	-4.32656410336494	0.995228526408992	-0.0723272562026978	1.00007723751258
20	100	0.5	0.005	-0.557839572429657	0.998606669672215	0.0567559599876404	0.99905296992393
20	100	0.5	0.005	0.740165770053864	1.00148896272024	0.735080569982529	0.998511037279759
20	100	0.5	0.005	0.528093993663788	1.00102187188033	0.526558399200439	0.998978128119668
20	100	0.5	0.005	-8.05358102917671	0.993125347621296	-0.670771777629852	0.995805256488618
20	100	0.5	0.005	0.200615257024765	1.00133859742529	0.207025229930878	0.998661402574708
20	100	0.5	0.005	-9.54072827100754	0.992882933110088	-0.0953985452651978	1.00028077919984
20	100	0.5	0.005	-4.48271486163139	0.995224478551352	-1.74460363388062	1.00216093596935
20	100	0.5	0.005	-9.34001541137695	0.993137522738084	1.47950515151024	0.996829474472489
20	100	0.5	0.005	3.10494071245193	1.00325795450988	-2.92741924524307	1.00287284190234
20	100	0.5	0.005	0.190882414579391	1.00206130587482	-1.79344400763512	1.00207333867374
20	100	0.5	0.005	0.113807439804077	1.00082608124392	0.113266140222549	0.999173918756079
20	100	0.5	0.005	-0.537291646003723	0.999429225292111	-0.90643721818924	1.00102710501948
20	100	0.5	0.005	3.04944613575935	1.00234867219361	-4.48963344097137	1.00458839040689
20	100	0.5	0.005	-1.81343045830727	0.997243613077153	-0.514177352190018	1.00050190898114
20	100	0.5	0.005	0.32053416967392	1.00165446825311	-0.206886678934097	0.996455495694172
20	100	0.5	0.005	-2.51652640104294	0.997002016995346	-0.575338542461395	1.00063917752608
20	100	0.5	0.005	-2.58705803751945	1.00566025403784	-7.81867352128029	1.0065613317236
20	100	0.5	0.005	0.712895900011063	1.00094866713354	-1.40851926803589	1.00126378186355
20	100	0.5	0.005	0.709735363721848	1.00096184394669	-0.968590706586838	1.00096184394669
20	200	0.05	0.005	24.6682688295841	0.993122810445129	14.3305032551289	1.00441689551071
20	200	0.05	0.005	23.0044229626656	0.992583701536485	28.9192005693913	1.01098619101832
20	200	0.05	0.005	23.8457214832306	0.992831589558792	23.8450990617275	1.00678912524754
20	200	0.05	0.005	21.7385412156582	0.991748905968593	1.38189089298248	1.00132091657533
20	200	0.05	0.005	22.6520986258984	0.994488224645495	20.9561342895031	1.00686305347619
20	200	0.05	0.005	25.2259392738342	0.995191111639347	3.33585810661316	1.00195228567808
20	200	0.05	0.005	28.951753526926	0.992742609199184	24.5448042452335	1.01124688856202
20	200	0.05	0.005	27.2048920989037	0.991758860517888	24.8728612065315	1.01014879158165
20	200	0.05	0.005	19.3896424472332	0.996596645096882	15.4759107232094	1.01573412142323
20	200	0.05	0.005	-4.78950735926628	0.991972138765382	28.1546446084976	1.00917668060469
20	200	0.05	0.005	9.59060963988304	0.996476301635994	20.2048057019711	1.00783946226233
20	200	0.05	0.005	24.2988004684448	0.993564976291597	22.0243636667728	1.01142319970248
20	200	0.05	0.005	22.6165370941162	0.995892230525466	24.8782437443733	1.0112994909736
20	200	0.05	0.005	10.3844117820263	0.996574319429222	20.4866126477718	1.00597116039577
20	200	0.05	0.005	25.1861922740936	0.993002688056639	24.351430028677	1.01245228580763
20	200	0.05	0.005	25.1602745950222	0.992923286553974	21.3853721618652	1.00759424131241
20	200	0.05	0.005	25.7754259109497	0.994637782799665	25.9748076498508	1.01133134177896
20	200	0.05	0.005	24.860947728157	0.994516283767894	25.0676070153713	1.01182087939555
20	200	0.05	0.005	24.8911044299603	0.993908459398214	5.24365437030792	1.00902782325875
20	200	0.05	0.005	25.8971376121044	0.99391277355869	4.4583355486393	1.00832313440263
20	200	0.2	0.01	130.639943093061	0.986031515360822	126.323079228401	1.01431352662934
20	200	0.2	0.01	135.312944531441	0.989759976556226	130.213659375906	1.01482080336856
20	200	0.2	0.01	124.84437122941	0.988257673214605	123.942748576403	1.01358155101197
20	200	0.2	0.01	128.079158812761	0.987290979239066	118.236645430326	1.01189045487368
20	200	0.2	0.01	133.941954433918	0.989472339644727	109.605439275503	1.01251875978971
20	200	0.2	0.01	138.027221739292	0.988112227732395	121.225773960352	1.01276282218654
20	200	0.2	0.01	137.678375244141	0.988112587219512	132.279861450195	1.01260315002952
20	200	0.2	0.01	136.67058506608	0.989144217933341	128.424703299999	1.01510408656946
20	200	0.2	0.01	113.988963097334	0.988545696364517	124.661330699921	1.01719148841319
20	200	0.2	0.01	133.813305139542	0.989472817625318	127.775440573692	1.01480990047086
20	200	0.2	0.01	99.4427544772625	0.984165315577149	137.238358587027	1.01459116060608
20	200	0.2	0.01	133.369962215424	0.990153929323209	125.220439463854	1.01353078374092
20	200	0.2	0.01	132.896610409021	0.986760854631405	133.693559169769	1.01609722111447
20	200	0.2	0.01	120.591473996639	0.990110255110021	125.391405880451	1.0135582306692
20	200	0.2	0.01	113.500261515379	0.98464730453625	117.828750580549	1.01167184329019
20	200	0.2	0.01	138.692112952471	0.988386124091193	139.225675016642	1.01543409146244
20	200	0.2	0.01	144.538400441408	0.987868712234769	128.761644214392	1.016303093817
20	200	0.2	0.01	107.53073745966	0.986676746471675	129.315183132887	1.01459515517862
20	200	0.2	0.01	131.212377697229	0.989823506720406	124.451496005058	1.01440870608503
20	200	0.2	0.01	113.629358679056	0.989452049315439	98.7951543629169	1.0108842234327
20	200	0.2	0.05	1138.86414435506	0.937707199472063	1036.09718796611	1.06059386265145
20	200	0.2	0.05	1132.27815887332	0.94398826655796	1009.76600793004	1.04949640196092
20	200	0.2	0.05	1109.80822637677	0.945276486442239	1015.50650346279	1.05320515968393
20	200	0.2	0.05	1132.93061479926	0.939424021695878	1015.43772807717	1.05286632260059
20	200	0.2	0.05	1121.11819586158	0.941763048211443	988.00766953826	1.0469029604068
20	200	0.2	0.05	1132.88316932321	0.940670483558529	1018.40492618084	1.05307136411971
20	200	0.2	0.05	1143.12066271901	0.940520335920996	1022.03013473749	1.05184805184567
20	200	0.2	0.05	1139.84836572409	0.934572778851518	1018.70641463995	1.05159383737147
20	200	0.2	0.05	1122.30003839731	0.937711766456713	1024.48770794272	1.05521534585778
20	200	0.2	0.05	1100.97765353322	0.944506942888716	1000.92060595751	1.04934725819557
20	200	0.2	0.05	1124.6014238596	0.945422149198124	1031.17382439971	1.05888750036755
20	200	0.2	0.05	1136.4665851891	0.93719068574594	1027.13401845098	1.05825866475888
20	200	0.2	0.05	1131.25067967176	0.936452453932518	1025.62982371449	1.05615406689451
20	200	0.2	0.05	1098.74784567952	0.946998228685669	1022.48000133038	1.05505048387421
20	200	0.2	0.05	1127.05799111724	0.941575864491071	1019.94590312243	1.05476255064643
20	200	0.2	0.05	1112.36872893572	0.942974365127179	1023.60677084327	1.05579563698112
20	200	0.2	0.05	1132.33167162538	0.939447291789131	1021.27421680093	1.05381180684798
20	200	0.2	0.05	1124.8646478653	0.935074089088182	1026.45772024989	1.0551732062421
20	200	0.2	0.05	1137.78928783536	0.939108502157725	1038.23513102531	1.05879983105672
20	200	0.2	0.05	1116.52328085899	0.944133007912065	1023.88233879209	1.05612543174934
20	100	0.05	0.01	9.94128254055977	0.991440461281043	3.74773377180099	1.01794199626404
20	100	0.05	0.01	8.86320644617081	0.992743443330285	2.39729109406471	1.02749759526419
20	100	0.05	0.01	-0.233005315065384	1.00018137043437	-6.45839342474937	1.02684674371005
20	100	0.05	0.01	5.20214232802391	0.986176491968492	4.60947880148888	1.00998705455935
20	100	0.05	0.01	12.4229452311993	0.98919945768244	9.91973260045052	1.01074261941258
20	100	0.05	0.01	11.5898333787918	0.992850334033415	-3.54960650205612	1.02227626704242
20	100	0.05	0.01	10.7734946608543	0.990105971633554	4.36931204795837	1.02701164145313
20	100	0.05	0.01	3.86752653121948	0.992939727645477	5.13084802031517	1.02089436492449
20	100	0.05	0.01	-1.72473853826523	1.00105670948566	4.51220855116844	1.01799910144266
20	100	0.05	0.01	6.49431520700455	0.986631579787466	4.23671555519104	1.00975166380192
20	100	0.05	0.01	1.51921409368515	0.990394068672491	9.52820312976837	1.02082675049612
20	100	0.05	0.01	6.87075236439705	0.987151395017374	10.1209554672241	1.02049872394693
20	100	0.05	0.01	4.41385060548782	0.993566696885878	2.34342277050018	1.01738379700298
20	100	0.05	0.01	0.720467746257782	0.990496582919108	4.15241983532906	1.01388774258587
20	100	0.05	0.01	2.4023300409317	0.993425771293902	-6.20702883601189	0.995744488501913
20	100	0.05	0.01	2.60409542918205	0.991451172229912	11.0291031301022	1.01499100072769
20	100	0.05	0.01	3.73394459486008	0.995592561832151	8.12057095766068	1.01509874340407
20	100	0.05	0.01	9.28520968556404	0.988519248156202	3.74266782402992	1.0080565692836
20	100	0.05	0.01	5.0188307762146	0.992331845384826	5.24166518449783	1.0140371512042
20	100	0.05	0.01	7.13396927714348	0.992635017057104	7.32653230428696	1.00684966293197
20	200	0.5	0.005	-5.17656394839287	0.994346530930393	-2.02714350819588	0.996361942655071
20	200	0.5	0.005	-0.0826332569122314	1.00075680244526	-2.87938466668129	0.998347680350701
20	200	0.5	0.005	-12.8698398470879	0.992349341133487	-1.31424236297607	0.999526122668825
20	200	0.5	0.005	-4.60951960086823	0.99805599227753	-14.0915348231792	1.0037136964824
20	200	0.5	0.005	-0.100779503583908	1.00007322465481	0.682761043310165	1.00174155193988
20	200	0.5	0.005	0.384105652570724	0.996436228374099	2.66798269748688	1.00176453116602
20	200	0.5	0.005	0.869603216648102	0.996519191587287	0.0863050818443298	1.0000637023679
20	200	0.5	0.005	-10.6517234146595	0.996416493132935	6.59453418850899	0.993594084308244
20	200	0.5	0.005	2.57801449298859	0.997329817244856	2.7915415763855	1.00267018275514
20	200	0.5	0.005	0.431863188743591	0.997711429258077	-0.0915653109550476	0.999939191169254
20	200	0.5	0.005	-0.531787097454071	0.997161113008283	-1.94859239459038	1.0011091947587
20	200	0.5	0.005	-1.06730484962463	0.998277854743187	-2.22674942016602	1.00231846094671
20	200	0.5	0.005	0.0828632116317749	0.999939899393779	0.08285853266716	1.00006010060622
20	200	0.5	0.005	-3.63855880498886	1.00365270634247	1.68711987137794	0.994172652011168
20	200	0.5	0.005	1.55714520812035	0.997281443488735	1.43331015110016	1.00316158350164
20	200	0.5	0.005	1.54965597391129	0.997452748930996	-13.9407192468643	0.99353886961789
20	200	0.5	0.005	0.775323897600174	0.999089831914897	0.798292607069016	1.00091016808414
20	200	0.5	0.005	1.46562948822975	0.997451852831023	0.421882390975952	0.996431784450708
20	200	0.5	0.005	-4.00579613447189	0.998366609731824	-1.20489481091499	1.00177592435588
20	200	0.5	0.005	3.7315388917923	1.0045796138453	2.65436667203903	1.0020826126295
20	100	0.1	0.01	18.4729704856873	0.993494069766493	14.626757055521	1.00985127610639
20	100	0.1	0.01	16.3531042039394	0.993425771293902	16.9534334242344	1.02276953727647
20	100	0.1	0.01	17.3545292019844	0.988817287587725	13.7531514763832	1.02233012701892
20	100	0.1	0.01	11.5768052637577	0.988124483570863	16.6678200960159	1.0227398160881
20	100	0.1	0.01	14.4815449714661	0.992316749328922	17.3714689016342	1.01683325404711
20	100	0.1	0.01	16.2823123335838	0.990057530936151	14.9270205199718	1.01032958673597
20	100	0.1	0.01	14.1858950555325	0.993264194430811	10.6461896598339	1.02105670948566
20	100	0.1	0.01	20.5229905545712	0.993397186289632	17.1371043324471	1.01158263621981
20	100	0.1	0.01	15.8247791528702	0.989921409655269	16.6970345675945	1.01468807033164
20	100	0.1	0.01	22.6013702452183	0.991124859058361	21.0994910001755	1.01164739291504
20	100	0.1	0.01	21.469084829092	0.990836336809052	16.7499497234821	1.01080677490709
20	100	0.1	0.01	18.9251941144466	0.993788318747967	7.49729824066162	1.02276400578577
20	100	0.1	0.01	16.6346354782581	0.992371481565968	14.0703627467155	1.02230350923841
20	100	0.1	0.01	9.67364192008972	0.997124570251428	16.3437558412552	1.01938764618865
20	100	0.1	0.01	14.7277434170246	0.995749108140567	16.413193076849	1.0107705380748
20	100	0.1	0.01	15.0513977706432	0.993597583964996	16.2142758667469	1.01544295386721
20	100	0.1	0.01	15.8572561144829	0.994673816232148	15.8268309831619	1.01637155816561
20	100	0.1	0.01	17.0691043138504	0.99144133469305	15.7267529368401	1.01534375291588
20	100	0.1	0.01	17.7342542409897	0.99144133469305	17.0903425514698	1.00950645588166
20	100	0.1	0.01	22.8288465440273	0.990292267619725	19.1796407401562	1.01886871454542
20	200	0.1	0.02	337.725503236055	0.982462013957594	339.175883293152	1.0281446693225
20	200	0.1	0.02	333.32383069396	0.980851621629606	331.603961378336	1.02397797869323
20	200	0.1	0.02	338.168829768896	0.981778758374758	326.667086571455	1.02395116676698
20	200	0.1	0.02	335.176873445511	0.9837471751864	308.285182863474	1.02381208366473
20	200	0.1	0.02	332.352263212204	0.984469007849421	338.607681035995	1.02769426842949
20	200	0.1	0.02	333.742835044861	0.979017705390722	328.987676382065	1.02389207709918
20	200	0.1	0.02	323.040983557701	0.981586829264721	329.212755262852	1.02555142850812
20	200	0.1	0.02	340.07003235817	0.981480620109789	339.181705474854	1.02563340541536
20	200	0.1	0.02	333.177979916334	0.980265073262986	328.392348617315	1.02478494616158
20	200	0.1	0.02	336.741931498051	0.981327842710858	334.736902147532	1.02626338963843
20	200	0.1	0.02	338.102414399385	0.981659170438245	339.847548544407	1.02584655587487
20	200	0.1	0.02	339.216375499964	0.982332891894869	338.34476056695	1.02517901481496
20	200	0.1	0.02	331.804753690958	0.982627373258203	331.126853913069	1.02506281966366
20	200	0.1	0.02	336.337914943695	0.982739547947155	335.81266528368	1.02433955091097
20	200	0.1	0.02	337.702324151993	0.983367424631784	337.872417807579	1.02504060961954
20	200	0.1	0.02	341.245706230402	0.982563851863054	335.820479899645	1.02349597037976
20	200	0.1	0.02	337.249286711216	0.983023143511603	336.53660133481	1.02751826393759
20	200	0.1	0.02	337.58007106185	0.981360827736703	336.258320510387	1.02556150657661
20	200	0.1	0.02	334.992732733488	0.982441296711133	310.755990833044	1.02520568260722
20	200	0.1	0.02	338.826239854097	0.981648890149828	339.008769720793	1.02740030843707
20	200	0.05	0.01	85.1653716862202	0.990732955157338	82.2811220884323	1.01945199373663
20	200	0.05	0.01	75.9872716963291	0.992402081373463	80.910614669323	1.01890042249129
20	200	0.05	0.01	81.6660814881325	0.989668069889789	83.7235102057457	1.01589359023405
20	200	0.05	0.01	82.0191178619862	0.991049207377626	75.8945475518703	1.02223804849068
20	200	0.05	0.01	83.4699693918228	0.991882232508032	83.370786935091	1.01484754906928
20	200	0.05	0.01	80.9894767403603	0.990630741930495	77.8809912204742	1.01712295050808
20	200	0.05	0.01	82.8453962504864	0.990541695683546	83.8846542835236	1.01607520612099
20	200	0.05	0.01	81.3133753836155	0.991440898282943	85.5164671242237	1.01849342293413
20	200	0.05	0.01	78.9137845039368	0.991060819822497	80.2140042483807	1.01735631301094
20	200	0.05	0.01	78.6660955250263	0.992208168025476	84.3293879628181	1.01787022973474
20	200	0.05	0.01	86.6530240774155	0.98921231908683	85.737337231636	1.01900333590477
20	200	0.05	0.01	80.5592046976089	0.989475632560184	72.9943563044071	1.01266094166593
20	200	0.05	0.01	83.9371160566807	0.991276323670473	80.8529016673565	1.02040154974008
20	200	0.05	0.01	82.5571491122246	0.990142452342427	85.3488867580891	1.01872405877595
20	200	0.05	0.01	83.6590830981731	0.990434299455347	80.6810061633587	1.01497362655138
20	200	0.05	0.01	69.4858002066612	0.993968810896813	77.7860372662544	1.01685370313356
20	200	0.05	0.01	81.7913949787617	0.988212838372656	87.398376584053	1.01765126931118
20	200	0.05	0.01	78.7203414440155	0.989346493176454	84.2947843074799	1.01712844039807
20	200	0.05	0.01	79.0776024162769	0.989668069889789	82.2192789316177	1.01581707735841
20	200	0.05	0.01	80.4902972877026	0.99185452198373	84.7381054461002	1.01730782455506
20	100	0.1	0.05	536.932399481535	0.959542231079009	518.015639066696	1.06264392484567
20	100	0.1	0.05	538.268918484449	0.951026911819513	529.939170330763	1.06239256424379
20	100	0.1	0.05	547.223262906075	0.951540537841981	522.339702665806	1.06619099976654
20	100	0.1	0.05	542.308902084827	0.952129403534608	538.782399088144	1.06765686743343
20	100	0.1	0.05	547.333994835615	0.953450846484439	505.924439013004	1.05229795401326
20	100	0.1	0.05	543.504299461842	0.951844902877441	500.672284007072	1.05263260858648
20	100	0.1	0.05	540.828482151031	0.947128546898369	529.513492405415	1.06047015061676
20	100	0.1	0.05	526.484643638134	0.952169053417865	507.066799044609	1.06129412276225
20	100	0.1	0.05	535.778762578964	0.953336663448713	525.450929552317	1.06324303084059
20	100	0.1	0.05	536.994622945786	0.945397041205242	522.213521569967	1.06321111597988
20	100	0.1	0.05	551.467487871647	0.949377398428008	524.827666193247	1.060619210721
20	100	0.1	0.05	556.017501980066	0.949537955462763	536.83215880394	1.06496705639355
20	100	0.1	0.05	540.612096458673	0.950675026578657	498.620775640011	1.05378672219586
20	100	0.1	0.05	540.040846675634	0.952294360719119	529.217724025249	1.06100535780909
20	100	0.1	0.05	554.665081620216	0.948901873904559	525.451663911343	1.06167628298879
20	100	0.1	0.05	519.441428542137	0.938717623535544	523.725991874933	1.06285138625084
20	100	0.1	0.05	553.831246316433	0.949407881355882	535.272493034601	1.06971770021673
20	100	0.1	0.05	533.503536731005	0.953001427512938	531.766003131866	1.06107231070015
20	100	0.1	0.05	534.505392998457	0.958842622757285	513.269193202257	1.06171833074476
20	100	0.1	0.05	561.994812071323	0.946961681603442	543.732032686472	1.06867541016585
20	500	0.05	0.005	183.968921631575	0.994521493118968	171.840982943773	1.00779080729618
20	500	0.05	0.005	192.734701037407	0.994823948971617	191.575168937445	1.00892483496623
20	500	0.05	0.005	190.625322341919	0.994401838640794	205.945121973753	1.00998416134494
20	500	0.05	0.005	186.579679071903	0.994732399656926	186.560754984617	1.00900639996258
20	500	0.05	0.005	212.532746553421	0.99406451056814	206.103168308735	1.00920928826783
20	500	0.05	0.005	203.827859610319	0.994761360931456	186.374803304672	1.00916057764094
20	500	0.05	0.005	192.062072962523	0.994376216541211	202.090758442879	1.00899799946874
20	500	0.05	0.005	210.468345165253	0.99402812751456	188.353790044785	1.00931319970395
20	500	0.05	0.005	211.288948714733	0.994240687153161	205.287563830614	1.00881411607147
20	500	0.05	0.005	212.734096288681	0.993879498083444	184.542826652527	1.00978231626373
20	500	0.05	0.005	201.304687708616	0.994913548949605	201.140773326159	1.00923507149622
20	500	0.05	0.005	213.078347116709	0.99470534273879	213.264836758375	1.00961767064375
20	500	0.05	0.005	204.493847340345	0.994175323076326	173.179072678089	1.00800588076225
20	500	0.05	0.005	200.991888850927	0.994967058763997	182.868752390146	1.0094468592724
20	500	0.05	0.005	191.713710039854	0.993902929710044	201.045797079802	1.0087131831257
20	500	0.05	0.005	210.682730466127	0.994143629668703	206.648337930441	1.009318754589
20	500	0.05	0.005	191.804991096258	0.994371962349196	206.011608630419	1.00930729017498
20	500	0.05	0.005	195.962585419416	0.995047862845046	189.38426887989	1.00804737392667
20	500	0.05	0.005	205.901298731565	0.993323318078369	205.44851911068	1.00931894143278
20	500	0.05	0.005	208.775139629841	0.994103707540999	205.644217133522	1.00994322835313
20	500	0.05	0.02	1409.74388533831	0.979771213707544	1330.21775078773	1.02510036236481
20	500	0.05	0.02	1409.65788042545	0.979830604848368	1332.16918051243	1.02643421349207
20	500	0.05	0.02	1405.61938518286	0.979163395412387	1328.47053557634	1.02556307878926
20	500	0.05	0.02	1404.12959116697	0.978656068408457	1326.17436257005	1.02669177128709
20	500	0.05	0.02	1413.20448350906	0.979628392427506	1330.24417847395	1.02543849491381
20	500	0.05	0.02	1412.84218612313	0.978807078512516	1334.95733997226	1.02892564410573
20	500	0.05	0.02	1402.60102114081	0.978904411678739	1321.62100818753	1.02561850466236
20	500	0.05	0.02	1419.39631819725	0.978009139345568	1337.21711248159	1.02789739132586
20	500	0.05	0.02	1409.59319913387	0.977659390587757	1332.26903691888	1.02828701725094
20	500	0.05	0.02	1403.58808773756	0.97965317073083	1326.68921160698	1.02576196478761
20	500	0.05	0.02	1405.60756844282	0.978501965088502	1328.85862877965	1.02630414345475
20	500	0.05	0.02	1414.2198933661	0.97899618563287	1334.00319743156	1.02830311459223
20	500	0.05	0.02	1416.94109076262	0.976714839153931	1341.48614293337	1.02582707844484
20	500	0.05	0.02	1418.60524213314	0.977474831504836	1345.7778236866	1.0263803014783
20	500	0.05	0.02	1407.05484750867	0.978985243726762	1326.64600798488	1.02705112284989
20	500	0.05	0.02	1413.22310566902	0.978917468184696	1329.7943508625	1.02658114419433
20	500	0.05	0.02	1396.56084814668	0.978465973723539	1317.08442491293	1.02661452815847
20	500	0.05	0.02	1387.31961214542	0.978866072868407	1311.54036080837	1.02571394876944
20	500	0.05	0.02	1389.26889950037	0.979473608581149	1310.21837350726	1.02574226843976
20	500	0.05	0.02	1418.75537505746	0.978290647965351	1338.73143881559	1.02676319804734
20	100	0.5	0.05	154.639654099941	0.938276043594252	150.617822438478	1.04411414827552
20	100	0.5	0.05	166.970017582178	0.936771697787734	150.939784616232	1.02997701653584
20	100	0.5	0.05	163.771036148071	0.950861448068561	140.548760890961	1.02516023591136
20	100	0.5	0.05	166.43025046587	0.947452077499687	147.108275562525	1.03033620694172
20	100	0.5	0.05	168.201119631529	0.938266516178847	151.800975829363	1.03310525932443
20	100	0.5	0.05	165.715544760227	0.947506635663323	155.783745318651	1.03249732002048
20	100	0.5	0.05	162.416805118322	0.947900499091787	147.034268081188	1.02930600993114
20	100	0.5	0.05	163.05233246088	0.935383003305901	151.248300999403	1.03352563401382
20	100	0.5	0.05	164.925421774387	0.937280811854079	150.985496133566	1.04115903913138
20	100	0.5	0.05	165.342947512865	0.935493017761752	151.443595647812	1.04338208376137
20	100	0.5	0.05	166.982535779476	0.933364196254402	156.003995478153	1.03820002532029
20	100	0.5	0.05	163.895624667406	0.935809524817499	153.172848820686	1.03904899616465
20	100	0.5	0.05	164.100855797529	0.935666402043912	149.437666535378	1.03106043781325
20	100	0.5	0.05	164.569942772388	0.948453713418338	151.992482215166	1.04340502709149
20	100	0.5	0.05	164.652198553085	0.944049555691673	153.836431771517	1.04016522615584
20	100	0.5	0.05	165.540918976068	0.946030886100034	148.252889364958	1.02871435870316
20	100	0.5	0.05	162.543135523796	0.951971687836487	144.567798256874	1.02699550357067
20	100	0.5	0.05	162.823463708162	0.948456501337894	151.791993051767	1.04190091862724
20	100	0.5	0.05	164.792620450258	0.943167025867715	149.527096122503	1.03370292653293
20	100	0.5	0.05	167.168089658022	0.946731440209864	151.444802135229	1.0376590568901
20	200	0.1	0.005	-3.26340538263321	0.996757199636209	-2.11749643087387	1.00788391338124
20	200	0.1	0.005	2.9058081805706	0.996604420822275	-2.48897078633308	0.998591506604848
20	200	0.1	0.005	2.24814742803574	0.996626842659062	0.414703458547592	1.00437916735087
20	200	0.1	0.005	1.35527336597443	0.998074905078167	-1.87822014093399	1.00687022386721
20	200	0.1	0.005	3.18723517656326	0.997730809366013	-7.68425521254539	1.007668199367
20	200	0.1	0.005	3.37691143155098	0.998593293900879	1.32355543971062	1.00274887119958
20	200	0.1	0.005	1.30158370733261	0.998059627009336	-1.82639920711517	1.00575271067216
20	200	0.1	0.005	-8.62184989452362	0.994579318676784	4.09403374791145	1.00426924644047
20	200	0.1	0.005	4.15252524614334	1.00211300789833	-21.8605111837387	1.01159217189213
20	200	0.1	0.005	-5.25398835539818	1.00132242444098	3.10907816886902	1.00235872239016
20	200	0.1	0.005	0.987308472394943	0.997090377433486	1.56329008936882	1.00603517872751
20	200	0.1	0.005	-8.16728362441063	0.994836456471237	3.4459120631218	1.00578935424423
20	200	0.1	0.005	1.38974550366402	0.997698578717071	0.5061976313591	1.00038695694425
20	200	0.1	0.005	-1.28724375367165	0.996910114609113	2.83767926692963	1.00251115226525
20	200	0.1	0.005	3.68455478549004	0.997895128066663	2.31962949037552	1.00580249258265
20	200	0.1	0.005	2.52613225579262	0.999019333003215	-8.54262885451317	1.00964857285859
20	200	0.1	0.005	1.09080281853676	0.998096935734373	-0.0923548936843872	1.0046401855965
20	200	0.1	0.005	-2.08291938900948	0.99548957293627	0.22498145699501	1.00639889030342
20	200	0.1	0.005	0.705803602933884	0.997644226242574	0.1357421875	1.00011569986568
20	200	0.1	0.005	-0.807835608720779	0.995973020829012	-1.39009460806847	1.00521464770556
20	200	0.05	0.05	1550.05896037817	0.949253280257665	1424.14718100429	1.06117011573567
20	200	0.05	0.05	1550.66895523667	0.949128883839007	1420.76899453998	1.05970770294485
20	200	0.05	0.05	1538.26560527086	0.948459946919281	1409.7845338583	1.06132288413801
20	200	0.05	0.05	1554.45761367679	0.948357310709501	1420.75056257844	1.06027503717029
20	200	0.05	0.05	1536.13271141052	0.950940633158193	1410.90105631948	1.05947596416227
20	200	0.05	0.05	1563.81675332785	0.948033485755319	1414.60006526113	1.05715857259467
20	200	0.05	0.05	1547.73502013087	0.946197092110685	1419.12809121609	1.06224541930059
20	200	0.05	0.05	1547.38060152531	0.950003412918895	1417.07014152408	1.06103146972412
20	200	0.05	0.05	1551.42248016596	0.947367968357214	1427.30271500349	1.0616145651738
20	200	0.05	0.05	1544.4355493784	0.950214564191751	1402.09695827961	1.05739927566607
20	200	0.05	0.05	1541.05818447471	0.948307439194117	1407.69926139712	1.06040337678376
20	200	0.05	0.05	1528.01391020417	0.955188771886609	1410.00285440683	1.05755684920841
20	200	0.05	0.05	1550.18152755499	0.94914321757851	1418.55035844445	1.05891613096069
20	200	0.05	0.05	1550.98368349671	0.950120371986167	1422.16701644659	1.06105444696163
20	200	0.05	0.05	1549.63976329565	0.949022492979151	1417.77587121725	1.06142235867207
20	200	0.05	0.05	1546.15568006039	0.952184765670005	1429.89578086138	1.06188310162542
20	200	0.05	0.05	1555.25498518348	0.951002138747512	1425.63989853859	1.06320737582288
20	200	0.05	0.05	1536.99778914452	0.950301662882045	1407.25077745318	1.06120769082276
20	200	0.05	0.05	1533.14112275839	0.951070123887683	1415.82961776853	1.06258329128146
20	200	0.05	0.05	1539.05005970597	0.949126437617946	1400.21718278527	1.05924608449735
20	200	0.1	0.05	1205.22391736507	0.949835595610723	1114.95673266053	1.04763213615698
20	200	0.1	0.05	1209.99316763878	0.950088453784457	1138.42658561468	1.05386866609383
20	200	0.1	0.05	1195.76543593407	0.955720469733059	1136.50113448501	1.0538310954188
20	200	0.1	0.05	1208.59691905975	0.950600264430923	1140.33651405573	1.0548176055832
20	200	0.1	0.05	1205.87229925394	0.947269846278298	1129.11214691401	1.05230043114887
20	200	0.1	0.05	1169.69012582302	0.956331334688195	1130.80278122425	1.05480091493709
20	200	0.1	0.05	1172.2328915	0.947461900333673	1135.10461381078	1.05390209475623
20	200	0.1	0.05	1174.52058070898	0.950410485918276	1120.94578161836	1.05041147154021
20	200	0.1	0.05	1211.37651452422	0.948872982530597	1124.08145973086	1.05038652013513
20	200	0.1	0.05	1188.08863922954	0.956348840990167	1127.12563699484	1.0542779461191
20	200	0.1	0.05	1201.2863162756	0.953723251355396	1133.77122092247	1.05383228019693
20	200	0.1	0.05	1192.56459152699	0.955501421681381	1130.27031874657	1.05270235203946
20	200	0.1	0.05	1177.35090437531	0.950412726937545	1134.77171590924	1.05382688073454
20	200	0.1	0.05	1194.60018146038	0.950001550449044	1135.63011392951	1.05654593823009
20	200	0.1	0.05	1181.12255832553	0.948550421996389	1136.58870238066	1.05469329245612
20	200	0.1	0.05	1200.57607379556	0.952599543259083	1135.5031619668	1.05577911200547
20	200	0.1	0.05	1167.62307986617	0.948313791465497	1132.18159380555	1.0580574499457
20	200	0.1	0.05	1187.88076448441	0.948803843118605	1148.55839911103	1.05724199348588
20	200	0.1	0.05	1199.78401434422	0.950600264430923	1115.1456181109	1.04935828505319
20	200	0.1	0.05	1194.79271090031	0.957226361141557	1117.78942239285	1.04918679322901
20	200	0.1	0.01	48.1019142568111	0.991744791555571	44.5772962868214	1.01094601530231
20	200	0.1	0.01	59.1904009580612	0.991408420179251	61.7201279103756	1.0127240174243
20	200	0.1	0.01	58.4465411305428	0.993436625539117	58.2200469076633	1.01399338553748
20	200	0.1	0.01	58.943909496069	0.993142309411174	53.5579066872597	1.01580582930812
20	200	0.1	0.01	61.5381206274033	0.992430628632733	59.6112654209137	1.0145324403607
20	200	0.1	0.01	59.7775104641914	0.991652965869018	61.0605426132679	1.01172337778571
20	200	0.1	0.01	60.7908498644829	0.992101634951525	61.2298105955124	1.01220934656385
20	200	0.1	0.01	60.8017595410347	0.99300409590663	63.6923185288906	1.01307902049985
20	200	0.1	0.01	28.7656179070473	0.995908493700497	56.661822617054	1.0158333257401
20	200	0.1	0.01	58.580488294363	0.992819002372151	59.1318121850491	1.01248870803708
20	200	0.1	0.01	65.5762631297112	0.992737848788958	58.562296807766	1.01537094877302
20	200	0.1	0.01	55.4985101222992	0.990953860333121	62.8289892077446	1.01251732455103
20	200	0.1	0.01	58.956724613905	0.994038752572909	59.8214856684208	1.0146741217935
20	200	0.1	0.01	56.9181123971939	0.995007556252541	56.6605625450611	1.00924834535984
20	200	0.1	0.01	31.8380497097969	0.992678520171911	63.3002047538757	1.01248184242768
20	200	0.1	0.01	26.8664181232452	0.996621642204622	56.7373657822609	1.01575026918001
20	200	0.1	0.01	59.5319479107857	0.991833361244167	55.5744609236717	1.0157997279941
20	200	0.1	0.01	63.118421882391	0.992350059817865	60.2754971086979	1.01097367925833
20	200	0.1	0.01	59.8371556401253	0.992312332349157	59.1596661508083	1.01021676932841
20	200	0.1	0.01	53.5081486403942	0.994994593582393	61.5810547173023	1.01272912164635
20	100	0.05	0.05	637.088646739721	0.951762449068168	623.205500036478	1.07363662179626
20	100	0.05	0.05	620.48857524991	0.95927793072265	621.757769435644	1.07376964013956
20	100	0.05	0.05	629.050498753786	0.958079425173737	616.199445575476	1.07325667754343
20	100	0.05	0.05	636.815618157387	0.949083446178786	577.951050907373	1.07802455318727
20	100	0.05	0.05	632.521188139915	0.950840320545311	614.864360570908	1.0716081841259
20	100	0.05	0.05	640.441303014755	0.951033293044887	621.352753400803	1.07418398931575
20	100	0.05	0.05	625.404106259346	0.952138331265856	578.387500375509	1.07802455318727
20	100	0.05	0.05	628.630098223686	0.953999789614596	608.764657229185	1.06931071167165
20	100	0.05	0.05	627.01250654459	0.955427985465489	619.054884433746	1.07530475772309
20	100	0.05	0.05	642.310762912035	0.952267761734664	620.281157106161	1.07253412006555
20	100	0.05	0.05	641.986509203911	0.950609397553742	628.124603509903	1.07553067715224
20	100	0.05	0.05	631.0851341784	0.955577089501653	620.229365825653	1.07166809149197
20	100	0.05	0.05	640.432566106319	0.944784092370354	625.988925546408	1.07600410803632
20	100	0.05	0.05	643.577181696892	0.951281714800747	628.078396826982	1.07577462525425
20	100	0.05	0.05	618.704992681742	0.955017110012903	621.083791464567	1.07226720408247
20	100	0.05	0.05	641.31903424859	0.946290069461173	622.120169460773	1.07475729218365
20	100	0.05	0.05	641.786123096943	0.950125097761223	616.953830033541	1.06923070187029
20	100	0.05	0.05	640.772060930729	0.948995392920053	615.582108646631	1.06905016732301
20	100	0.05	0.05	635.055032640696	0.951694482680662	619.027906447649	1.07531099309935
20	100	0.05	0.05	640.774221748114	0.948772567259426	622.088627666235	1.07838222096919
20	100	0.2	0.005	0.257155805826187	1.00191118077737	-4.93066412210464	0.991200780218943
20	100	0.2	0.005	-0.852497428655624	0.998981825829342	-7.65821644663811	1.00941172509435
20	100	0.2	0.005	-0.0527477860450745	1.00254187307691	0.383341014385223	0.998409466835572
20	100	0.2	0.005	0.359416902065277	1.00080444833522	0.275711357593536	0.996992670470347
20	100	0.2	0.005	-0.496360868215561	1.00341877551945	-0.828271299600601	1.0014136104059
20	100	0.2	0.005	-1.97382864356041	1.00220946282802	0.2535440325737	0.999251841338384
20	100	0.2	0.005	-0.0144710540771484	1.00106310965067	-3.49987027049065	1.00625655311002
20	100	0.2	0.005	-9.55253300070763	0.995286161596527	0.206179708242416	0.998993392388783
20	100	0.2	0.005	-1.82469764351845	0.998049268712857	-7.30132499337196	0.988383379001332
20	100	0.2	0.005	-0.169550567865372	0.997842513277917	0.198455601930618	1.00093166687907
20	100	0.2	0.005	-1.91644442081451	1.00198345237676	0.104572862386703	1.00222182533278
20	100	0.2	0.005	0.66318753361702	1.00173677112782	-5.00824588537216	1.00496807692616
20	100	0.2	0.005	-11.381592810154	0.994427759850244	0.488145142793655	0.998918057391568
20	100	0.2	0.005	0.135057091712952	1.00270552788243	-21.8831537663937	1.01193811983699
20	100	0.2	0.005	-1.39853611588478	0.998097306041257	2.1272796690464	0.995990397845676
20	100	0.2	0.005	-1.27203390002251	0.998709748834029	-7.48579686880112	1.0063673260348
20	100	0.2	0.005	0.211214393377304	1.00274644168656	0.34683096408844	0.996676066781176
20	100	0.2	0.005	0.0977258682250977	1.00119806893117	-0.944812297821045	0.9963560202904
20	100	0.2	0.005	0.210924088954926	1.00174671830182	-2.0478176176548	1.0039455191445
20	100	0.2	0.005	-4.10793051123619	1.00609315919388	0.346911698579788	0.996146677466142
20	100	0.5	0.02	37.8866635262966	0.973185826905279	46.2712098956108	1.02004593918244
20	100	0.5	0.02	40.1309923231602	0.979030793146906	55.6335499584675	1.01821516932491
20	100	0.5	0.02	57.5831879377365	0.97299289572112	55.7193644344807	1.02120921054183
20	100	0.5	0.02	40.122898966074	0.978332848958367	57.2134833335876	1.0220707237273
20	100	0.5	0.02	56.9301260113716	0.97175664886629	55.6585418879986	1.01902665924403
20	100	0.5	0.02	54.9839708209038	0.967287814661747	56.2843502163887	1.02142204793584
20	100	0.5	0.02	57.0431752204895	0.969786000206068	56.5440964102745	1.01992948049933
20	100	0.5	0.02	55.7203051149845	0.977141560817565	46.3558126091957	1.03107605833092
20	100	0.5	0.02	39.7457765042782	0.97853399849653	56.6030955314636	1.02130786920605
20	100	0.5	0.02	56.9392163157463	0.970155266138137	47.4588564038277	1.01223054280254
20	100	0.5	0.02	57.9116067886353	0.97318244393621	57.0279467105865	1.02150225443763
20	100	0.5	0.02	51.8479892909527	0.973096090100525	56.3229338228703	1.02016981065443
20	100	0.5	0.02	39.895731151104	0.979288173636296	55.3346920013428	1.02535602897684
20	100	0.5	0.02	39.2525056600571	0.968278242034498	56.3043576180935	1.02153845587239
20	100	0.5	0.02	57.3925922513008	0.972615297740074	53.731105953455	1.0277526739595
20	100	0.5	0.02	38.6628382205963	0.982370694311471	48.4931883215904	1.01278844672332
20	100	0.5	0.02	53.648375838995	0.96779945724738	50.9733425974846	1.02168307813922
20	100	0.5	0.02	56.5965683460236	0.971455319813691	54.6223136782646	1.01642790606509
20	100	0.5	0.02	55.0447636842728	0.967557401045398	56.1173192858696	1.02081278651205
20	100	0.5	0.02	54.1554092764854	0.968931325478666	56.9703075885773	1.0194747963798
20	100	0.2	0.02	132.089944571257	0.980141349277489	128.641765832901	1.03293049362377
20	100	0.2	0.02	133.635444402695	0.974322836786366	136.858763277531	1.03181022325904
20	100	0.2	0.02	131.840126186609	0.978983780637348	135.695890635252	1.03096710780329
20	100	0.2	0.02	131.915173768997	0.975444294592473	126.160261958838	1.02921273023599
20	100	0.2	0.02	131.716313898563	0.98139721988769	97.9627151489258	1.01905487697023
20	100	0.2	0.02	135.748305231333	0.974852851229763	122.368004560471	1.0361044641229
20	100	0.2	0.02	115.441796928644	0.979020471842275	111.456066012383	1.02583728106704
20	100	0.2	0.02	115.653240561485	0.979965825085748	127.472482770681	1.02698616675951
20	100	0.2	0.02	134.963799208403	0.976195033518185	108.519074976444	1.03111579941018
20	100	0.2	0.02	131.319358050823	0.979813853335091	113.011171638966	1.03268677758365
20	100	0.2	0.02	135.478492796421	0.974587015721997	131.798395186663	1.0289733552218
20	100	0.2	0.02	118.642154276371	0.976789805438558	131.619702875614	1.03052465017172
20	100	0.2	0.02	110.036400675774	0.977842181858898	131.151892989874	1.02983748165353
20	100	0.2	0.02	130.191962748766	0.975597336334414	133.88845255971	1.03025001412944
20	100	0.2	0.02	116.50197416544	0.978835308215697	135.133674949408	1.02897940164045
20	100	0.2	0.02	131.763537585735	0.973808278654866	122.951705932617	1.02711951893581
20	100	0.2	0.02	125.646980941296	0.97037822433311	126.032107651234	1.03013240482661
20	100	0.2	0.02	131.193909466267	0.982197661918149	128.249498039484	1.03443167484479
20	100	0.2	0.02	132.409133791924	0.974477385371871	108.837236344814	1.02732299959707
20	100	0.2	0.02	133.124126106501	0.975257038339279	121.999793887138	1.02205301722331
20	100	0.2	0.01	2.02704426646233	0.998720122576088	0.693208307027817	1.00064216159658
20	100	0.2	0.01	2.63880014419556	0.997185676237431	5.89930811524391	1.00375538795649
20	100	0.2	0.01	-1.65111172199249	1.00083493649054	4.14028760790825	1.0063124547203
20	100	0.2	0.01	8.05657252669334	0.993433417222793	2.6977878510952	1.00516765522703
20	100	0.2	0.01	-3.36245849728584	1.00141053749311	3.59938970208168	1.00683550413181
20	100	0.2	0.01	2.52329871058464	0.994456034577604	3.50819677114487	1.0055439654224
20	100	0.2	0.01	-0.967902034521103	1.0005176951022	2.24689289927483	1.00622309883517
20	100	0.2	0.01	6.82915696501732	0.997199319429221	4.77003574371338	1.00733630388398
20	100	0.2	0.01	4.84943962097168	0.996514033284059	-9.04735180735588	0.994306733636841
20	100	0.2	0.01	1.00203737616539	0.992376635617564	3.14954671263695	1.00459368191673
20	100	0.2	0.01	3.49859526753426	0.998111384223906	3.83396679162979	1.00305662432703
20	100	0.2	0.01	5.35506111383438	0.997862011064958	6.49351990222931	1.0130588450457
20	100	0.2	0.01	2.1836521923542	0.995873875763561	1.22256737947464	1.00132180002965
20	100	0.2	0.01	1.85935467481613	0.995188570888334	2.71773365139961	1.00549283017955
20	100	0.2	0.01	-2.9531018435955	0.990872393264765	2.84314382076263	1.01026247502898
20	100	0.2	0.01	1.59794414043427	0.995508213172014	2.49680823087692	1.00206278017706
20	100	0.2	0.01	4.2560947239399	0.994935063472949	-5.55101105570793	0.996211271182954
20	100	0.2	0.01	0.133933305740356	0.9999467591434	7.85426312685013	1.01076642465102
20	100	0.2	0.01	-1.26918217539787	1.0004071021387	2.48798909783363	1.00500829671315
20	100	0.2	0.01	3.81441977620125	0.994267357740928	3.47873535752296	1.00673533634879
20	100	0.05	0.02	93.9767438173294	0.976497956675217	97.0734097957611	1.04033023447046
20	100	0.05	0.02	78.0805506408215	0.981068962133905	77.052983045578	1.03421119061856
20	100	0.05	0.02	91.7330891489983	0.985337256122255	76.2902418375015	1.03751674226381
20	100	0.05	0.02	76.9071033895016	0.978911401570564	80.1622245013714	1.03823229783308
20	100	0.05	0.02	95.3718030154705	0.979846062431705	94.7106659412384	1.03564287309794
20	100	0.05	0.02	98.0719734430313	0.980725919609849	76.1897643208504	1.03875295457731
20	100	0.05	0.02	91.8664799332619	0.978690269285401	92.9215033948421	1.0368424548223
20	100	0.05	0.02	78.5374175310135	0.981206417757334	76.1198561787605	1.03198093810447
20	100	0.05	0.02	77.0854286849499	0.980927625127714	91.0368773937225	1.02993771692765
20	100	0.05	0.02	57.0852969586849	0.971655184671959	77.9849060475826	1.0328058023079
20	100	0.05	0.02	95.0340621769428	0.978243022457632	74.0706966817379	1.02973537890084
20	100	0.05	0.02	75.3495356738567	0.981927547614384	94.2655727565289	1.03564287309794
20	100	0.05	0.02	70.3499629795551	0.985484731060083	76.8452778756618	1.03349287188165
20	100	0.05	0.02	76.0180137753487	0.977409990324612	96.6191370785236	1.0374961925028
20	100	0.05	0.02	78.518896728754	0.981122340074708	87.1803152263165	1.0281526522114
20	100	0.05	0.02	76.1160662472248	0.982735532472246	78.9022515416145	1.03022142572313
20	100	0.05	0.02	78.8046963214874	0.978365996515975	95.8782193660736	1.04175121940811
20	100	0.05	0.02	93.3941383063793	0.979627457490405	93.0507986545563	1.0365990398177
20	100	0.05	0.02	79.2831934392452	0.980718647935288	92.2008010447025	1.04341357946152
20	100	0.05	0.02	95.6433361470699	0.980406787737771	76.9149664342403	1.03022718524435
20	200	0.5	0.05	303.22665989399	0.965093623968515	291.994503766298	1.03048553966779
20	200	0.5	0.05	311.061868846416	0.955947259924107	282.479089170694	1.02595394833693
20	200	0.5	0.05	307.072509974241	0.947193436107827	265.444983243942	1.02383622815634
20	200	0.5	0.05	303.823895782232	0.964453425246041	264.893065333366	1.02060427854421
20	200	0.5	0.05	312.468023300171	0.954718910433629	277.10248503089	1.02460154454933
20	200	0.5	0.05	309.556456238031	0.957361356068091	266.598353981972	1.0239800312367
20	200	0.5	0.05	311.869004815817	0.956905260487763	270.723959684372	1.02274841717833
20	200	0.5	0.05	302.637510299683	0.962238683001935	274.640381246805	1.02297971734635
20	200	0.5	0.05	306.539455831051	0.955873526617182	287.025713920593	1.02935860152119
20	200	0.5	0.05	313.382680684328	0.957448778174453	265.962114900351	1.02829544523204
20	200	0.5	0.05	310.268094867468	0.955677347527605	269.4872815907	1.02077770921338
20	200	0.5	0.05	297.453994870186	0.963327450148625	276.125328183174	1.02394579535039
20	200	0.5	0.05	309.302864044905	0.949898369798614	271.882863789797	1.02827475957356
20	200	0.5	0.05	311.12807866931	0.950978437067105	280.67442625761	1.02759714032513
20	200	0.5	0.05	301.375484853983	0.960694170594855	272.119364649057	1.02169928762116
20	200	0.5	0.05	308.367641478777	0.953664053989591	272.846170395613	1.0249203580178
20	200	0.5	0.05	299.81920093298	0.963670579900685	268.212069928646	1.02354571761863
20	200	0.5	0.05	310.981060415506	0.949303267325666	273.803849995136	1.02419843812911
20	200	0.5	0.05	316.392869979143	0.952980073861609	271.854972720146	1.02712717006043
20	200	0.5	0.05	314.037690490484	0.955477843272471	274.243719279766	1.02678933029314
20	100	0.1	0.005	1.91378870606422	0.998745712390998	5.08295676112175	1.00947573822611
20	100	0.1	0.005	4.01232677698135	0.996663647251932	4.92872008681297	1.0053823311091
20	100	0.1	0.005	6.88541284203529	0.994578782191617	4.04101434350014	1.00556014698559
20	100	0.1	0.005	3.69394126534462	0.996989651586503	1.64765346050262	1.00182370239567
20	100	0.1	0.005	0.0154674351215363	0.999992261202306	5.24059519171715	1.01397991053983
20	100	0.1	0.005	4.94118013978004	0.997559126810767	3.40190821886063	1.01775179452954
20	100	0.1	0.005	5.98415359854698	0.993207345671391	4.40715739130974	1.00961319313475
20	100	0.1	0.005	3.69843807816505	0.997329879084064	2.86969807744026	1.0033147578311
20	100	0.1	0.005	4.90573689341545	0.993746398849967	5.92585271596909	1.01084674371005
20	100	0.1	0.005	4.62399545311928	0.995165098299523	4.52738443017006	1.00705184964547
20	100	0.1	0.005	3.26185938715935	0.995044997745838	2.56579929590225	1.01073821035721
20	100	0.1	0.005	6.38418433070183	0.994397940688745	4.53883066773415	1.01398432393755
20	100	0.1	0.005	2.17988109588623	0.99811764172351	1.0314998626709	1.01601316203173
20	100	0.1	0.005	2.02682349085808	0.998745712390998	4.19074565172195	1.00733307022302
20	100	0.1	0.005	4.33374840021133	0.994802336718024	3.32265937328339	1.01154276781319
20	100	0.1	0.005	3.77041980624199	0.997155716899321	3.54786306619644	1.01001586601911
20	100	0.1	0.005	6.32390782237053	0.99496910934406	1.69995468854904	1.00186962816595
20	100	0.1	0.005	3.29012221097946	0.997345891649308	0.214606136083603	1.00027723558206
20	100	0.1	0.005	1.21361842751503	0.99928552669143	3.35238361358643	1.01056321952498
20	100	0.1	0.005	5.65327373147011	0.993670135000358	1.67700418829918	1.00161677314826
20	200	0.05	0.02	291.152134239674	0.986932854811563	304.977917253971	1.02791984099557
20	200	0.05	0.02	310.658917427063	0.983254016127868	292.510190963745	1.02658862825746
20	200	0.05	0.02	309.696216613054	0.982880984501183	296.293330967426	1.02672568489817
20	200	0.05	0.02	296.557123959064	0.984772291299591	311.680397421122	1.02970007318698
20	200	0.05	0.02	303.300213783979	0.983587106894357	295.115829229355	1.02654792045291
20	200	0.05	0.02	300.977857649326	0.983462008625457	308.296583473682	1.03094860973755
20	200	0.05	0.02	312.734155386686	0.983643129212631	306.201784640551	1.02517793643775
20	200	0.05	0.02	294.398892045021	0.984360236626889	293.81413012743	1.02555217110089
20	200	0.05	0.02	297.840413600206	0.981551669574983	315.131879895926	1.02754182653629
20	200	0.05	0.02	300.674501627684	0.981116684238381	307.694389492273	1.02774334036257
20	200	0.05	0.02	292.694164693356	0.980140218113208	295.39791727066	1.02958901752689
20	200	0.05	0.02	303.545084953308	0.986214840767218	297.198578029871	1.03086357758292
20	200	0.05	0.02	310.181244373322	0.984328193983402	305.31546959281	1.02817171433663
20	200	0.05	0.02	288.394384741783	0.983103714189403	308.412350773811	1.03006997058258
20	200	0.05	0.02	294.684036612511	0.982767486488088	314.95855230093	1.02761017617043
20	200	0.05	0.02	318.560408949852	0.983408971472481	299.637107074261	1.02661531735094
20	200	0.05	0.02	311.212850689888	0.983378649243179	306.706383109093	1.02964312956649
20	200	0.05	0.02	292.912785053253	0.985822829091543	297.993667334318	1.02622932510392
20	200	0.05	0.02	305.664319455624	0.981946572110809	309.3794927001	1.02649979821876
20	200	0.05	0.02	309.896811723709	0.983156031878191	312.0917057693	1.02698215764479
20	200	0.2	0.02	259.556715905666	0.980617676721027	263.205552697182	1.02282877266847
20	200	0.2	0.02	265.675493001938	0.982623099560822	265.555253088474	1.02540229587895
20	200	0.2	0.02	254.930661857128	0.982216398870255	264.971912205219	1.02045442152513
20	200	0.2	0.02	263.40198636055	0.981660064732388	267.122782200575	1.02405237400928
20	200	0.2	0.02	254.479400187731	0.978423516581403	272.775266677141	1.02265590355875
20	200	0.2	0.02	267.527288258076	0.98330356061652	269.581854909658	1.02365760211408
20	200	0.2	0.02	258.304112672806	0.982205813047963	264.339043259621	1.02299906929643
20	200	0.2	0.02	247.674830108881	0.981966861064796	268.353676795959	1.02368291689469
20	200	0.2	0.02	252.740534037352	0.978538885232761	263.494109481573	1.02144890110396
20	200	0.2	0.02	251.167384266853	0.984698498633029	266.777680784464	1.02099201222261
20	200	0.2	0.02	231.020070374012	0.985108785865627	269.234853446484	1.02159111597416
20	200	0.2	0.02	246.766792446375	0.982078366885628	268.771538883448	1.02275083454016
20	200	0.2	0.02	266.671055495739	0.981037523256139	269.777817487717	1.02398978784051
20	200	0.2	0.02	264.030712902546	0.98254361189602	266.121656954288	1.0233682757957
20	200	0.2	0.02	263.48718059063	0.98117395322264	269.0789296031	1.02374851068522
20	200	0.2	0.02	227.192619413137	0.979788655128488	268.967659622431	1.02276335965537
20	200	0.2	0.02	244.427938580513	0.985864385031123	271.850789517164	1.02074148161201
20	200	0.2	0.02	259.806154727936	0.980959017621024	264.455751955509	1.02250266712485
20	200	0.2	0.02	241.063050448895	0.983046787128362	268.640412837267	1.02352708077499
20	200	0.2	0.02	268.845551282167	0.981303323061536	271.766908109188	1.02173537193497
20	100	0.05	0.005	-8.93869560956955	0.988816990889841	-2.8548446893692	0.99342197712491
20	100	0.05	0.005	-10.0086136460304	1.00938652870467	-5.30689460039139	0.989315392160989
20	100	0.05	0.005	1.25459375977516	0.997156596362696	0.0953925251960754	1.00460671479921
20	100	0.05	0.005	-1.11685773730278	1.00195883972406	0.864380389451981	1.0088701758992
20	100	0.05	0.005	0.968261450529099	0.994830127018922	1.76508396863937	1.00997375543607
20	100	0.05	0.005	-15.1788123846054	1.01135848176175	-4.67789414525032	1.01224168397445
20	100	0.05	0.005	-7.82816383242607	1.00827826486488	-2.40109631419182	0.993910877224093
20	100	0.05	0.005	-1.34364706277847	0.995079465708058	-1.98523753881454	0.994279495057389
20	100	0.05	0.005	0.831385552883148	0.995456172984497	-4.63867977261543	0.990164775788819
20	100	0.05	0.005	-0.0218696594238281	0.994737385821125	-3.45167770981789	1.01150534374262
20	100	0.05	0.005	-1.85002875328064	1.00361754057965	0.584595054388046	1.00192237435889
20	100	0.05	0.005	-0.206767559051514	1.00036683624792	-2.15662568807602	1.01042343464137
20	100	0.05	0.005	-2.35302248597145	0.9927050014661	-0.37208965420723	0.997425771293902
20	100	0.05	0.005	-1.78324764966965	0.993669872981078	-1.02961331605911	0.996697501543271
20	100	0.05	0.005	0.258265525102615	1.00198719304203	-1.90831625461578	1.00960593132751
20	100	0.05	0.005	1.08615973591805	0.997525005651777	-0.0609022080898285	1.00456270725111
20	100	0.05	0.005	-5.19168743491173	0.992346421673151	-0.630965262651443	1.0052210784018
20	100	0.05	0.005	-0.312085449695587	1.00306450021985	-5.25532004237175	0.99067025316144
20	100	0.05	0.005	-3.41217759251595	1.00450075368255	-0.843897342681885	0.996596993660954
20	100	0.05	0.005	-3.15696275234222	0.991310569166258	0.649086594581604	1.00169455940049
20	200	0.2	0.005	49.6553117930889	0.993861372782222	48.6937940716743	1.00811065026017
20	200	0.2	0.005	43.8531245291233	0.993511379009121	36.131883919239	1.0063302253006
20	200	0.2	0.005	51.1854102015495	0.993050237997037	31.2662030160427	1.00603992603532
20	200	0.2	0.005	51.1159315705299	0.992856956476452	35.4714138507843	1.00781893904082
20	200	0.2	0.005	50.2248112559319	0.992292376540142	34.2463164329529	1.00723636098901
20	200	0.2	0.005	49.5215785503387	0.994525498168635	40.4569928944111	1.00763321807265
20	200	0.2	0.005	38.4549156427383	0.993642030856281	50.1944359838963	1.00795496081196
20	200	0.2	0.005	40.2258307039738	0.992266946513633	32.9529250562191	1.0055236214473
20	200	0.2	0.005	42.8401109576225	0.994768842875285	42.3217336535454	1.0071292995977
20	200	0.2	0.005	38.0091031193733	0.995599289293503	44.0760762095451	1.00685930568162
20	200	0.2	0.005	34.1909791529179	0.995302937584929	43.1721827089787	1.00943323386697
20	200	0.2	0.005	43.5047190189362	0.995808178383303	40.4571427106857	1.007958847547
20	200	0.2	0.005	39.822485357523	0.994238849375514	33.6051521599293	1.00666426632863
20	200	0.2	0.005	49.2948109805584	0.993841847863893	32.3511229455471	1.00653504537869
20	200	0.2	0.005	42.651200324297	0.993835370398615	47.0637531578541	1.00728283517259
20	200	0.2	0.005	49.9910600781441	0.993381104328825	31.5578047633171	1.00929831916379
20	200	0.2	0.005	45.52472448349	0.994598388942942	31.139549434185	1.00982740928337
20	200	0.2	0.005	50.20960521698	0.994004394736034	43.7419112026691	1.00818092016237
20	200	0.2	0.005	45.428835272789	0.995078781296497	46.662238150835	1.0094763447597
20	200	0.2	0.005	31.25480017066	0.996028424023642	38.803789049387	1.0052215387625
20	100	0.1	0.02	87.1801364123821	0.984056766864843	88.0313803553581	1.02631726972909
20	100	0.1	0.02	83.4536826014519	0.985858514566047	68.1434515714645	1.01684003406154
20	100	0.1	0.02	88.4188080132008	0.984356206709752	88.0295475125313	1.02855215510805
20	100	0.1	0.02	81.7940923571587	0.983242254530401	86.45811393857	1.02725649839996
20	100	0.1	0.02	89.5536848604679	0.983759593019451	78.9797628521919	1.02514891062819
20	100	0.1	0.02	83.9257282912731	0.985635060022266	81.3593608438969	1.02734552552393
20	100	0.1	0.02	83.099104642868	0.97873307013599	81.1411416828632	1.02285410012909
20	100	0.1	0.02	90.7200129032135	0.981603581926744	79.8333833217621	1.02514891062533
20	100	0.1	0.02	86.6834157109261	0.979622089119964	86.9042313396931	1.02832937972456
20	100	0.1	0.02	88.5114674270153	0.983832475259332	88.4349217414856	1.02678178280468
20	100	0.1	0.02	86.1567444503307	0.985575505560978	79.7968831658363	1.03002742179294
20	100	0.1	0.02	77.746509552002	0.988241106341999	81.0202137231827	1.02827090060037
20	100	0.1	0.02	78.0265064835548	0.987103163980801	75.6150414943695	1.02234474249905
20	100	0.1	0.02	84.4238617122173	0.985850674003679	58.5283598899841	1.02156080464596
20	100	0.1	0.02	84.7606858313084	0.978059932644174	87.2891804873943	1.0261560921253
20	100	0.1	0.02	81.1600438058376	0.984444593160245	79.0085462331772	1.02486565577658
20	100	0.1	0.02	58.3799564540386	0.980600502990733	79.7198593020439	1.02514863885844
20	100	0.1	0.02	87.4995849728584	0.98141967625461	71.105564892292	1.01789402551032
20	100	0.1	0.02	81.5210336744785	0.97918181717506	82.128138333559	1.02290452244172
20	100	0.1	0.02	77.3555979132652	0.978196158132084	57.0293315947056	1.02507055545055
