count	gens	m	gen_miss	lnl0	sel0	lnl1	sel1
20	1000	0.5	50	61.1268	1.03016	80.503	1.0358
20	1000	0.5	50	66.8162	1.02574	85.5575	1.02937
20	1000	0.5	50	73.7009	1.02091	86.2583	1.03117
20	1000	0.5	50	75.092	1.02774	93.6999	1.02942
20	1000	0.5	50	61.0758	1.01905	40.0927	1.0101
20	1000	0.5	50	62.4466	1.01692	85.8769	1.03056
20	1000	0.5	50	63.5746	1.01835	84.2816	1.02442
20	1000	0.5	50	65.2186	1.02744	0.0	1.0
20	1000	0.5	50	67.559	1.02417	80.6918	1.0272
20	1000	0.5	50	65.3859	1.02897	93.0552	1.02663
20	1000	0.5	50	50.178	1.01324	78.17	1.02239
20	1000	0.5	50	61.2938	1.01881	90.3284	1.02504
20	1000	0.5	50	66.6073	1.02059	85.8251	1.02737
20	1000	0.5	50	50.1297	1.01204	86.4383	1.02825
20	1000	0.5	50	65.307	1.029	81.6448	1.01941
20	1000	0.5	50	66.0981	1.02755	85.5735	1.02943
20	1000	0.5	50	71.4508	1.02608	84.4499	1.02939
20	1000	0.5	50	17.4998	1.006	84.5056	1.02583
20	1000	0.5	50	65.9809	1.02685	49.872	1.01176
20	1000	0.5	50	66.2528	1.03356	84.7297	1.02642
20	100	0.5	200	705.746	1.03617	863.6	1.05138
20	100	0.5	200	572.681	1.02799	912.783	1.05952
20	100	0.5	200	531.412	1.02298	895.06	1.05602
20	100	0.5	200	699.138	1.03528	340.362	1.0188
20	100	0.5	200	567.597	1.02475	756.588	1.04356
20	100	0.5	200	654.596	1.03017	796.852	1.04346
20	100	0.5	200	711.266	1.03701	851.381	1.04979
20	100	0.5	200	588.049	1.02658	850.199	1.04921
20	100	0.5	200	583.259	1.0264	850.01	1.04963
20	100	0.5	200	607.917	1.02867	870.214	1.05263
20	100	0.5	200	695.781	1.03531	912.885	1.05976
20	100	0.5	200	546.122	1.02356	826.646	1.04631
20	100	0.5	200	593.608	1.0272	820.247	1.04633
20	100	0.5	200	727.327	1.0388	879.085	1.05374
20	100	0.5	200	610.617	1.02635	903.734	1.05847
20	100	0.5	200	550.349	1.023	309.767	1.01562
20	100	0.5	200	696.053	1.03474	781.371	1.04149
20	100	0.5	200	720.804	1.0391	917.083	1.06091
20	100	0.5	200	590.032	1.02696	908.653	1.05825
20	100	0.5	200	546.429	1.02293	341.716	1.0188
20	100	0.1	200	350.686	0.977733	303.41	0.976033
20	100	0.1	200	305.684	0.986836	276.946	0.973943
20	100	0.1	200	330.898	0.98217	314.352	0.973948
20	100	0.1	200	341.258	0.982062	313.219	0.972575
20	100	0.1	200	340.631	0.980511	313.247	0.973378
20	100	0.1	200	344.697	0.978135	324.91	0.974161
20	100	0.1	200	345.816	0.981999	290.048	0.97988
20	100	0.1	200	337.403	0.98186	302.385	0.976033
20	100	0.1	200	346.577	0.97864	314.001	0.97479
20	100	0.1	200	333.462	0.983295	317.548	0.975235
20	100	0.1	200	338.981	0.981905	316.875	0.977329
20	100	0.1	200	351.462	0.979852	307.768	0.977079
20	100	0.1	200	344.691	0.981854	269.22	0.973943
20	100	0.1	200	343.012	0.977342	317.274	0.976636
20	100	0.1	200	341.14	0.974927	315.178	0.975777
20	100	0.1	200	316.521	0.984544	310.909	0.975695
20	100	0.1	200	347.414	0.980141	273.357	0.973943
20	100	0.1	200	339.337	0.982751	301.028	0.977289
20	100	0.1	200	329.907	0.979448	300.083	0.976077
20	100	0.1	200	325.591	0.984621	299.664	0.975059
20	1000	0.5	200	460.612	1.01743	532.693	1.03248
20	1000	0.5	200	450.994	1.01802	508.124	1.02604
20	1000	0.5	200	437.701	1.01683	538.34	1.02806
20	1000	0.5	200	463.457	1.01964	516.184	1.02793
20	1000	0.5	200	447.614	1.01767	547.774	1.02973
20	1000	0.5	200	372.639	1.01503	523.425	1.02793
20	1000	0.5	200	450.908	1.01862	508.595	1.02678
20	1000	0.5	200	464.831	1.01979	536.458	1.02678
20	1000	0.5	200	482.905	1.01966	516.398	1.02636
20	1000	0.5	200	468.695	1.01955	544.802	1.02901
20	1000	0.5	200	455.8	1.01808	533.082	1.02679
20	1000	0.5	200	447.048	1.01727	541.243	1.03869
20	1000	0.5	200	370.924	1.01506	556.357	1.03123
20	1000	0.5	200	501.714	1.02354	540.782	1.02915
20	1000	0.5	200	437.174	1.01713	532.933	1.02799
20	1000	0.5	200	451.685	1.02038	494.778	1.0234
20	1000	0.5	200	443.613	1.01795	541.449	1.02774
20	1000	0.5	200	442.914	1.01729	510.245	1.02363
20	1000	0.5	200	431.356	1.01789	504.946	1.02538
20	1000	0.5	200	482.706	1.02518	507.076	1.02525
20	100	0.5	800	8844.33	1.24137	9932.96	1.51443
20	100	0.5	800	8429.3	1.23727	9981.3	1.52755
20	100	0.5	800	9886.89	1.34149	9947.59	1.51857
20	100	0.5	800	8649.33	1.23593	9952.85	1.55227
20	100	0.5	800	9874.92	1.33625	9926.78	1.50659
20	100	0.5	800	9815.08	1.33312	9068.05	1.39577
20	100	0.5	800	9854.23	1.33473	9903.43	1.50314
20	100	0.5	800	8577.29	1.22115	9952.19	1.52275
20	100	0.5	800	9792.57	1.34351	9976.95	1.55087
20	100	0.5	800	9690.67	1.34176	9729.15	1.51257
20	100	0.5	800	9801.22	1.32792	9901.09	1.50159
20	100	0.5	800	8750.99	1.23281	10166.6	1.57274
20	100	0.5	800	8654.38	1.23883	9738.19	1.51833
20	100	0.5	800	9544.52	1.30375	9246.33	1.38713
20	100	0.5	800	8643.57	1.22618	9836.49	1.49695
20	100	0.5	800	9796.55	1.33673	9850.51	1.50767
20	100	0.5	800	9698.39	1.32742	9794.03	1.52388
20	100	0.5	800	8554.88	1.24544	9803.76	1.48617
20	100	0.5	800	8653.21	1.22325	9713.4	1.46
20	100	0.5	800	9823.51	1.33164	1039.88	1.01472
20	100	0.1	800	258.165	0.992773	250.739	0.993206
20	100	0.1	800	259.252	0.993377	235.482	0.993216
20	100	0.1	800	254.445	0.993986	248.587	0.993137
20	100	0.1	800	267.83	0.993604	252.345	0.993289
20	100	0.1	800	252.812	0.994534	248.073	0.994098
20	100	0.1	800	268.368	0.994753	236.699	0.993275
20	100	0.1	800	259.837	0.993269	230.79	0.993216
20	100	0.1	800	255.006	0.992374	250.096	0.992575
20	100	0.1	800	253.45	0.994758	245.596	0.993831
20	100	0.1	800	271.696	0.993983	252.89	0.993193
20	100	0.1	800	262.435	0.994043	248.947	0.993086
20	100	0.1	800	268.961	0.993699	251.955	0.993176
20	100	0.1	800	268.68	0.993723	253.006	0.993428
20	100	0.1	800	267.235	0.993559	252.991	0.992947
20	100	0.1	800	259.566	0.992848	254.295	0.993403
20	100	0.1	800	263.457	0.995488	250.163	0.993553
20	100	0.1	800	238.711	0.994655	254.073	0.993096
20	100	0.1	800	254.527	0.994958	253.303	0.992986
20	100	0.1	800	270.077	0.994139	253.265	0.993083
20	100	0.1	800	268.018	0.994186	234.663	0.992933
20	1000	0.5	500	1656.59	1.03286	1853.4	1.053
20	1000	0.5	500	1609.33	1.03411	1846.17	1.04698
20	1000	0.5	500	1726.39	1.03856	1903.94	1.0518
20	1000	0.5	500	1634.91	1.03712	1900.23	1.05058
20	1000	0.5	500	1876.81	1.04477	1894.73	1.04843
20	1000	0.5	500	1734.45	1.04179	1870.28	1.04785
20	1000	0.5	500	1783.51	1.03879	1909.87	1.04932
20	1000	0.5	500	1768.94	1.0389	1884.94	1.04852
20	1000	0.5	500	1703.62	1.03827	1882.33	1.04945
20	1000	0.5	500	1583.06	1.03203	1803.53	1.04619
20	1000	0.5	500	1757.6	1.04596	1869.48	1.04879
20	1000	0.5	500	1563.02	1.03248	1935.46	1.06162
20	1000	0.5	500	1823.33	1.04091	1948.39	1.05354
20	1000	0.5	500	1720.15	1.03522	1835.96	1.0449
20	1000	0.5	500	1832.19	1.04186	1875.01	1.04839
20	1000	0.5	500	1812.68	1.04199	1932.18	1.05295
20	1000	0.5	500	1762.03	1.03799	1880.39	1.04852
20	1000	0.5	500	1765.04	1.03912	1932.65	1.05338
20	1000	0.5	500	1611.54	1.03056	1772.58	1.04183
20	1000	0.5	500	1761.53	1.03918	1838.61	1.057
20	1000	0.1	800	4029.95	0.962798	3446.25	0.954982
20	1000	0.1	800	3940.75	0.965223	3436.62	0.955762
20	1000	0.1	800	3961.44	0.965112	3411.96	0.956748
20	1000	0.1	800	4067.71	0.960738	3435.45	0.955703
20	1000	0.1	800	3996.87	0.963307	3363.45	0.958324
20	1000	0.1	800	3944.0	0.965316	3496.95	0.952972
20	1000	0.1	800	3936.95	0.965164	3368.01	0.95745
20	1000	0.1	800	3970.49	0.964485	3365.95	0.957934
20	1000	0.1	800	4003.85	0.963596	3468.54	0.954524
20	1000	0.1	800	4028.49	0.962145	3445.94	0.954813
20	1000	0.1	800	3982.91	0.965316	3450.23	0.956413
20	1000	0.1	800	3942.38	0.965154	3428.79	0.955224
20	1000	0.1	800	3984.5	0.963729	3494.69	0.951715
20	1000	0.1	800	3985.09	0.964547	3481.36	0.954524
20	1000	0.1	800	3966.08	0.964622	3406.71	0.956748
20	1000	0.1	800	4050.82	0.962644	3491.76	0.953609
20	1000	0.1	800	3932.93	0.96521	3415.35	0.955907
20	1000	0.1	800	3924.72	0.965316	2042.37	0.986524
20	1000	0.1	800	4020.79	0.962314	3409.04	0.956748
20	1000	0.1	800	3958.48	0.964547	3436.57	0.955257
20	1000	0.1	200	5622.25	0.923523	4513.39	0.92092
20	1000	0.1	200	5438.59	0.929263	4696.54	0.913056
20	1000	0.1	200	5580.19	0.924842	4497.85	0.920952
20	1000	0.1	200	5522.49	0.925891	4486.68	0.920702
20	1000	0.1	200	5474.35	0.927752	4616.11	0.916027
20	1000	0.1	200	5490.01	0.927867	4619.86	0.916557
20	1000	0.1	200	5416.87	0.928805	4578.14	0.916468
20	1000	0.1	200	5649.93	0.922888	4524.14	0.920468
20	1000	0.1	200	5654.14	0.921547	4490.06	0.921112
20	1000	0.1	200	5364.83	0.931135	4667.26	0.913671
20	1000	0.1	200	5611.77	0.923625	4638.03	0.915678
20	1000	0.1	200	5588.0	0.923239	4529.35	0.918813
20	1000	0.1	200	5548.18	0.925541	4571.79	0.917743
20	1000	0.1	200	5278.77	0.934301	4716.72	0.912084
20	1000	0.1	200	5564.76	0.924918	4589.92	0.917043
20	1000	0.1	200	5361.57	0.931251	4525.84	0.919248
20	1000	0.1	200	5432.2	0.928477	4610.19	0.915565
20	1000	0.1	200	5476.91	0.927081	4469.68	0.920862
20	1000	0.1	200	5400.82	0.92972	4603.65	0.916104
20	1000	0.1	200	5567.55	0.924069	4437.62	0.922812
20	100	0.5	500	5161.82	1.21829	5081.62	1.30061
20	100	0.5	500	5097.41	1.20769	5240.84	1.30233
20	100	0.5	500	4639.62	1.16471	638.72	1.01284
20	100	0.5	500	5184.53	1.2376	5058.26	1.27317
20	100	0.5	500	4855.61	1.1835	4847.41	1.23976
20	100	0.5	500	4863.2	1.18286	5121.1	1.31128
20	100	0.5	500	5219.2	1.22121	5204.66	1.29604
20	100	0.5	500	5247.15	1.2427	5138.16	1.3087
20	100	0.5	500	4933.3	1.19364	4824.81	1.24014
20	100	0.5	500	4884.99	1.2215	4969.77	1.31029
20	100	0.5	500	5192.74	1.21735	5064.64	1.31963
20	100	0.5	500	4864.53	1.18394	5118.59	1.27973
20	100	0.5	500	5434.29	1.2771	5175.65	1.32413
20	100	0.5	500	4958.48	1.19696	5000.62	1.31599
20	100	0.5	500	5001.56	1.19672	4974.84	1.25695
20	100	0.5	500	5086.6	1.20612	5016.2	1.26352
20	100	0.5	500	5246.89	1.22595	4991.38	1.26121
20	100	0.5	500	5069.32	1.20525	4784.63	1.25427
20	100	0.5	500	5090.5	1.20761	5267.46	1.30755
20	100	0.5	500	4742.65	1.19171	3714.48	1.13271
20	1000	0.1	500	4439.13	0.952879	3734.65	0.9438
20	1000	0.1	500	4325.22	0.955745	3689.57	0.944987
20	1000	0.1	500	4337.47	0.955571	3772.8	0.941162
20	1000	0.1	500	4382.06	0.95436	3737.85	0.942976
20	1000	0.1	500	4438.07	0.953173	3727.78	0.943941
20	1000	0.1	500	4334.81	0.955768	3717.01	0.944332
20	1000	0.1	500	4426.98	0.952665	3745.23	0.943365
20	1000	0.1	500	4416.82	0.952971	3774.19	0.941462
20	1000	0.1	500	4376.55	0.954622	3754.14	0.943058
20	1000	0.1	500	4378.39	0.954403	3653.43	0.94612
20	1000	0.1	500	4438.33	0.952922	3789.49	0.941623
20	1000	0.1	500	4403.15	0.954487	3380.04	0.956748
20	1000	0.1	500	4303.01	0.95656	3735.73	0.943352
20	1000	0.1	500	4326.44	0.956028	3701.48	0.944987
20	1000	0.1	500	4364.85	0.955005	3731.4	0.943632
20	1000	0.1	500	4313.06	0.956041	3729.11	0.943365
20	1000	0.1	500	4340.53	0.956887	3101.3	0.96011
20	1000	0.1	500	4440.48	0.952831	3819.4	0.939976
20	1000	0.1	500	4340.27	0.956632	3688.88	0.946044
20	1000	0.1	500	4348.87	0.955828	3570.03	0.950116
20	100	0.5	50	113.33	1.02967	219.398	1.06325
20	100	0.5	50	93.8613	1.02345	77.9785	1.0188
20	100	0.5	50	113.585	1.02936	235.357	1.07343
20	100	0.5	50	111.629	1.03329	213.524	1.05665
20	100	0.5	50	80.6058	1.02043	78.2253	1.0188
20	100	0.5	50	210.404	1.05171	94.5124	1.02556
20	100	0.5	50	74.0926	1.01804	97.7596	1.02906
20	100	0.5	50	86.4297	1.02253	99.8875	1.02874
20	100	0.5	50	77.576	1.01943	113.049	1.03392
20	100	0.5	50	89.5911	1.02298	87.5803	1.02326
20	100	0.5	50	88.433	1.02285	110.152	1.03222
20	100	0.5	50	215.277	1.05359	82.616	1.02146
20	100	0.5	50	69.0218	1.0168	104.03	1.03257
20	100	0.5	50	109.914	1.03165	110.765	1.03268
20	100	0.5	50	106.759	1.03068	124.098	1.03593
20	100	0.5	50	75.8376	1.02088	102.922	1.0295
20	100	0.5	50	216.751	1.05283	236.6	1.07346
20	100	0.5	50	131.653	1.04141	122.321	1.0388
20	100	0.5	50	81.9397	1.02057	67.6344	1.01773
20	100	0.5	50	55.6086	1.01302	222.936	1.06227
20	100	0.1	500	231.613	0.991783	238.413	0.990229
20	100	0.1	500	241.593	0.991152	224.801	0.990343
20	100	0.1	500	244.612	0.991199	223.288	0.990255
20	100	0.1	500	237.842	0.992864	224.74	0.990099
20	100	0.1	500	249.684	0.99212	236.11	0.990417
20	100	0.1	500	249.006	0.992719	234.131	0.989341
20	100	0.1	500	232.533	0.991887	212.058	0.990064
20	100	0.1	500	241.496	0.992773	208.794	0.991242
20	100	0.1	500	234.476	0.993134	212.676	0.990012
20	100	0.1	500	231.835	0.991921	230.218	0.98904
20	100	0.1	500	234.422	0.992951	236.891	0.989431
20	100	0.1	500	229.909	0.992829	232.575	0.989341
20	100	0.1	500	244.984	0.992223	224.148	0.990626
20	100	0.1	500	243.494	0.992113	237.142	0.990438
20	100	0.1	500	232.559	0.991757	234.396	0.989341
20	100	0.1	500	249.598	0.992638	235.961	0.989746
20	100	0.1	500	233.343	0.99257	229.074	0.989341
20	100	0.1	500	227.233	0.991254	236.211	0.989341
20	100	0.1	500	246.183	0.992126	235.624	0.989865
20	100	0.1	500	230.158	0.990978	219.599	0.990827
20	1000	0.1	50	7309.3	0.826727	6481.84	0.810351
20	1000	0.1	50	7201.65	0.83495	6281.34	0.822771
20	1000	0.1	50	7374.16	0.823285	6503.16	0.81002
20	1000	0.1	50	7283.28	0.828659	6411.7	0.814583
20	1000	0.1	50	7133.07	0.838674	6520.03	0.807967
20	1000	0.1	50	7140.11	0.837687	6364.88	0.816798
20	1000	0.1	50	7220.95	0.833035	6478.84	0.810475
20	1000	0.1	50	7383.01	0.821895	6374.57	0.817036
20	1000	0.1	50	7456.59	0.816172	6490.4	0.810351
20	1000	0.1	50	7131.81	0.839815	6474.53	0.811536
20	1000	0.1	50	7307.24	0.826408	6476.84	0.810367
20	1000	0.1	50	7314.03	0.826567	6398.86	0.815288
20	1000	0.1	50	7222.35	0.833093	6518.68	0.807979
20	1000	0.1	50	7090.15	0.839667	6246.53	0.822757
20	1000	0.1	50	7321.17	0.826282	6170.95	0.827927
20	1000	0.1	50	7485.8	0.815013	6676.14	0.798547
20	1000	0.1	50	7166.08	0.835458	6480.36	0.809402
20	1000	0.1	50	7316.52	0.824797	6285.84	0.820621
20	1000	0.1	50	7076.02	0.839691	6258.66	0.82119
20	1000	0.1	50	7294.89	0.827321	6346.81	0.818007
20	100	0.1	50	928.869	0.91291	755.94	0.905477
20	100	0.1	50	907.032	0.918132	763.269	0.903844
20	100	0.1	50	944.556	0.912358	805.448	0.895789
20	100	0.1	50	914.41	0.914222	782.376	0.898042
20	100	0.1	50	922.862	0.915733	763.569	0.906486
20	100	0.1	50	904.715	0.915867	796.773	0.897612
20	100	0.1	50	898.203	0.918731	758.59	0.905659
20	100	0.1	50	917.272	0.915109	755.404	0.905306
20	100	0.1	50	900.28	0.918864	680.833	0.919052
20	100	0.1	50	953.083	0.904869	772.683	0.904379
20	100	0.1	50	914.285	0.914217	785.895	0.896229
20	100	0.1	50	936.447	0.912173	832.169	0.887426
20	100	0.1	50	931.492	0.913144	780.597	0.899785
20	100	0.1	50	912.126	0.915378	832.323	0.889148
20	100	0.1	50	918.397	0.914151	834.121	0.882753
20	100	0.1	50	894.82	0.918864	743.592	0.906886
20	100	0.1	50	934.523	0.914377	833.304	0.885312
20	100	0.1	50	923.76	0.914098	733.306	0.909508
20	100	0.1	50	913.333	0.915376	744.468	0.908675
20	100	0.1	50	923.613	0.913909	741.472	0.907142
20	1000	0.5	800	3623.67	1.06345	3782.73	1.07521
20	1000	0.5	800	3782.08	1.06838	3926.47	1.07523
20	1000	0.5	800	3529.62	1.05546	4193.36	1.10468
20	1000	0.5	800	3819.37	1.0614	4121.79	1.08811
20	1000	0.5	800	3777.43	1.06463	4112.45	1.08415
20	1000	0.5	800	3749.92	1.06062	4084.63	1.08537
20	1000	0.5	800	3774.45	1.06481	4086.64	1.08587
20	1000	0.5	800	3656.77	1.06069	3944.87	1.07724
20	1000	0.5	800	3471.68	1.05272	3884.92	1.07994
20	1000	0.5	800	3402.15	1.04631	4043.57	1.0826
20	1000	0.5	800	3743.3	1.06372	3981.15	1.08496
20	1000	0.5	800	3484.11	1.05272	717.451	1.00795
20	1000	0.5	800	3661.59	1.06081	3876.63	1.07448
20	1000	0.5	800	3556.82	1.05214	3950.21	1.08366
20	1000	0.5	800	3514.8	1.05051	3817.12	1.07023
20	1000	0.5	800	3472.9	1.04875	3908.47	1.07424
20	1000	0.5	800	3728.44	1.06353	3916.12	1.08168
20	1000	0.5	800	3476.34	1.0535	3787.88	1.07378
20	1000	0.5	800	3388.26	1.04925	3942.09	1.07768
20	1000	0.5	800	3688.47	1.05596	3946.45	1.0746
