count	gens	m	sel	lnl0	sel0	lnl1	sel1
20	500	0.5	0.005	41.3936	0.992587	58.9414	1.004
20	500	0.5	0.005	50.8562	0.99357	47.1685	1.00448
20	500	0.5	0.005	44.1088	0.994822	55.6298	1.00446
20	500	0.5	0.005	42.9952	0.995769	42.7598	1.00391
20	500	0.5	0.005	56.9193	0.99468	45.7775	1.00395
20	500	0.5	0.005	47.0014	0.993262	62.6959	1.00444
20	500	0.5	0.005	51.8987	0.994704	53.7515	1.00424
20	500	0.5	0.005	40.0493	0.993122	64.2258	1.00403
20	500	0.5	0.005	41.718	0.994834	55.7315	1.00349
20	500	0.5	0.005	46.8628	0.993952	10.9669	0.997396
20	500	0.5	0.005	41.0048	0.992046	46.7597	1.00404
20	500	0.5	0.005	47.4496	0.995638	58.8298	1.00407
20	500	0.5	0.005	41.0817	0.993575	56.8348	1.00414
20	500	0.5	0.005	44.4643	0.993343	50.455	1.00414
20	500	0.5	0.005	55.9084	0.993301	53.6773	1.00319
20	500	0.5	0.005	45.6847	0.993951	50.5751	1.00368
20	500	0.5	0.005	48.2144	0.992566	56.148	1.00377
20	500	0.5	0.005	42.4727	0.994051	47.7762	1.00356
20	500	0.5	0.005	54.8235	0.995775	61.3398	1.00456
20	500	0.5	0.005	27.6081	0.994314	60.2316	1.00417
20	100	0.2	0.05	383.816	0.955394	315.605	1.0617
20	100	0.2	0.05	381.888	0.958561	324.651	1.05423
20	100	0.2	0.05	361.945	0.955029	317.936	1.06467
20	100	0.2	0.05	393.81	0.950766	319.494	1.06532
20	100	0.2	0.05	387.434	0.960904	309.754	1.0585
20	100	0.2	0.05	376.629	0.952885	311.345	1.05937
20	100	0.2	0.05	388.769	0.954156	327.146	1.06331
20	100	0.2	0.05	369.277	0.95078	318.139	1.05649
20	100	0.2	0.05	369.985	0.961958	316.492	1.06002
20	100	0.2	0.05	386.461	0.953339	322.927	1.06294
20	100	0.2	0.05	379.53	0.954759	322.525	1.06208
20	100	0.2	0.05	383.402	0.960865	309.814	1.06746
20	100	0.2	0.05	386.151	0.948286	320.115	1.0661
20	100	0.2	0.05	388.489	0.955594	323.303	1.06569
20	100	0.2	0.05	386.369	0.959821	325.931	1.06299
20	100	0.2	0.05	384.779	0.953411	321.538	1.0693
20	100	0.2	0.05	392.832	0.951779	324.681	1.0641
20	100	0.2	0.05	389.386	0.952806	325.163	1.07053
20	100	0.2	0.05	385.94	0.943997	319.906	1.06185
20	100	0.2	0.05	375.85	0.955942	319.743	1.06301
20	200	0.5	0.01	61.4864	0.987905	62.6128	1.00745
20	200	0.5	0.01	57.7914	0.990101	63.3535	1.01077
20	200	0.5	0.01	64.1095	0.983529	54.6792	1.00614
20	200	0.5	0.01	62.092	0.989063	60.1871	1.00952
20	200	0.5	0.01	60.3307	0.981357	64.9815	1.0093
20	200	0.5	0.01	66.1007	0.989975	61.6	1.00911
20	200	0.5	0.01	38.0984	0.980131	44.6242	1.01077
20	200	0.5	0.01	55.3757	0.986406	38.7337	1.00829
20	200	0.5	0.01	40.7245	0.977891	61.0373	1.00983
20	200	0.5	0.01	61.0679	0.990829	50.0994	1.00908
20	200	0.5	0.01	62.0048	0.984644	40.0445	1.00886
20	200	0.5	0.01	40.3477	0.988015	7.09244	1.00277
20	200	0.5	0.01	45.8306	0.987903	58.595	1.00616
20	200	0.5	0.01	37.8814	0.987909	13.2748	1.00921
20	200	0.5	0.01	51.9151	0.987647	23.9904	1.01077
20	200	0.5	0.01	63.0713	0.987856	35.21	1.00862
20	200	0.5	0.01	35.4289	0.976112	61.5709	1.00752
20	200	0.5	0.01	52.8324	0.98937	40.29	1.00601
20	200	0.5	0.01	64.6365	0.984492	40.6741	1.00573
20	200	0.5	0.01	39.5976	0.985044	61.2993	1.00817
20	200	0.5	0.02	85.1066	0.982339	88.3393	1.00972
20	200	0.5	0.02	86.7399	0.974211	75.9144	1.00814
20	200	0.5	0.02	84.0074	0.978813	88.8474	1.00917
20	200	0.5	0.02	95.0624	0.983341	82.7579	1.00805
20	200	0.5	0.02	85.925	0.97931	85.0093	1.00913
20	200	0.5	0.02	85.0324	0.983272	70.81	1.01177
20	200	0.5	0.02	97.4441	0.980314	76.7798	1.01077
20	200	0.5	0.02	97.217	0.98079	78.9739	1.009
20	200	0.5	0.02	84.1675	0.982621	96.1273	1.01034
20	200	0.5	0.02	86.0802	0.981191	93.8897	1.00983
20	200	0.5	0.02	79.9319	0.983807	61.8715	1.01077
20	200	0.5	0.02	96.8106	0.986648	74.3322	1.00889
20	200	0.5	0.02	86.3008	0.979566	66.3654	1.00951
20	200	0.5	0.02	101.048	0.986054	85.1083	1.00916
20	200	0.5	0.02	81.9779	0.98586	87.2326	1.01117
20	200	0.5	0.02	98.963	0.982632	84.3581	1.01019
20	200	0.5	0.02	91.4951	0.98386	80.346	1.01077
20	200	0.5	0.02	80.536	0.985717	61.9779	1.01077
20	200	0.5	0.02	77.4978	0.983283	61.4428	1.01183
20	200	0.5	0.02	101.023	0.979847	55.6828	1.01112
20	100	0.5	0.01	22.7828	0.981497	20.6069	1.01427
20	100	0.5	0.01	20.3726	0.98817	21.0724	1.01289
20	100	0.5	0.01	16.5722	0.983284	-12.5556	1.01521
20	100	0.5	0.01	15.1971	0.986131	31.4845	1.01428
20	100	0.5	0.01	22.173	0.989805	27.3412	1.01757
20	100	0.5	0.01	30.6319	0.98185	32.9653	1.01328
20	100	0.5	0.01	27.5985	0.981329	20.3959	1.01542
20	100	0.5	0.01	22.0219	0.979493	29.1198	1.01711
20	100	0.5	0.01	29.6601	0.978074	16.4389	1.01142
20	100	0.5	0.01	16.5877	0.983174	29.3547	1.01691
20	100	0.5	0.01	4.72026	0.986996	26.7376	1.0113
20	100	0.5	0.01	16.9723	0.982689	21.1909	1.01404
20	100	0.5	0.01	13.0894	0.975807	19.2735	1.01167
20	100	0.5	0.01	17.3253	0.979814	14.2755	1.0165
20	100	0.5	0.01	22.5945	0.984827	33.9452	1.0158
20	100	0.5	0.01	17.8067	0.986204	25.5522	1.00983
20	100	0.5	0.01	15.1423	0.982415	21.7032	1.01019
20	100	0.5	0.01	16.1896	0.985067	32.6719	1.01344
20	100	0.5	0.01	27.639	0.985446	31.0109	1.01624
20	100	0.5	0.01	11.931	0.98699	17.0766	1.00918
20	1000	0.5	0.01	182.448	0.992216	172.284	1.00297
20	1000	0.5	0.01	173.603	0.992873	161.973	1.00309
20	1000	0.5	0.01	167.31	0.992981	143.204	1.00338
20	1000	0.5	0.01	183.53	0.99272	171.756	1.00337
20	1000	0.5	0.01	162.149	0.994614	164.723	1.00303
20	1000	0.5	0.01	172.935	0.993211	120.343	1.00308
20	1000	0.5	0.01	180.228	0.993714	169.073	1.00313
20	1000	0.5	0.01	177.092	0.992392	160.937	1.00299
20	1000	0.5	0.01	183.119	0.993733	151.889	1.00281
20	1000	0.5	0.01	179.745	0.993911	165.349	1.00355
20	1000	0.5	0.01	187.061	0.993476	97.1182	1.00312
20	1000	0.5	0.01	176.482	0.992875	69.4862	1.00319
20	1000	0.5	0.01	170.737	0.993086	160.512	1.00308
20	1000	0.5	0.01	138.861	0.993775	165.232	1.00351
20	1000	0.5	0.01	181.99	0.992388	169.491	1.00313
20	1000	0.5	0.01	158.099	0.992913	173.483	1.00313
20	1000	0.5	0.01	174.358	0.993733	156.09	1.00296
20	1000	0.5	0.01	164.096	0.993733	165.13	1.00289
20	1000	0.5	0.01	178.701	0.993505	164.731	1.00311
20	1000	0.5	0.01	184.832	0.992283	168.305	1.00333
20	500	0.1	0.02	605.926	0.98382	293.911	1.01366
20	500	0.1	0.02	890.09	0.984032	712.228	1.0285
20	500	0.1	0.02	1001.07	0.980416	829.709	1.05941
20	500	0.1	0.02	1013.48	0.981582	852.019	1.0591
20	500	0.1	0.02	888.003	0.984361	706.998	1.02777
20	500	0.1	0.02	886.616	0.983395	704.262	1.02906
20	500	0.1	0.02	868.602	0.985719	684.579	1.0306
20	500	0.1	0.02	875.865	0.984083	695.922	1.02876
20	500	0.1	0.02	1016.55	0.981217	769.904	1.03076
20	500	0.1	0.02	1015.93	0.982147	846.21	1.06341
20	500	0.1	0.02	883.841	0.985854	703.039	1.02941
20	500	0.1	0.02	1012.32	0.981128	846.421	1.05771
20	500	0.1	0.02	889.428	0.984024	707.192	1.02951
20	500	0.1	0.02	1022.78	0.981584	766.828	1.03027
20	500	0.1	0.02	885.098	0.984693	701.569	1.02856
20	500	0.1	0.02	867.266	0.985013	697.232	1.02882
20	500	0.1	0.02	875.555	0.984762	692.336	1.02917
20	500	0.1	0.02	878.074	0.982965	699.574	1.02882
20	500	0.1	0.02	885.764	0.984657	693.493	1.03055
20	500	0.1	0.02	894.739	0.984248	708.091	1.02723
20	500	0.05	0.01	412.611	0.991698	373.725	1.04219
20	500	0.05	0.01	173.28	0.991351	287.496	1.04155
20	500	0.05	0.01	179.157	0.991642	225.506	1.04521
20	500	0.05	0.01	167.124	0.991515	283.519	1.04155
20	500	0.05	0.01	167.229	0.991865	263.538	1.04521
20	500	0.05	0.01	173.48	0.992385	228.364	1.04521
20	500	0.05	0.01	403.2	0.99132	379.544	1.04325
20	500	0.05	0.01	375.251	0.992569	381.708	1.04366
20	500	0.05	0.01	418.9	0.991534	206.468	1.04278
20	500	0.05	0.01	170.971	0.991714	265.941	1.04521
20	500	0.05	0.01	80.2769	0.990827	224.505	1.04521
20	500	0.05	0.01	409.931	0.991838	378.501	1.04347
20	500	0.05	0.01	410.497	0.991468	378.457	1.04443
20	500	0.05	0.01	409.49	0.992385	369.079	1.04342
20	500	0.05	0.01	416.165	0.992161	213.17	1.04463
20	500	0.05	0.01	159.493	0.991069	241.185	1.03655
20	500	0.05	0.01	417.146	0.990995	130.223	1.04387
20	500	0.05	0.01	170.207	0.992043	370.761	1.04521
20	500	0.05	0.01	416.325	0.990851	389.644	1.04435
20	500	0.05	0.01	195.631	0.991574	63.5535	1.03675
20	500	0.2	0.02	930.213	0.975394	720.383	1.04362
20	500	0.2	0.02	932.498	0.973741	700.733	1.04808
20	500	0.2	0.02	882.667	0.975726	693.821	1.03732
20	500	0.2	0.02	929.833	0.972967	694.349	1.03559
20	500	0.2	0.02	931.024	0.975407	677.587	1.03894
20	500	0.2	0.02	924.773	0.971727	653.598	1.02333
20	500	0.2	0.02	906.9	0.973537	677.475	1.03972
20	500	0.2	0.02	923.291	0.974186	709.769	1.03766
20	500	0.2	0.02	921.736	0.973063	702.056	1.03814
20	500	0.2	0.02	931.335	0.975542	706.021	1.03815
20	500	0.2	0.02	900.312	0.971589	649.404	1.04192
20	500	0.2	0.02	873.504	0.974686	697.073	1.03765
20	500	0.2	0.02	921.529	0.977055	666.834	1.03664
20	500	0.2	0.02	929.97	0.974051	652.122	1.02141
20	500	0.2	0.02	855.9	0.971271	287.859	1.01077
20	500	0.2	0.02	921.619	0.975254	690.079	1.03783
20	500	0.2	0.02	930.308	0.975739	672.92	1.03818
20	500	0.2	0.02	929.079	0.975148	696.683	1.04356
20	500	0.2	0.02	916.88	0.976899	704.01	1.04028
20	500	0.2	0.02	928.606	0.976841	701.892	1.03701
20	500	0.05	0.05	2854.4	0.959931	2598.69	1.24184
20	500	0.05	0.05	2859.46	0.961723	2598.92	1.24212
20	500	0.05	0.05	2880.12	0.957724	2606.8	1.24017
20	500	0.05	0.05	2892.29	0.959369	2619.69	1.26127
20	500	0.05	0.05	2876.99	0.95919	2595.56	1.24235
20	500	0.05	0.05	2898.33	0.960315	2639.49	1.24225
20	500	0.05	0.05	2857.08	0.960895	2625.48	1.26022
20	500	0.05	0.05	2866.81	0.960404	2625.57	1.26074
20	500	0.05	0.05	2886.74	0.960107	2629.63	1.24235
20	500	0.05	0.05	2866.95	0.960895	2629.86	1.25967
20	500	0.05	0.05	2893.82	0.957815	2632.19	1.24306
20	500	0.05	0.05	2885.33	0.960655	2626.5	1.26156
20	500	0.05	0.05	2885.04	0.95966	2604.91	1.24306
20	500	0.05	0.05	2898.17	0.959783	2633.63	1.24284
20	500	0.05	0.05	2879.53	0.957657	2623.3	1.27201
20	500	0.05	0.05	2872.7	0.963453	2635.49	1.26393
20	500	0.05	0.05	2864.15	0.960481	2599.04	1.24307
20	500	0.05	0.05	2883.78	0.959888	2617.08	1.24213
20	500	0.05	0.05	2867.67	0.960481	2544.97	1.2188
20	500	0.05	0.05	2882.6	0.959931	2617.83	1.24306
20	500	0.5	0.01	67.694	0.995195	72.244	1.00403
20	500	0.5	0.01	65.0948	0.993777	64.6922	1.00394
20	500	0.5	0.01	61.9791	0.993761	66.5452	1.00404
20	500	0.5	0.01	69.3258	0.993777	72.9043	1.003
20	500	0.5	0.01	60.3466	0.994464	60.0107	1.00404
20	500	0.5	0.01	50.9491	0.994862	-6.74064	1.00333
20	500	0.5	0.01	49.1534	0.993786	68.9548	1.00384
20	500	0.5	0.01	52.0076	0.993735	68.3544	1.00329
20	500	0.5	0.01	47.3137	0.993339	69.6233	1.00403
20	500	0.5	0.01	65.1021	0.992467	67.179	1.00403
20	500	0.5	0.01	49.1708	0.994628	61.7854	1.00331
20	500	0.5	0.01	59.6186	0.993502	21.5443	1.00411
20	500	0.5	0.01	50.0919	0.995097	54.3142	1.00485
20	500	0.5	0.01	68.0011	0.995195	63.6052	1.00437
20	500	0.5	0.01	53.3644	0.993502	59.9998	1.004
20	500	0.5	0.01	61.9825	0.994323	28.8901	1.00488
20	500	0.5	0.01	-6.68399	0.993777	0.0	1.00317
20	500	0.5	0.01	62.5628	0.995968	54.8294	1.00309
20	500	0.5	0.01	66.8198	0.993777	34.6032	1.00317
20	500	0.5	0.01	-7.53265	0.993152	2.98023e-08	1.00106
20	500	0.2	0.005	107.864	0.995252	109.828	1.01162
20	500	0.2	0.005	-44.3032	0.995515	31.2299	1.01077
20	500	0.2	0.005	109.649	0.99506	117.54	1.00958
20	500	0.2	0.005	114.287	0.995703	123.5	1.00894
20	500	0.2	0.005	103.431	0.994721	119.744	1.01011
20	500	0.2	0.005	108.336	0.99485	125.712	1.00945
20	500	0.2	0.005	110.273	0.99549	117.287	1.01027
20	500	0.2	0.005	105.232	0.995402	26.006	1.00973
20	500	0.2	0.005	110.473	0.995391	10.6944	1.00926
20	500	0.2	0.005	106.735	0.995119	128.288	1.01027
20	500	0.2	0.005	-42.3523	0.99506	81.5364	1.01077
20	500	0.2	0.005	108.137	0.995219	122.073	1.01047
20	500	0.2	0.005	112.622	0.995128	103.075	1.01056
20	500	0.2	0.005	117.78	0.996344	127.881	1.00985
20	500	0.2	0.005	116.957	0.994464	134.307	1.00926
20	500	0.2	0.005	112.882	0.995306	123.974	1.00952
20	500	0.2	0.005	111.379	0.995411	26.0115	1.0106
20	500	0.2	0.005	109.321	0.995243	117.107	1.00941
20	500	0.2	0.005	116.488	0.995273	107.083	1.01017
20	500	0.2	0.005	110.365	0.995384	119.439	1.00903
20	100	0.5	0.005	2.46999	0.994011	0.0377192	1.0077
20	100	0.5	0.005	1.14749	0.990508	3.22773	1.00265
20	100	0.5	0.005	5.53457	0.988689	3.50453	1.00042
20	100	0.5	0.005	-26.6367	0.987476	4.32439	1.00973
20	100	0.5	0.005	-1.26816	0.992883	6.51904	1.00315
20	100	0.5	0.005	1.48761	0.99468	2.70514	1.00556
20	100	0.5	0.005	0.0	0.998943	0.0	1.0031
20	100	0.5	0.005	5.75741	0.997412	-2.82253	1.00917
20	100	0.5	0.005	2.55479	0.994384	5.67379	1.00319
20	100	0.5	0.005	0.537403	0.998075	-6.15001	1.00142
20	100	0.5	0.005	-0.0560061	0.98976	1.96175	1.00108
20	100	0.5	0.005	-0.176942	1.00009	-31.7568	1.00478
20	100	0.5	0.005	4.29481	0.987866	2.27049	1.00358
20	100	0.5	0.005	6.43747	0.991141	3.5491	1.00214
20	100	0.5	0.005	5.7158	0.995181	5.05076	1.00527
20	100	0.5	0.005	-11.238	0.997844	1.16295	1.00213
20	100	0.5	0.005	-10.9756	1.00022	3.88838	1.00538
20	100	0.5	0.005	6.3668	0.997282	4.29942	1.00004
20	100	0.5	0.005	-0.045999	0.987948	5.46819	0.998936
20	100	0.5	0.005	0.449645	0.991169	-1.02279	1.00492
20	1000	0.1	0.02	1715.97	0.983488	1575.13	1.05395
20	1000	0.1	0.02	1740.58	0.982754	1609.9	1.06024
20	1000	0.1	0.02	1734.13	0.98343	1600.87	1.06024
20	1000	0.1	0.02	1713.0	0.982626	1604.54	1.06352
20	1000	0.1	0.02	1727.65	0.982016	1594.46	1.0607
20	1000	0.1	0.02	1715.68	0.982417	1593.51	1.06059
20	1000	0.1	0.02	1722.76	0.982141	1598.4	1.06589
20	1000	0.1	0.02	1727.8	0.982383	1606.56	1.05809
20	1000	0.1	0.02	1733.25	0.982732	1610.11	1.06594
20	1000	0.1	0.02	1735.58	0.982366	1611.58	1.06
20	1000	0.1	0.02	1731.61	0.982327	1601.56	1.06604
20	1000	0.1	0.02	1701.98	0.982108	1573.61	1.06006
20	1000	0.1	0.02	1721.98	0.983333	1596.04	1.06026
20	1000	0.1	0.02	1696.79	0.983627	1579.21	1.05618
20	1000	0.1	0.02	1698.9	0.983318	1572.92	1.06358
20	1000	0.1	0.02	1724.87	0.982083	1587.7	1.06027
20	1000	0.1	0.02	1745.78	0.981936	1624.54	1.06012
20	1000	0.1	0.02	1728.82	0.982839	1592.49	1.06394
20	1000	0.1	0.02	1714.11	0.983439	1599.85	1.06263
20	1000	0.1	0.02	1714.91	0.982231	1580.64	1.05759
20	1000	0.5	0.005	74.6847	0.995698	59.7064	1.00229
20	1000	0.5	0.005	68.6438	0.996363	45.3577	1.0022
20	1000	0.5	0.005	75.5031	0.995911	77.0731	1.00223
20	1000	0.5	0.005	-41.7728	0.99703	2.98023e-08	0.998943
20	1000	0.5	0.005	72.7816	0.996502	70.2314	1.00201
20	1000	0.5	0.005	70.0458	0.996067	58.6817	1.00205
20	1000	0.5	0.005	51.4463	0.996143	73.8781	1.00197
20	1000	0.5	0.005	64.4428	0.996956	78.0208	1.00156
20	1000	0.5	0.005	72.4355	0.996467	38.2494	1.00225
20	1000	0.5	0.005	68.1022	0.995179	65.4149	1.00172
20	1000	0.5	0.005	71.8033	0.996371	66.0468	1.00222
20	1000	0.5	0.005	60.7627	0.996111	46.246	1.002
20	1000	0.5	0.005	71.2732	0.99618	61.9309	1.00203
20	1000	0.5	0.005	71.5288	0.995885	69.611	1.00208
20	1000	0.5	0.005	76.0497	0.995769	-38.8653	1.00221
20	1000	0.5	0.005	50.1691	0.995215	79.3544	1.00186
20	1000	0.5	0.005	74.6194	0.996701	85.2507	1.00202
20	1000	0.5	0.005	82.5159	0.996648	50.5567	1.00208
20	1000	0.5	0.005	51.898	0.995868	41.1572	1.00195
20	1000	0.5	0.005	79.18	0.99656	64.2579	1.00208
20	1000	0.1	0.005	487.377	0.994603	419.939	1.01237
20	1000	0.1	0.005	479.3	0.994014	435.959	1.01211
20	1000	0.1	0.005	474.639	0.994549	434.288	1.01254
20	1000	0.1	0.005	490.962	0.995006	445.541	1.01278
20	1000	0.1	0.005	480.858	0.994302	357.939	1.01274
20	1000	0.1	0.005	475.181	0.993985	431.87	1.01218
20	1000	0.1	0.005	500.129	0.994238	441.598	1.0125
20	1000	0.1	0.005	497.46	0.994389	440.687	1.01249
20	1000	0.1	0.005	494.431	0.994547	420.774	1.01211
20	1000	0.1	0.005	485.073	0.995006	432.802	1.01245
20	1000	0.1	0.005	472.622	0.994474	432.851	1.01229
20	1000	0.1	0.005	472.114	0.994453	425.815	1.0125
20	1000	0.1	0.005	489.335	0.994911	434.534	1.01249
20	1000	0.1	0.005	491.904	0.994389	421.243	1.0119
20	1000	0.1	0.005	482.014	0.993815	427.696	1.01247
20	1000	0.1	0.005	487.069	0.994389	429.054	1.01263
20	1000	0.1	0.005	484.904	0.994301	433.247	1.01231
20	1000	0.1	0.005	487.642	0.994139	436.994	1.01253
20	1000	0.1	0.005	487.516	0.994547	450.553	1.01231
20	1000	0.1	0.005	450.399	0.994729	397.842	1.01236
20	500	0.1	0.01	524.266	0.988901	445.564	1.02488
20	500	0.1	0.01	490.041	0.990576	435.184	1.0251
20	500	0.1	0.01	249.12	0.988782	104.642	1.01451
20	500	0.1	0.01	499.769	0.988816	442.054	1.02388
20	500	0.1	0.01	526.347	0.988949	420.138	1.02401
20	500	0.1	0.01	484.166	0.991543	429.253	1.02615
20	500	0.1	0.01	489.322	0.990123	437.033	1.02554
20	500	0.1	0.01	261.72	0.989867	445.93	1.02455
20	500	0.1	0.01	497.395	0.990209	426.451	1.02359
20	500	0.1	0.01	528.692	0.98921	441.718	1.02461
20	500	0.1	0.01	487.766	0.989118	424.245	1.02452
20	500	0.1	0.01	513.022	0.989696	439.826	1.02544
20	500	0.1	0.01	511.874	0.989301	421.364	1.02498
20	500	0.1	0.01	523.572	0.989517	450.629	1.024
20	500	0.1	0.01	523.769	0.989186	437.572	1.02321
20	500	0.1	0.01	526.169	0.989025	450.552	1.02337
20	500	0.1	0.01	512.253	0.989278	410.624	1.02422
20	500	0.1	0.01	517.728	0.989295	416.614	1.02389
20	500	0.1	0.01	488.694	0.990505	441.911	1.02512
20	500	0.1	0.01	495.807	0.988172	435.904	1.02427
20	200	0.05	0.005	31.7086	0.993864	11.955	1.08108
20	200	0.05	0.005	31.8225	0.99468	32.4662	1.07199
20	200	0.05	0.005	23.8142	0.991978	35.0778	1.06871
20	200	0.05	0.005	33.2197	0.992612	32.8717	1.09291
20	200	0.05	0.005	25.6754	0.992446	5.87664	1.02655
20	200	0.05	0.005	26.8492	0.993541	27.6593	1.05476
20	200	0.05	0.005	32.0071	0.99288	6.76829	0.999268
20	200	0.05	0.005	34.1034	0.993391	29.3403	1.06363
20	200	0.05	0.005	33.5358	0.992382	17.4995	1.06881
20	200	0.05	0.005	31.2412	0.993577	33.4473	1.08115
20	200	0.05	0.005	35.2128	0.991079	2.77327	1.01243
20	200	0.05	0.005	28.4817	0.993259	12.7462	1.0811
20	200	0.05	0.005	33.045	0.995033	19.2402	1.03895
20	200	0.05	0.005	16.5883	0.992497	33.3762	1.07217
20	200	0.05	0.005	27.5359	0.993806	35.777	1.07533
20	200	0.05	0.005	21.6369	0.993139	32.9595	1.08119
20	200	0.05	0.005	32.9935	0.993041	25.606	1.05648
20	200	0.05	0.005	34.1654	0.995014	26.3445	1.06765
20	200	0.05	0.005	26.3218	0.991255	29.8353	1.06647
20	200	0.05	0.005	29.1775	0.991833	34.3669	1.0665
20	500	0.5	0.02	341.485	0.975717	312.225	1.0089
20	500	0.5	0.02	340.842	0.979346	318.983	1.00929
20	500	0.5	0.02	358.469	0.980989	311.185	1.00869
20	500	0.5	0.02	348.135	0.977657	308.076	1.00876
20	500	0.5	0.02	339.885	0.980331	313.532	1.00804
20	500	0.5	0.02	350.756	0.979167	306.259	1.00857
20	500	0.5	0.02	353.59	0.978688	287.657	1.00832
20	500	0.5	0.02	337.429	0.975576	301.44	1.01023
20	500	0.5	0.02	358.775	0.978876	309.109	1.00895
20	500	0.5	0.02	352.982	0.977824	315.798	1.00837
20	500	0.5	0.02	321.021	0.981445	233.337	1.01077
20	500	0.5	0.02	360.465	0.979441	317.664	1.00962
20	500	0.5	0.02	327.734	0.978354	313.829	1.00983
20	500	0.5	0.02	362.081	0.978879	299.695	1.00891
20	500	0.5	0.02	339.204	0.977996	309.612	1.00867
20	500	0.5	0.02	321.285	0.976752	258.233	1.01022
20	500	0.5	0.02	316.535	0.980044	253.235	1.00951
20	500	0.5	0.02	359.136	0.979765	311.474	1.0088
20	500	0.5	0.02	354.347	0.98179	313.388	1.00956
20	500	0.5	0.02	357.582	0.978879	305.85	1.00849
20	200	0.2	0.01	191.922	0.986785	118.128	1.02777
20	200	0.2	0.01	198.128	0.987628	167.665	1.02703
20	200	0.2	0.01	165.71	0.984656	73.4647	1.01577
20	200	0.2	0.01	199.161	0.987386	128.367	1.02528
20	200	0.2	0.01	191.818	0.984299	173.392	1.02312
20	200	0.2	0.01	194.31	0.984955	168.114	1.0255
20	200	0.2	0.01	198.516	0.985261	176.128	1.02892
20	200	0.2	0.01	187.92	0.985591	173.094	1.02727
20	200	0.2	0.01	199.556	0.987769	174.619	1.0281
20	200	0.2	0.01	197.534	0.983998	175.933	1.02751
20	200	0.2	0.01	188.689	0.985228	153.391	1.02884
20	200	0.2	0.01	178.264	0.982434	153.243	1.02785
20	200	0.2	0.01	150.988	0.985332	95.9024	1.01577
20	200	0.2	0.01	157.102	0.982713	108.457	1.01366
20	200	0.2	0.01	195.705	0.981105	159.025	1.02392
20	200	0.2	0.01	189.69	0.984302	172.61	1.02649
20	200	0.2	0.01	192.403	0.985414	149.088	1.02458
20	200	0.2	0.01	187.421	0.982246	176.22	1.02776
20	200	0.2	0.01	191.697	0.984877	123.03	1.02637
20	200	0.2	0.01	189.423	0.985773	129.134	1.02261
20	200	0.2	0.05	936.104	0.954208	579.094	1.0451
20	200	0.2	0.05	971.83	0.946482	660.554	1.04745
20	200	0.2	0.05	967.532	0.94717	673.11	1.04359
20	200	0.2	0.05	978.725	0.941935	666.118	1.04502
20	200	0.2	0.05	932.762	0.948398	601.759	1.04521
20	200	0.2	0.05	944.309	0.953475	600.939	1.04521
20	200	0.2	0.05	975.459	0.944524	593.29	1.04162
20	200	0.2	0.05	949.701	0.953166	681.897	1.04841
20	200	0.2	0.05	900.38	0.953557	601.564	1.04232
20	200	0.2	0.05	899.98	0.953688	594.84	1.04521
20	200	0.2	0.05	942.2	0.953241	676.025	1.0448
20	200	0.2	0.05	978.972	0.947449	660.378	1.045
20	200	0.2	0.05	932.316	0.943999	608.922	1.04232
20	200	0.2	0.05	948.799	0.94784	602.785	1.04521
20	200	0.2	0.05	958.404	0.946717	660.335	1.04367
20	200	0.2	0.05	948.835	0.954214	600.111	1.04521
20	200	0.2	0.05	978.85	0.954246	664.864	1.04558
20	200	0.2	0.05	910.226	0.948325	669.126	1.04521
20	200	0.2	0.05	947.666	0.948975	604.441	1.04232
20	200	0.2	0.05	975.574	0.948403	551.855	1.04536
20	100	0.05	0.01	-0.0164728	0.999514	5.13538	1.09322
20	100	0.05	0.01	11.4165	0.992819	0.579851	1.01282
20	100	0.05	0.01	9.32292	0.990664	3.11064	1.03549
20	100	0.05	0.01	7.22315	0.990831	-0.532756	1.00702
20	100	0.05	0.01	7.83099	0.999503	7.61422	1.10254
20	100	0.05	0.01	10.1659	0.988966	1.64221	1.03342
20	100	0.05	0.01	2.07516	0.999555	-1.61451	1.09258
20	100	0.05	0.01	9.84784	0.992965	-0.477858	1.01382
20	100	0.05	0.01	14.8428	0.989893	3.64751	1.03897
20	100	0.05	0.01	14.7628	0.995171	6.49006	1.05521
20	100	0.05	0.01	0.573295	0.997211	6.07325	1.08671
20	100	0.05	0.01	10.3826	0.992739	1.56618	1.0156
20	100	0.05	0.01	8.54221	0.994389	-0.809101	0.998298
20	100	0.05	0.01	9.13052	0.99492	2.66268	1.04188
20	100	0.05	0.01	8.74957	0.992544	2.89496	1.02412
20	100	0.05	0.01	12.1288	0.994241	6.74189	1.0477
20	100	0.05	0.01	8.2767	0.993505	-0.912997	0.99567
20	100	0.05	0.01	7.77763	0.995023	5.98034	1.06621
20	100	0.05	0.01	10.9453	0.9899	5.57972	1.06663
20	100	0.05	0.01	16.5851	0.990125	1.55139	1.01247
20	200	0.5	0.005	13.0428	1.00004	14.0645	1.00196
20	200	0.5	0.005	-7.93288	0.997148	13.5668	1.00309
20	200	0.5	0.005	11.1343	0.995248	9.41655	1.0026
20	200	0.5	0.005	-0.4703	1.00137	-25.3051	1.0
20	200	0.5	0.005	11.282	0.991149	-6.12835	1.00887
20	200	0.5	0.005	13.5367	0.991267	10.0983	1.00309
20	200	0.5	0.005	5.72036	0.994597	10.8519	1.00299
20	200	0.5	0.005	-1.36175	0.991623	4.93166	1.00307
20	200	0.5	0.005	14.437	0.996751	12.0624	1.00424
20	200	0.5	0.005	3.66665	0.999038	11.0748	1.00286
20	200	0.5	0.005	7.01427	0.994132	13.0017	1.00512
20	200	0.5	0.005	0.0223847	1.00041	1.36253	1.0014
20	200	0.5	0.005	6.67893	0.995786	11.9032	1.0075
20	200	0.5	0.005	0.0147272	1.0013	10.5824	1.00307
20	200	0.5	0.005	12.443	0.994785	10.444	1.00443
20	200	0.5	0.005	12.5904	0.99525	13.6683	1.00432
20	200	0.5	0.005	13.5373	0.998792	2.87676	1.00313
20	200	0.5	0.005	11.6672	0.995981	16.2466	1.00302
20	200	0.5	0.005	12.5912	0.99823	11.5436	1.00313
20	200	0.5	0.005	-0.978391	1.00042	10.276	1.00248
20	100	0.1	0.01	18.2778	0.989479	15.6819	1.03161
20	100	0.1	0.01	18.8302	0.991139	23.0697	1.05127
20	100	0.1	0.01	18.0834	0.991003	17.7287	1.05659
20	100	0.1	0.01	-6.31122	0.989461	2.4444	1.01625
20	100	0.1	0.01	14.9091	0.989385	18.1674	1.03958
20	100	0.1	0.01	6.76918	0.988444	5.41212	1.04475
20	100	0.1	0.01	15.2669	0.989665	6.95449	1.04756
20	100	0.1	0.01	7.55958	0.994416	9.76044	1.02849
20	100	0.1	0.01	11.339	0.991304	5.16082	1.02365
20	100	0.1	0.01	18.5953	0.99238	16.2745	1.0371
20	100	0.1	0.01	17.5738	0.990727	10.9527	1.0419
20	100	0.1	0.01	17.4797	0.988117	18.7654	1.04325
20	100	0.1	0.01	20.6828	0.989421	-2.71712	1.04817
20	100	0.1	0.01	15.115	0.987953	14.3054	1.03271
20	100	0.1	0.01	-0.427468	0.992158	16.6155	1.03923
20	100	0.1	0.01	18.6278	0.991198	6.18111	1.0332
20	100	0.1	0.01	11.7681	0.994329	9.2575	1.02717
20	100	0.1	0.01	16.2039	0.990611	16.0449	1.0403
20	100	0.1	0.01	20.9721	0.989091	9.91388	1.03721
20	100	0.1	0.01	13.6308	0.988512	7.9429	1.02968
20	200	0.1	0.02	432.904	0.980532	367.948	1.05723
20	200	0.1	0.02	438.095	0.977594	369.825	1.05855
20	200	0.1	0.02	423.49	0.980774	351.427	1.05637
20	200	0.1	0.02	443.769	0.978412	365.903	1.05788
20	200	0.1	0.02	418.243	0.978416	363.925	1.05564
20	200	0.1	0.02	434.14	0.97535	372.334	1.0581
20	200	0.1	0.02	419.27	0.979878	365.29	1.05496
20	200	0.1	0.02	426.947	0.977815	366.704	1.05747
20	200	0.1	0.02	439.89	0.978534	356.881	1.05912
20	200	0.1	0.02	419.104	0.979658	352.657	1.05732
20	200	0.1	0.02	442.829	0.980135	367.531	1.05696
20	200	0.1	0.02	447.83	0.977491	369.311	1.0586
20	200	0.1	0.02	420.921	0.979497	361.382	1.0592
20	200	0.1	0.02	439.301	0.978425	370.54	1.05907
20	200	0.1	0.02	431.415	0.980135	370.261	1.05653
20	200	0.1	0.02	443.467	0.980832	368.434	1.05711
20	200	0.1	0.02	441.38	0.978023	348.483	1.05866
20	200	0.1	0.02	405.236	0.976885	369.779	1.0567
20	200	0.1	0.02	437.796	0.979478	365.604	1.05678
20	200	0.1	0.02	448.777	0.977505	371.199	1.05641
20	200	0.05	0.01	101.358	0.99009	95.7261	1.08618
20	200	0.05	0.01	99.2941	0.988603	78.4991	1.08966
20	200	0.05	0.01	93.6422	0.989174	97.9024	1.09481
20	200	0.05	0.01	103.316	0.992094	103.126	1.09326
20	200	0.05	0.01	97.6309	0.990899	34.5192	1.07862
20	200	0.05	0.01	101.366	0.990475	93.1109	1.09818
20	200	0.05	0.01	100.253	0.990391	91.5516	1.09475
20	200	0.05	0.01	95.4072	0.989614	75.9831	1.09005
20	200	0.05	0.01	101.777	0.98987	41.2118	1.05732
20	200	0.05	0.01	107.496	0.989587	82.5644	1.08059
20	200	0.05	0.01	103.845	0.989372	70.732	1.07449
20	200	0.05	0.01	101.489	0.989289	57.6628	1.06988
20	200	0.05	0.01	76.4211	0.992296	71.7219	1.08642
20	200	0.05	0.01	91.5385	0.987286	76.6205	1.07913
20	200	0.05	0.01	98.3503	0.988913	88.3656	1.08987
20	200	0.05	0.01	100.198	0.990816	87.261	1.08416
20	200	0.05	0.01	103.237	0.990095	88.492	1.09765
20	200	0.05	0.01	99.0125	0.989527	71.3128	1.0842
20	200	0.05	0.01	102.472	0.990223	91.387	1.07863
20	200	0.05	0.01	100.34	0.989761	88.5715	1.0892
20	500	0.1	0.05	2383.8	0.955456	2288.51	1.14288
20	500	0.1	0.05	2553.14	0.958389	2010.53	1.13619
20	500	0.1	0.05	2517.45	0.956242	2261.34	1.13905
20	500	0.1	0.05	2349.68	0.958177	2277.98	1.13404
20	500	0.1	0.05	2371.88	0.956156	2281.68	1.14017
20	500	0.1	0.05	2460.18	0.957194	1312.21	1.04521
20	500	0.1	0.05	2397.22	0.95638	2271.04	1.12398
20	500	0.1	0.05	2559.54	0.953095	2266.79	1.14568
20	500	0.1	0.05	2549.0	0.954239	2256.54	1.13586
20	500	0.1	0.05	2544.11	0.952499	2243.28	1.14992
20	500	0.1	0.05	2328.63	0.956116	2265.28	1.15376
20	500	0.1	0.05	2388.54	0.956163	2270.15	1.13145
20	500	0.1	0.05	2555.47	0.951699	2276.18	1.14105
20	500	0.1	0.05	2405.65	0.95648	2316.52	1.14504
20	500	0.1	0.05	2385.37	0.959351	2288.51	1.14338
20	500	0.1	0.05	2388.54	0.953826	2309.13	1.14359
20	500	0.1	0.05	2395.43	0.957455	2257.98	1.12505
20	500	0.1	0.05	2367.31	0.954125	2277.09	1.13411
20	500	0.1	0.05	2517.79	0.961455	2213.48	1.14651
20	500	0.1	0.05	2388.84	0.957952	2285.88	1.13213
20	1000	0.2	0.02	1515.35	0.982982	1273.28	1.02742
20	1000	0.2	0.02	1512.22	0.981542	1274.34	1.02691
20	1000	0.2	0.02	1523.85	0.981107	1275.51	1.02702
20	1000	0.2	0.02	1528.61	0.982524	1285.1	1.02786
20	1000	0.2	0.02	1516.2	0.983254	1295.93	1.026
20	1000	0.2	0.02	1536.25	0.98143	1261.83	1.02559
20	1000	0.2	0.02	1539.59	0.982162	1280.98	1.02441
20	1000	0.2	0.02	1511.77	0.982433	1279.02	1.02719
20	1000	0.2	0.02	1546.84	0.980476	1285.88	1.0267
20	1000	0.2	0.02	1517.7	0.982511	1269.37	1.02703
20	1000	0.2	0.02	1547.83	0.982437	1276.81	1.02636
20	1000	0.2	0.02	1525.81	0.983062	1262.42	1.02583
20	1000	0.2	0.02	1513.07	0.984072	1272.14	1.02638
20	1000	0.2	0.02	1548.03	0.980394	1269.13	1.02554
20	1000	0.2	0.02	1540.06	0.98227	1271.92	1.0263
20	1000	0.2	0.02	1501	0.9817	1269.67	1.02766
20	1000	0.2	0.02	1524.77	0.982634	1261.77	1.02569
20	1000	0.2	0.02	1525.25	0.981865	1297.95	1.0264
20	1000	0.2	0.02	1524.09	0.982215	1273.38	1.02767
20	1000	0.2	0.02	1536.75	0.98088	1269.19	1.0259
20	1000	0.5	0.02	448.958	0.979768	464.927	1.01077
20	1000	0.5	0.02	529.671	0.981431	478.477	1.01014
20	1000	0.5	0.02	537.555	0.980611	472.758	1.00903
20	1000	0.5	0.02	535.79	0.979771	473.199	1.00937
20	1000	0.5	0.02	518.859	0.979477	473.673	1.01038
20	1000	0.5	0.02	537.341	0.981348	473.535	1.0091
20	1000	0.5	0.02	542.854	0.980623	497.075	1.01073
20	1000	0.5	0.02	532.971	0.979829	474.247	1.00883
20	1000	0.5	0.02	542.962	0.982283	484.401	1.00956
20	1000	0.5	0.02	539.248	0.98237	440.046	1.01084
20	1000	0.5	0.02	518.503	0.97918	462.662	1.00954
20	1000	0.5	0.02	535.987	0.980334	479.294	1.00852
20	1000	0.5	0.02	534.516	0.979877	475.004	1.01004
20	1000	0.5	0.02	551.145	0.980235	494.448	1.01087
20	1000	0.5	0.02	531.469	0.979555	471.732	1.00835
20	1000	0.5	0.02	421.968	0.980832	396.484	1.01077
20	1000	0.5	0.02	410.432	0.981931	443.426	1.01366
20	1000	0.5	0.02	542.704	0.981515	479.578	1.00881
20	1000	0.5	0.02	545.797	0.9808	354.074	1.01002
20	1000	0.5	0.02	538.876	0.979978	480.577	1.01023
20	100	0.1	0.05	523.061	0.951434	410.654	1.12442
20	100	0.1	0.05	522.464	0.954371	399.575	1.11355
20	100	0.1	0.05	500.079	0.95883	407.993	1.11873
20	100	0.1	0.05	521.532	0.957345	405.639	1.12077
20	100	0.1	0.05	526.526	0.950643	400.993	1.12576
20	100	0.1	0.05	523.512	0.956123	409.865	1.12223
20	100	0.1	0.05	510.345	0.956419	417.887	1.11647
20	100	0.1	0.05	523.508	0.948238	408.998	1.11845
20	100	0.1	0.05	514.26	0.951987	389.525	1.11762
20	100	0.1	0.05	515.658	0.953334	418.348	1.12075
20	100	0.1	0.05	519.834	0.959032	400.177	1.11602
20	100	0.1	0.05	508.626	0.952525	399.111	1.1135
20	100	0.1	0.05	523.718	0.947189	413.451	1.12272
20	100	0.1	0.05	523.764	0.954617	422.764	1.12581
20	100	0.1	0.05	519.483	0.950362	414.051	1.11779
20	100	0.1	0.05	517.208	0.950523	401.204	1.11373
20	100	0.1	0.05	511.352	0.949238	421.794	1.11933
20	100	0.1	0.05	521.276	0.948915	418.106	1.12113
20	100	0.1	0.05	511.067	0.95119	419.419	1.11522
20	100	0.1	0.05	500.127	0.94917	410.498	1.11517
20	500	0.05	0.005	115.209	0.995335	112.979	1.03914
20	500	0.05	0.005	-59.2274	0.995923	10.9853	1.01366
20	500	0.05	0.005	108.591	0.995658	126.127	1.03942
20	500	0.05	0.005	83.8554	0.996488	130.58	1.03605
20	500	0.05	0.005	114.643	0.995092	6.57389	1.0221
20	500	0.05	0.005	111.025	0.99608	8.597	1.03605
20	500	0.05	0.005	59.676	0.994701	87.0553	1.03912
20	500	0.05	0.005	12.4321	0.995897	11.174	1.02309
20	500	0.05	0.005	85.0918	0.996231	136.911	1.0392
20	500	0.05	0.005	117.916	0.995489	61.5051	1.01255
20	500	0.05	0.005	107.053	0.995807	23.6262	1.03927
20	500	0.05	0.005	114.938	0.994557	84.3588	1.03295
20	500	0.05	0.005	105.599	0.9965	8.04516	1.02604
20	500	0.05	0.005	112.619	0.996014	111.95	1.03619
20	500	0.05	0.005	110.842	0.996256	8.54882	1.03913
20	500	0.05	0.005	-4.74008	0.99431	2.4115	0.997321
20	500	0.05	0.005	114.048	0.995043	-6.4932	1.03748
20	500	0.05	0.005	114.187	0.99567	115.873	1.036
20	500	0.05	0.005	100.837	0.99655	126.283	1.03587
20	500	0.05	0.005	2.90829	0.995682	37.5014	1.01366
20	1000	0.05	0.01	1003.92	0.991185	794.81	1.03662
20	1000	0.05	0.01	965.513	0.991449	721.514	1.02434
20	1000	0.05	0.01	1002.94	0.991814	571.77	1.02427
20	1000	0.05	0.01	995.289	0.991642	736.978	1.03586
20	1000	0.05	0.01	977.878	0.991485	717.874	1.03216
20	1000	0.05	0.01	940.994	0.99139	806.009	1.04554
20	1000	0.05	0.01	995.367	0.991449	727.542	1.03591
20	1000	0.05	0.01	1004.39	0.99171	739.726	1.03673
20	1000	0.05	0.01	1003.05	0.991138	725.54	1.04622
20	1000	0.05	0.01	989.981	0.991491	744.526	1.02543
20	1000	0.05	0.01	1026.61	0.991485	850.025	1.04682
20	1000	0.05	0.01	977.582	0.991597	717.593	1.02459
20	1000	0.05	0.01	992.084	0.991293	727.59	1.02446
20	1000	0.05	0.01	994.768	0.991182	783.432	1.03383
20	1000	0.05	0.01	969.429	0.991066	715.903	1.02469
20	1000	0.05	0.01	1005.72	0.990374	756.212	1.04004
20	1000	0.05	0.01	992.639	0.991696	813.661	1.03754
20	1000	0.05	0.01	991.69	0.991491	739.824	1.02504
20	1000	0.05	0.01	1000.06	0.991399	734.72	1.02505
20	1000	0.05	0.01	1006.82	0.991184	746.357	1.03622
20	500	0.05	0.02	1100.9	0.983453	804.107	1.05029
20	500	0.05	0.02	1098.1	0.983396	808.331	1.04812
20	500	0.05	0.02	1076.96	0.983996	793.837	1.04932
20	500	0.05	0.02	1112.37	0.98415	809.895	1.05046
20	500	0.05	0.02	1079.89	0.983818	806.521	1.04824
20	500	0.05	0.02	1098.09	0.983243	811.643	1.04909
20	500	0.05	0.02	1085.2	0.982203	807.003	1.04914
20	500	0.05	0.02	1089.66	0.983661	792.353	1.04977
20	500	0.05	0.02	1093.17	0.983984	796.867	1.04944
20	500	0.05	0.02	1081.62	0.98259	801.775	1.04811
20	500	0.05	0.02	1100.63	0.983477	799.237	1.04832
20	500	0.05	0.02	1100.63	0.983589	815.295	1.04902
20	500	0.05	0.02	1099.57	0.983952	807.434	1.04861
20	500	0.05	0.02	1084.61	0.983941	786.83	1.0504
20	500	0.05	0.02	1093.59	0.982219	789.016	1.05016
20	500	0.05	0.02	1087.39	0.985035	789.575	1.04824
20	500	0.05	0.02	1084.24	0.984978	795.677	1.04824
20	500	0.05	0.02	1102.39	0.984391	790.765	1.04917
20	500	0.05	0.02	1101.77	0.983983	806.14	1.04939
20	500	0.05	0.02	1091.4	0.983852	822.231	1.04983
20	1000	0.1	0.05	4647.65	0.958059	4303.4	1.13923
20	1000	0.1	0.05	4663.85	0.959033	4246.8	1.13281
20	1000	0.1	0.05	4665.8	0.959	4256.12	1.13682
20	1000	0.1	0.05	4501.88	0.956318	2232.92	1.04232
20	1000	0.1	0.05	4636.01	0.957869	4266.8	1.13749
20	1000	0.1	0.05	4578.51	0.959667	4224.23	1.1365
20	1000	0.1	0.05	4692.28	0.956394	4268.97	1.13577
20	1000	0.1	0.05	4557.08	0.958643	2591.23	1.04521
20	1000	0.1	0.05	4674.4	0.957806	4184.77	1.12966
20	1000	0.1	0.05	4697.39	0.956612	4287.79	1.14302
20	1000	0.1	0.05	4633.31	0.95374	4218.6	1.1342
20	1000	0.1	0.05	4627.23	0.956388	4147.48	1.13336
20	1000	0.1	0.05	4686.52	0.958187	4242.0	1.12863
20	1000	0.1	0.05	4691.01	0.957438	4214.48	1.12787
20	1000	0.1	0.05	4690.22	0.956926	4234.39	1.13743
20	1000	0.1	0.05	4699.68	0.96104	4249.94	1.13579
20	1000	0.1	0.05	4683.0	0.957074	4233.08	1.13298
20	1000	0.1	0.05	4686.83	0.959563	4257.57	1.13392
20	1000	0.1	0.05	4637.2	0.957219	4246.43	1.13855
20	1000	0.1	0.05	4671.45	0.959262	4254.19	1.13999
20	1000	0.2	0.005	206.377	0.996309	222.752	1.00622
20	1000	0.2	0.005	229.111	0.99624	226.368	1.00551
20	1000	0.2	0.005	211.134	0.99625	216.219	1.00595
20	1000	0.2	0.005	233.903	0.995734	235.258	1.00636
20	1000	0.2	0.005	223.704	0.996392	214.223	1.00659
20	1000	0.2	0.005	232.098	0.996062	223.985	1.0061
20	1000	0.2	0.005	209.914	0.996415	222.222	1.00612
20	1000	0.2	0.005	197.533	0.996263	-1.03991	1.00546
20	1000	0.2	0.005	226.089	0.99619	225.196	1.00584
20	1000	0.2	0.005	226.834	0.996412	226.116	1.00617
20	1000	0.2	0.005	224.224	0.996353	217.117	1.00567
20	1000	0.2	0.005	45.5494	0.996224	-55.2773	1.00106
20	1000	0.2	0.005	229.213	0.996407	206.825	1.00624
20	1000	0.2	0.005	219.101	0.996557	215.063	1.00584
20	1000	0.2	0.005	217.294	0.996241	203.062	1.00625
20	1000	0.2	0.005	228.711	0.996461	129.502	1.00603
20	1000	0.2	0.005	215.573	0.997029	224.285	1.00585
20	1000	0.2	0.005	230.907	0.996286	218.871	1.00615
20	1000	0.2	0.005	218.33	0.996151	220.199	1.00595
20	1000	0.2	0.005	229.707	0.996599	186.924	1.00635
20	500	0.5	0.05	775.269	0.954626	750.507	1.02321
20	500	0.5	0.05	778.388	0.960989	729.259	1.02444
20	500	0.5	0.05	752.36	0.95512	644.302	1.01366
20	500	0.5	0.05	765.033	0.962782	625.557	1.02318
20	500	0.5	0.05	781.006	0.95389	740.014	1.02307
20	500	0.5	0.05	762.313	0.954491	743.647	1.02217
20	500	0.5	0.05	789.45	0.952197	751.39	1.02054
20	500	0.5	0.05	771.231	0.957149	734.926	1.02325
20	500	0.5	0.05	786.311	0.953449	735.736	1.02379
20	500	0.5	0.05	757.446	0.956236	750.157	1.02138
20	500	0.5	0.05	765.789	0.954364	741.539	1.02198
20	500	0.5	0.05	782.858	0.954304	719.055	1.02088
20	500	0.5	0.05	760.163	0.957636	723.378	1.02033
20	500	0.5	0.05	769.009	0.956558	721.154	1.02076
20	500	0.5	0.05	779.88	0.954201	728.434	1.01885
20	500	0.5	0.05	777.181	0.952271	739.2	1.02253
20	500	0.5	0.05	786.232	0.952621	749.744	1.02235
20	500	0.5	0.05	780.478	0.956356	758.836	1.02355
20	500	0.5	0.05	772.33	0.956658	730.184	1.01986
20	500	0.5	0.05	747.289	0.964264	734.341	1.02568
20	1000	0.5	0.05	1149.97	0.962509	1090.26	1.01911
20	1000	0.5	0.05	1114.33	0.958896	981.192	1.02086
20	1000	0.5	0.05	1121.96	0.963671	1033.31	1.02019
20	1000	0.5	0.05	1079.51	0.957975	1093.38	1.02157
20	1000	0.5	0.05	1063.87	0.965418	1036.64	1.02074
20	1000	0.5	0.05	1118.76	0.960404	985.332	1.02205
20	1000	0.5	0.05	1138.52	0.958514	1091.98	1.02303
20	1000	0.5	0.05	1145.28	0.957852	1098.79	1.02226
20	1000	0.5	0.05	1149.6	0.959222	1006.05	1.02081
20	1000	0.5	0.05	1111.94	0.96325	961.502	1.02034
20	1000	0.5	0.05	1128.12	0.960952	998.018	1.02167
20	1000	0.5	0.05	1068.69	0.960701	971.442	1.02433
20	1000	0.5	0.05	1145.56	0.95823	1073.18	1.02078
20	1000	0.5	0.05	1069.92	0.956473	978.875	1.02425
20	1000	0.5	0.05	1128.49	0.962701	849.19	1.0212
20	1000	0.5	0.05	1115.08	0.961518	977.559	1.02208
20	1000	0.5	0.05	1097.91	0.957103	1011.25	1.02599
20	1000	0.5	0.05	1065.43	0.963511	978.921	1.02063
20	1000	0.5	0.05	1147.17	0.956188	994.406	1.02279
20	1000	0.5	0.05	1104.34	0.956186	1081.09	1.02527
20	100	0.5	0.05	178.244	0.945008	169.961	1.02619
20	100	0.5	0.05	164.111	0.959519	142.867	1.02046
20	100	0.5	0.05	166.222	0.947099	163.761	1.02523
20	100	0.5	0.05	162.362	0.947664	150.639	1.02851
20	100	0.5	0.05	187.331	0.951004	169.551	1.02921
20	100	0.5	0.05	185.688	0.940791	165.416	1.0254
20	100	0.5	0.05	159.549	0.967776	151.326	1.01996
20	100	0.5	0.05	187.259	0.953555	153.096	1.02
20	100	0.5	0.05	171.301	0.95983	163.926	1.02395
20	100	0.5	0.05	183.609	0.946746	153.956	1.02671
20	100	0.5	0.05	181.0	0.927433	140.36	1.01886
20	100	0.5	0.05	168.685	0.948522	167.463	1.01797
20	100	0.5	0.05	163.238	0.963119	139.581	1.02153
20	100	0.5	0.05	180.095	0.944105	146.687	1.02462
20	100	0.5	0.05	182.868	0.933517	160.15	1.02367
20	100	0.5	0.05	181.515	0.921587	166.429	1.02656
20	100	0.5	0.05	182.196	0.94217	169.32	1.02211
20	100	0.5	0.05	165.253	0.956368	163.387	1.02736
20	100	0.5	0.05	175.512	0.92875	164.168	1.02659
20	100	0.5	0.05	160.23	0.951496	163.928	1.02782
20	200	0.1	0.005	1.90644	0.999583	-43.9867	0.937058
20	200	0.1	0.005	-15.1504	0.999299	2.16689	1.01512
20	200	0.1	0.005	1.49594	0.999333	-8.2184	0.979881
20	200	0.1	0.005	0.441881	0.998735	3.01438	1.01039
20	200	0.1	0.005	1.39426	0.999066	-9.30035	0.981859
20	200	0.1	0.005	2.81935	1.00224	-2.60957	1.0078
20	200	0.1	0.005	-4.21502	1.00111	1.49437	0.997341
20	200	0.1	0.005	3.5481	0.998366	0.164346	0.979657
20	200	0.1	0.005	1.16409	0.99875	1.60868	1.01929
20	200	0.1	0.005	-2.27744	1.00087	3.16874	1.0058
20	200	0.1	0.005	-4.29628	0.998942	-3.41047	0.978065
20	200	0.1	0.005	0.769457	0.998796	-47.152	0.923377
20	200	0.1	0.005	-6.47612	1.00028	2.00442	1.00374
20	200	0.1	0.005	1.32212	0.997539	4.72673	1.00723
20	200	0.1	0.005	-0.145541	0.999973	2.21033	1.01092
20	200	0.1	0.005	0.901821	0.999643	1.03828	1.00421
20	200	0.1	0.005	-8.96471	0.99826	0.279046	1.00957
20	200	0.1	0.005	1.15223	1.00118	1.05841	1.029
20	200	0.1	0.005	2.00137	0.997699	2.07448	1.02585
20	200	0.1	0.005	-5.64503	1.00092	0.358008	1.00031
20	1000	0.1	0.01	1085.99	0.989152	868.044	1.03627
20	1000	0.1	0.01	620.699	0.988701	670.74	1.01366
20	1000	0.1	0.01	1069.57	0.988702	641.299	1.02902
20	1000	0.1	0.01	1089.66	0.989761	874.999	1.03881
20	1000	0.1	0.01	1063.33	0.989717	736.951	1.03227
20	1000	0.1	0.01	1061.83	0.988159	713.987	1.03517
20	1000	0.1	0.01	1074.37	0.989638	357.203	1.03252
20	1000	0.1	0.01	1076.53	0.989632	724.624	1.02937
20	1000	0.1	0.01	1057.98	0.988846	811.018	1.03279
20	1000	0.1	0.01	1060.52	0.989227	835.191	1.03881
20	1000	0.1	0.01	1052.36	0.989592	809.61	1.03092
20	1000	0.1	0.01	1074.39	0.98965	842.809	1.03227
20	1000	0.1	0.01	1094.17	0.989417	876.837	1.03393
20	1000	0.1	0.01	1069.9	0.989617	850.82	1.03881
20	1000	0.1	0.01	1060.98	0.989888	848.381	1.03046
20	1000	0.1	0.01	1068.81	0.98965	367.558	1.03173
20	1000	0.1	0.01	1072.99	0.988333	667.18	1.03473
20	1000	0.1	0.01	1072.01	0.990032	592.182	1.03347
20	1000	0.1	0.01	1065.17	0.989186	711.2	1.03732
20	1000	0.1	0.01	1069.04	0.988884	852.033	1.0337
20	200	0.05	0.05	1369.76	0.962121	943.133	1.12751
20	200	0.05	0.05	1390.05	0.949181	950.141	1.1296
20	200	0.05	0.05	1365.65	0.959878	1001.81	1.21789
20	200	0.05	0.05	1390.42	0.953713	957.766	1.12649
20	200	0.05	0.05	1369.03	0.953004	953.663	1.12715
20	200	0.05	0.05	1373.38	0.952399	952.969	1.12656
20	200	0.05	0.05	1361.4	0.956403	948.957	1.12569
20	200	0.05	0.05	1387.55	0.95451	949.97	1.1271
20	200	0.05	0.05	1390.56	0.960308	955.914	1.12736
20	200	0.05	0.05	1408.08	0.949542	955.083	1.13104
20	200	0.05	0.05	1383.31	0.954677	949.114	1.12658
20	200	0.05	0.05	1367.04	0.950706	952.462	1.1254
20	200	0.05	0.05	1376.43	0.950963	942.893	1.12654
20	200	0.05	0.05	1369.96	0.956671	948.121	1.22221
20	200	0.05	0.05	1384.4	0.955678	940.412	1.12665
20	200	0.05	0.05	1408.97	0.955971	962.547	1.12656
20	200	0.05	0.05	1385.4	0.952295	978.192	1.19774
20	200	0.05	0.05	1373.1	0.950638	953.172	1.12777
20	200	0.05	0.05	1389.62	0.949387	954.234	1.13057
20	200	0.05	0.05	1378.03	0.958325	946.177	1.12447
20	200	0.1	0.05	1450.65	0.938838	1003.31	1.10748
20	200	0.1	0.05	1460.13	0.940177	1064.39	1.1294
20	200	0.1	0.05	1459.31	0.945399	1157.46	1.19334
20	200	0.1	0.05	1455.81	0.939475	998.514	1.10558
20	200	0.1	0.05	1440.65	0.941272	1152.47	1.19355
20	200	0.1	0.05	1463.03	0.940716	1159.06	1.19318
20	200	0.1	0.05	1449.31	0.938119	971.926	1.10182
20	200	0.1	0.05	1450.87	0.943446	1131.95	1.19229
20	200	0.1	0.05	1455.02	0.942964	961.665	1.08933
20	200	0.1	0.05	1453.53	0.945478	1014.3	1.11194
20	200	0.1	0.05	1451.38	0.944667	1016.7	1.11611
20	200	0.1	0.05	1451.75	0.943312	1141.47	1.19253
20	200	0.1	0.05	1464.25	0.942126	1157.24	1.1889
20	200	0.1	0.05	1467.49	0.941442	1119.47	1.15985
20	200	0.1	0.05	1456.19	0.945405	1142.67	1.18997
20	200	0.1	0.05	1453.24	0.93718	1015.04	1.11627
20	200	0.1	0.05	1462.16	0.941566	1123.38	1.16162
20	200	0.1	0.05	1462.95	0.940425	1041.45	1.1297
20	200	0.1	0.05	1448.27	0.940885	1142.32	1.18985
20	200	0.1	0.05	1456.1	0.942686	1060.69	1.16185
20	200	0.1	0.01	55.6722	0.993165	42.7298	1.03747
20	200	0.1	0.01	75.2977	0.992464	52.3983	1.03721
20	200	0.1	0.01	66.9965	0.992664	47.645	1.02761
20	200	0.1	0.01	71.1716	0.994269	70.3758	1.03331
20	200	0.1	0.01	54.0127	0.991359	70.2442	1.04196
20	200	0.1	0.01	63.9892	0.992874	16.5245	1.01511
20	200	0.1	0.01	73.7128	0.991158	68.6405	1.03184
20	200	0.1	0.01	64.914	0.992578	61.2026	1.02289
20	200	0.1	0.01	71.7777	0.994261	52.974	1.04114
20	200	0.1	0.01	68.1934	0.992161	58.4408	1.04031
20	200	0.1	0.01	73.7815	0.992943	47.9082	1.0419
20	200	0.1	0.01	67.1497	0.990095	66.6642	1.03407
20	200	0.1	0.01	66.424	0.99041	65.2785	1.04157
20	200	0.1	0.01	72.964	0.992058	71.2666	1.03911
20	200	0.1	0.01	69.0376	0.990434	72.3398	1.03522
20	200	0.1	0.01	69.8857	0.993296	63.8511	1.04026
20	200	0.1	0.01	64.0987	0.992956	60.9089	1.03465
20	200	0.1	0.01	37.1178	0.990932	44.0526	1.03866
20	200	0.1	0.01	78.6199	0.991678	61.0418	1.03964
20	200	0.1	0.01	67.4988	0.991416	62.5515	1.04122
20	1000	0.05	0.02	1663.54	0.985823	1561.63	1.08283
20	1000	0.05	0.02	1711.23	0.985673	1588.49	1.07295
20	1000	0.05	0.02	1686.04	0.984671	1486.15	1.06152
20	1000	0.05	0.02	1702.69	0.986608	1557.92	1.08053
20	1000	0.05	0.02	1690.3	0.985514	1551.63	1.07972
20	1000	0.05	0.02	1678.81	0.985052	1560.27	1.07937
20	1000	0.05	0.02	1694.17	0.984976	1560.98	1.08122
20	1000	0.05	0.02	1678.25	0.985914	1546.97	1.08276
20	1000	0.05	0.02	1659.18	0.985166	1536.9	1.08586
20	1000	0.05	0.02	1696.07	0.984552	1553.03	1.08039
20	1000	0.05	0.02	1686.01	0.98549	1557.13	1.07433
20	1000	0.05	0.02	1693.59	0.98491	1558.73	1.09028
20	1000	0.05	0.02	1698.03	0.985725	1540.7	1.07937
20	1000	0.05	0.02	1679.12	0.986314	1557.15	1.08376
20	1000	0.05	0.02	1689.17	0.984157	1457.02	1.05927
20	1000	0.05	0.02	1700.36	0.986176	1521.85	1.08264
20	1000	0.05	0.02	1665.88	0.985553	1536.47	1.07937
20	1000	0.05	0.02	1692.0	0.985461	1520.43	1.07246
20	1000	0.05	0.02	1224.7	0.984987	168.398	1.01577
20	1000	0.05	0.02	1690.57	0.985476	1556.06	1.07489
20	1000	0.2	0.01	788.322	0.989483	552.347	1.01202
20	1000	0.2	0.01	645.382	0.992214	531.884	1.0098
20	1000	0.2	0.01	789.897	0.990692	568.422	1.01345
20	1000	0.2	0.01	781.739	0.989611	380.887	1.01644
20	1000	0.2	0.01	794.707	0.989648	620.012	1.01752
20	1000	0.2	0.01	613.389	0.992794	521.595	1.00843
20	1000	0.2	0.01	792.555	0.989611	625.976	1.01776
20	1000	0.2	0.01	629.313	0.992856	410.808	1.00811
20	1000	0.2	0.01	798.665	0.989214	649.134	1.01822
20	1000	0.2	0.01	637.904	0.992829	534.99	1.00941
20	1000	0.2	0.01	789.8	0.988478	591.2	1.01706
20	1000	0.2	0.01	767.007	0.989766	587.415	1.01456
20	1000	0.2	0.01	617.77	0.992374	525.109	1.00891
20	1000	0.2	0.01	641.79	0.992179	528.739	1.00893
20	1000	0.2	0.01	636.279	0.993007	518.243	1.00826
20	1000	0.2	0.01	636.496	0.992633	521.408	1.00901
20	1000	0.2	0.01	630.259	0.992473	522.061	1.00991
20	1000	0.2	0.01	644.442	0.991487	500.031	1.0089
20	1000	0.2	0.01	647.971	0.992991	533.687	1.00852
20	1000	0.2	0.01	628.671	0.991978	510.047	1.01072
20	100	0.05	0.05	623.457	0.951084	486.942	1.22328
20	100	0.05	0.05	613.704	0.951299	508.465	1.22998
20	100	0.05	0.05	632.088	0.951719	508.066	1.22359
20	100	0.05	0.05	624.267	0.954987	505.508	1.23131
20	100	0.05	0.05	619.184	0.949566	499.178	1.23138
20	100	0.05	0.05	622.388	0.954904	493.143	1.23112
20	100	0.05	0.05	628.041	0.954583	449.23	1.22093
20	100	0.05	0.05	624.468	0.954371	469.285	1.22489
20	100	0.05	0.05	625.039	0.947615	448.372	1.22552
20	100	0.05	0.05	630.408	0.942818	506.896	1.22493
20	100	0.05	0.05	609.136	0.948678	499.344	1.22618
20	100	0.05	0.05	620.964	0.949466	504.78	1.23116
20	100	0.05	0.05	628.2	0.949892	444.833	1.22485
20	100	0.05	0.05	625.496	0.950793	499.875	1.22644
20	100	0.05	0.05	624.686	0.952452	502.836	1.22161
20	100	0.05	0.05	625.715	0.952187	500.72	1.23152
20	100	0.05	0.05	624.676	0.949106	506.05	1.23207
20	100	0.05	0.05	627.726	0.950296	502.167	1.21861
20	100	0.05	0.05	605.836	0.955009	502.853	1.23211
20	100	0.05	0.05	625.697	0.954209	501.406	1.2298
20	100	0.2	0.005	-9.07133	1.00104	-0.707557	0.99293
20	100	0.2	0.005	-0.49057	1.00102	-0.104053	0.995642
20	100	0.2	0.005	-0.108543	0.99955	-36.3743	0.947158
20	100	0.2	0.005	-4.58333	1.00102	-4.5131	1.01138
20	100	0.2	0.005	-0.0255435	1.004	-7.16972	0.961342
20	100	0.2	0.005	-1.62568	0.997185	-0.322689	1.00256
20	100	0.2	0.005	0.0132248	1.00006	-20.5444	1.00128
20	100	0.2	0.005	-5.49442	1.0004	-1.02847	1.00474
20	100	0.2	0.005	0.0218248	0.998214	-8.94516	1.00631
20	100	0.2	0.005	1.31995	1.00317	-0.83569	1.00033
20	100	0.2	0.005	-4.03788	1.00341	-2.38392	0.994919
20	100	0.2	0.005	-4.17008	0.998428	-2.18471	1.01869
20	100	0.2	0.005	0.0	1.00098	-0.987975	1.01338
20	100	0.2	0.005	-4.63495	0.996077	-1.78362	1.00566
20	100	0.2	0.005	-0.128396	1.00381	-2.03716	1.00431
20	100	0.2	0.005	-4.19848	1.00117	-1.91039	1.01407
20	100	0.2	0.005	0.0896291	0.994085	-2.53998	0.994076
20	100	0.2	0.005	-7.55446	1.00312	-7.3645	1.00637
20	100	0.2	0.005	-2.00772	0.999579	0.0662359	0.999558
20	100	0.2	0.005	-4.40128	1.00056	-0.00823039	1.00509
20	100	0.5	0.02	27.7196	0.971618	12.7442	1.01419
20	100	0.5	0.02	19.03	0.977916	29.4545	1.01486
20	100	0.5	0.02	27.9512	0.987795	25.9787	1.01334
20	100	0.5	0.02	31.851	0.982144	26.6417	1.01583
20	100	0.5	0.02	28.7466	0.990839	25.6046	1.01454
20	100	0.5	0.02	28.8921	0.982774	26.3666	1.01263
20	100	0.5	0.02	29.7864	0.980233	30.6906	1.01271
20	100	0.5	0.02	27.6794	0.989395	24.1634	1.01427
20	100	0.5	0.02	28.1816	0.982817	27.9071	1.01441
20	100	0.5	0.02	32.0367	0.984126	22.9104	1.01211
20	100	0.5	0.02	28.7599	0.982989	28.0667	1.01366
20	100	0.5	0.02	29.8824	0.981135	28.9891	1.0067
20	100	0.5	0.02	26.2374	0.980535	18.5182	1.01111
20	100	0.5	0.02	21.4126	0.981621	26.4094	1.01058
20	100	0.5	0.02	30.0808	0.983021	24.1407	1.01024
20	100	0.5	0.02	31.5952	0.982246	27.372	1.01659
20	100	0.5	0.02	27.7956	0.980765	29.98	1.01135
20	100	0.5	0.02	33.4472	0.982356	28.7838	1.01904
20	100	0.5	0.02	28.6079	0.985361	28.9903	1.01129
20	100	0.5	0.02	26.9587	0.981801	27.9315	1.01211
20	500	0.2	0.05	2306.11	0.939196	2073.54	1.09238
20	500	0.2	0.05	2295.46	0.943576	2166.79	1.09566
20	500	0.2	0.05	2323.61	0.939933	2177.41	1.09707
20	500	0.2	0.05	2292.89	0.940698	2172.89	1.09468
20	500	0.2	0.05	2308.38	0.940051	2177.65	1.09394
20	500	0.2	0.05	2320.62	0.939946	2180.59	1.09158
20	500	0.2	0.05	2291.91	0.93828	2160.76	1.09246
20	500	0.2	0.05	2314.03	0.941323	2194.71	1.09525
20	500	0.2	0.05	2295.2	0.93841	2178.17	1.09596
20	500	0.2	0.05	2306.7	0.939585	2176.64	1.09542
20	500	0.2	0.05	2317.97	0.938493	2169.68	1.09318
20	500	0.2	0.05	2300.05	0.941691	2156.77	1.08995
20	500	0.2	0.05	2312.37	0.941014	2178.4	1.09586
20	500	0.2	0.05	2291.4	0.940501	2153.25	1.09373
20	500	0.2	0.05	2248.0	0.942022	1596.47	1.04521
20	500	0.2	0.05	2296.12	0.939897	2139.32	1.09341
20	500	0.2	0.05	2319.91	0.940048	2176.48	1.0941
20	500	0.2	0.05	2308.16	0.940841	2172.16	1.09298
20	500	0.2	0.05	2301.53	0.939933	2163.34	1.0933
20	500	0.2	0.05	2311.62	0.938534	2163.94	1.09117
20	1000	0.05	0.05	5123.81	0.955062	5023.86	1.26054
20	1000	0.05	0.05	5150.06	0.956008	5023.4	1.25012
20	1000	0.05	0.05	5145.91	0.95593	5042.0	1.25576
20	1000	0.05	0.05	5115.03	0.956104	5003.04	1.26642
20	1000	0.05	0.05	5101.54	0.956081	5030.87	1.26078
20	1000	0.05	0.05	5150.42	0.957475	5043.0	1.25595
20	1000	0.05	0.05	5114.83	0.956755	4971.8	1.23746
20	1000	0.05	0.05	5171.3	0.954804	5063.57	1.26138
20	1000	0.05	0.05	5137.06	0.953416	5054.62	1.2615
20	1000	0.05	0.05	5121.78	0.95485	5025.72	1.26002
20	1000	0.05	0.05	5141.07	0.955729	5024.89	1.26208
20	1000	0.05	0.05	4872.52	0.956346	1694.57	1.04521
20	1000	0.05	0.05	5135.77	0.956275	5034.29	1.26167
20	1000	0.05	0.05	5131.96	0.957921	5017.76	1.26121
20	1000	0.05	0.05	5150.87	0.955217	5050.63	1.26167
20	1000	0.05	0.05	5079.27	0.95611	4977.21	1.25184
20	1000	0.05	0.05	5093.8	0.956762	4987.79	1.26337
20	1000	0.05	0.05	5122.87	0.953642	5033.87	1.26151
20	1000	0.05	0.05	5101.43	0.954846	5015.24	1.26296
20	1000	0.05	0.05	5135.45	0.956836	5030.01	1.26061
20	500	0.1	0.005	107.911	0.994948	104.477	1.01655
20	500	0.1	0.005	120.27	0.995558	113.154	1.01927
20	500	0.1	0.005	107.826	0.996222	104.856	1.01827
20	500	0.1	0.005	106.068	0.996418	104.269	1.01876
20	500	0.1	0.005	111.682	0.995042	90.725	1.01743
20	500	0.1	0.005	118.593	0.995551	93.3954	1.01532
20	500	0.1	0.005	106.5	0.995602	79.3359	1.01693
20	500	0.1	0.005	113.269	0.99525	111.641	1.01804
20	500	0.1	0.005	106.197	0.996681	61.1975	1.01
20	500	0.1	0.005	16.9009	0.994951	34.5166	1.01366
20	500	0.1	0.005	111.333	0.995769	63.2007	1.0166
20	500	0.1	0.005	322.809	0.991764	316.232	1.02212
20	500	0.1	0.005	115.512	0.995922	98.4701	1.01813
20	500	0.1	0.005	111.088	0.995795	96.6522	1.01665
20	500	0.1	0.005	319.323	0.991926	305.283	1.02182
20	500	0.1	0.005	114.052	0.99521	99.1356	1.01518
20	500	0.1	0.005	-113.096	0.994949	81.8898	1.01366
20	500	0.1	0.005	111.869	0.995735	99.78	1.0162
20	500	0.1	0.005	90.0475	0.995219	108.38	1.01786
20	500	0.1	0.005	102.841	0.99566	52.8252	1.01577
20	100	0.2	0.02	80.5876	0.981173	88.2618	1.04531
20	100	0.2	0.02	101.749	0.978988	98.9222	1.04493
20	100	0.2	0.02	86.6119	0.978992	80.8679	1.04308
20	100	0.2	0.02	86.2944	0.975518	94.986	1.04063
20	100	0.2	0.02	80.7448	0.978845	97.9323	1.04086
20	100	0.2	0.02	96.0294	0.983705	97.9048	1.04158
20	100	0.2	0.02	67.5651	0.980414	95.8987	1.04065
20	100	0.2	0.02	74.9281	0.976217	89.4981	1.03517
20	100	0.2	0.02	78.8473	0.985275	99.1756	1.04351
20	100	0.2	0.02	97.1728	0.978209	74.394	1.04948
20	100	0.2	0.02	99.8806	0.980205	84.1579	1.0441
20	100	0.2	0.02	75.754	0.975632	97.9372	1.04324
20	100	0.2	0.02	95.8831	0.979499	95.9627	1.03829
20	100	0.2	0.02	98.289	0.978801	71.349	1.04332
20	100	0.2	0.02	84.4746	0.979084	98.4581	1.04543
20	100	0.2	0.02	98.6873	0.984538	72.7552	1.04659
20	100	0.2	0.02	94.8707	0.978782	86.4495	1.04792
20	100	0.2	0.02	99.2673	0.978928	79.8551	1.04549
20	100	0.2	0.02	80.2779	0.981913	66.0274	1.0397
20	100	0.2	0.02	92.7508	0.980731	84.8161	1.04624
20	100	0.2	0.01	2.98023e-08	0.996986	-21.5003	0.976922
20	100	0.2	0.01	2.82927	0.9879	-9.39748	1.02054
20	100	0.2	0.01	4.87074	0.99289	-1.94051	0.996744
20	100	0.2	0.01	-3.51211	0.995791	-31.05	0.99815
20	100	0.2	0.01	5.34067	0.999998	4.7117	1.0121
20	100	0.2	0.01	4.91216	0.998579	3.27805	1.0205
20	100	0.2	0.01	8.16593	1.00033	-19.5245	0.977481
20	100	0.2	0.01	8.40086	0.996214	-6.43357	0.989478
20	100	0.2	0.01	5.84751	0.999617	4.83054	1.01281
20	100	0.2	0.01	4.48942	0.998185	-9.64457	0.974819
20	100	0.2	0.01	4.9823	0.996224	6.20264	1.01031
20	100	0.2	0.01	7.20632	1.00509	4.12941	1.02372
20	100	0.2	0.01	1.27335	0.995824	-16.3103	0.972542
20	100	0.2	0.01	-1.31302	0.999351	-2.85043	0.982673
20	100	0.2	0.01	3.38408	1.00173	-21.6086	0.990208
20	100	0.2	0.01	-2.61221	0.996939	-0.0284729	1.01047
20	100	0.2	0.01	6.63583	0.997067	0.7364	1.00461
20	100	0.2	0.01	6.40353	0.997235	-27.6589	0.981322
20	100	0.2	0.01	8.46828	0.998087	-24.6799	0.983642
20	100	0.2	0.01	7.78487	0.994573	4.93968	1.01376
20	100	0.05	0.02	138.045	0.975827	121.582	1.1998
20	100	0.05	0.02	97.3425	0.977063	125.439	1.18424
20	100	0.05	0.02	136.098	0.974375	124.934	1.17082
20	100	0.05	0.02	137.285	0.974847	112.378	1.18776
20	100	0.05	0.02	128.907	0.97664	61.5573	1.18111
20	100	0.05	0.02	120.493	0.976519	115.53	1.1676
20	100	0.05	0.02	112.127	0.977609	84.61	1.18376
20	100	0.05	0.02	121.128	0.974126	117.912	1.19938
20	100	0.05	0.02	130.959	0.968775	101.095	1.15853
20	100	0.05	0.02	132.306	0.974014	116.668	1.18049
20	100	0.05	0.02	132.351	0.974142	116.893	1.18032
20	100	0.05	0.02	105.21	0.97638	124.4	1.18906
20	100	0.05	0.02	119.358	0.975284	113.281	1.15493
20	100	0.05	0.02	133.834	0.973292	111.07	1.16747
20	100	0.05	0.02	134.939	0.979475	120.911	1.1874
20	100	0.05	0.02	136.903	0.975361	122.121	1.19486
20	100	0.05	0.02	128.743	0.976806	126.516	1.19449
20	100	0.05	0.02	131.198	0.975887	132.173	1.18058
20	100	0.05	0.02	131.788	0.969233	119.718	1.19832
20	100	0.05	0.02	140.347	0.973969	84.3824	1.15127
20	200	0.5	0.05	202.409	0.978804	192.493	1.01806
20	200	0.5	0.05	216.273	0.964639	178.774	1.01374
20	200	0.5	0.05	215.129	0.968482	140.294	1.0178
20	200	0.5	0.05	206.453	0.966368	190.791	1.01481
20	200	0.5	0.05	208.668	0.959519	152.887	1.01847
20	200	0.5	0.05	212.615	0.970587	191.476	1.0147
20	200	0.5	0.05	202.955	0.971042	180.78	1.01461
20	200	0.5	0.05	207.18	0.969552	188.997	1.0154
20	200	0.5	0.05	195.687	0.975525	184.517	1.01583
20	200	0.5	0.05	194.482	0.966949	125.285	1.01366
20	200	0.5	0.05	206.717	0.971285	170.059	1.01185
20	200	0.5	0.05	214.558	0.965678	195.624	1.01844
20	200	0.5	0.05	205.092	0.966578	184.002	1.01589
20	200	0.5	0.05	219.396	0.962157	189.64	1.01704
20	200	0.5	0.05	212.207	0.971558	182.181	1.01501
20	200	0.5	0.05	215.55	0.967241	190.424	1.01502
20	200	0.5	0.05	203.187	0.969006	186.127	1.01565
20	200	0.5	0.05	215.348	0.968042	198.631	1.01704
20	200	0.5	0.05	212.629	0.973335	177.825	1.0147
20	200	0.5	0.05	213.233	0.971072	183.872	1.0147
20	100	0.1	0.005	-0.713275	1.0019	0.689401	1.00336
20	100	0.1	0.005	5.22339	0.99871	1.04658	1.00768
20	100	0.1	0.005	-2.5995	0.997324	1.41817	1.01165
20	100	0.1	0.005	-1.50382	1.00513	2.87272	1.01186
20	100	0.1	0.005	5.33628	0.999863	-1.70559	1.01285
20	100	0.1	0.005	3.44483	0.999879	-1.49238	1.01291
20	100	0.1	0.005	4.33225	0.994154	5.54063	1.01289
20	100	0.1	0.005	0.104245	0.998163	1.49206	1.00822
20	100	0.1	0.005	-0.147798	0.992305	1.674	1.01755
20	100	0.1	0.005	4.9363	1.00246	-0.861814	1.05841
20	100	0.1	0.005	0.341478	0.997324	2.59147	1.01073
20	100	0.1	0.005	-11.6694	1.00572	5.11681	1.01281
20	100	0.1	0.005	1.90848	0.999308	4.47214	1.0418
20	100	0.1	0.005	-1.24614	0.997924	-0.0848086	1.02365
20	100	0.1	0.005	5.22161	1.00037	1.52288	1.0467
20	100	0.1	0.005	2.72146	1.00161	1.70243	1.03756
20	100	0.1	0.005	-1.20687	1.00004	3.66103	1.02982
20	100	0.1	0.005	-16.0494	0.99215	5.16973	1.04812
20	100	0.1	0.005	-0.180059	1.00305	1.42312	1.0357
20	100	0.1	0.005	0.716461	0.994822	-5.87294	1.01288
20	1000	0.05	0.005	10.7826	0.996734	12.8763	0.969957
20	1000	0.05	0.005	251.933	0.996479	195.533	1.02094
20	1000	0.05	0.005	230.884	0.996812	248.344	1.02041
20	1000	0.05	0.005	254.053	0.99686	57.585	1.01458
20	1000	0.05	0.005	255.058	0.996581	253.249	1.02116
20	1000	0.05	0.005	252.442	0.996277	62.3736	1.02041
20	1000	0.05	0.005	251.756	0.996248	188.971	1.02081
20	1000	0.05	0.005	250.949	0.996606	12.9029	0.967247
20	1000	0.05	0.005	249.594	0.996868	244.585	1.02078
20	1000	0.05	0.005	246.618	0.996639	210.709	1.02024
20	1000	0.05	0.005	245.72	0.996932	250.064	1.02028
20	1000	0.05	0.005	252.975	0.996813	260.491	1.02068
20	1000	0.05	0.005	250.661	0.997091	214.838	1.02103
20	1000	0.05	0.005	4.37115	0.996707	126.004	1.02106
20	1000	0.05	0.005	245.714	0.996838	247.51	1.02099
20	1000	0.05	0.005	251.221	0.996323	250.394	1.02032
20	1000	0.05	0.005	242.322	0.99684	252.415	1.02083
20	1000	0.05	0.005	217.683	0.996357	200.179	1.02094
20	1000	0.05	0.005	256.007	0.996303	253.771	1.02132
20	1000	0.05	0.005	251.14	0.997044	176.874	1.02131
20	200	0.05	0.02	381.537	0.980436	333.163	1.11102
20	200	0.05	0.02	405.519	0.981191	319.347	1.10998
20	200	0.05	0.02	398.742	0.979812	335.766	1.10724
20	200	0.05	0.02	399.948	0.978143	324.404	1.10698
20	200	0.05	0.02	408.191	0.980154	334.98	1.10444
20	200	0.05	0.02	390.613	0.978634	327.218	1.10632
20	200	0.05	0.02	408.107	0.980206	337.71	1.11128
20	200	0.05	0.02	404.771	0.978466	335.477	1.10457
20	200	0.05	0.02	415.566	0.98189	325.738	1.10545
20	200	0.05	0.02	404.21	0.982439	325.944	1.10258
20	200	0.05	0.02	403.852	0.97996	324.055	1.10793
20	200	0.05	0.02	406.004	0.981251	335.52	1.10725
20	200	0.05	0.02	402.154	0.981209	329.779	1.10628
20	200	0.05	0.02	367.689	0.978462	331.724	1.10881
20	200	0.05	0.02	367.349	0.979594	307.544	1.10485
20	200	0.05	0.02	415.234	0.980995	337.673	1.10835
20	200	0.05	0.02	406.404	0.980033	327.388	1.1058
20	200	0.05	0.02	413.049	0.980666	340.485	1.10574
20	200	0.05	0.02	407.878	0.981191	329.078	1.10912
20	200	0.05	0.02	363.703	0.981064	314.116	1.10354
20	1000	0.2	0.05	3875.26	0.951059	3706.49	1.08143
20	1000	0.2	0.05	3848.97	0.955908	3677.38	1.08068
20	1000	0.2	0.05	3868.11	0.952152	3682.33	1.08048
20	1000	0.2	0.05	3836.35	0.951058	3650.27	1.08225
20	1000	0.2	0.05	3783.82	0.950082	2866.86	1.04521
20	1000	0.2	0.05	3860.89	0.949289	3694.93	1.08421
20	1000	0.2	0.05	3868.63	0.956027	3731.32	1.08135
20	1000	0.2	0.05	3866.75	0.9488	3718.63	1.08011
20	1000	0.2	0.05	3860.25	0.950485	3688.87	1.08055
20	1000	0.2	0.05	3865.87	0.944914	3710.39	1.0838
20	1000	0.2	0.05	3707.09	0.951538	3180.94	1.04521
20	1000	0.2	0.05	3861.18	0.952564	3694.49	1.08285
20	1000	0.2	0.05	3834.26	0.948398	3631.07	1.08401
20	1000	0.2	0.05	3871.69	0.950341	3727.5	1.08281
20	1000	0.2	0.05	3869.19	0.949782	3715.27	1.08257
20	1000	0.2	0.05	3894.36	0.9484	3741.9	1.08204
20	1000	0.2	0.05	3868.34	0.950517	3710.73	1.08177
20	1000	0.2	0.05	3853.63	0.949778	3658.3	1.08035
20	1000	0.2	0.05	3880.15	0.949559	3695.34	1.08365
20	1000	0.2	0.05	3848.73	0.948674	3708.51	1.08502
20	200	0.2	0.02	335.175	0.978031	223.747	1.03143
20	200	0.2	0.02	334.841	0.98101	197.947	1.03366
20	200	0.2	0.02	329.984	0.979192	251.093	1.02917
20	200	0.2	0.02	331.32	0.97507	246.454	1.02709
20	200	0.2	0.02	327.695	0.982829	245.258	1.02923
20	200	0.2	0.02	334.114	0.977995	251.213	1.03291
20	200	0.2	0.02	327.116	0.978252	254.026	1.029
20	200	0.2	0.02	333.063	0.97851	252.035	1.02802
20	200	0.2	0.02	334.434	0.97525	206.524	1.02801
20	200	0.2	0.02	310.203	0.979849	225.548	1.02781
20	200	0.2	0.02	340.711	0.97932	258.06	1.03192
20	200	0.2	0.02	336.436	0.979128	216.706	1.02942
20	200	0.2	0.02	333.89	0.979335	243.484	1.02922
20	200	0.2	0.02	320.431	0.979476	234.202	1.03366
20	200	0.2	0.02	334.55	0.976513	195.161	1.03366
20	200	0.2	0.02	338.507	0.976134	272.469	1.02965
20	200	0.2	0.02	332.377	0.978976	256.246	1.03069
20	200	0.2	0.02	343.447	0.979511	269.252	1.02926
20	200	0.2	0.02	338.274	0.97644	238.931	1.02834
20	200	0.2	0.02	332.866	0.978011	267.829	1.0296
20	100	0.05	0.005	-10.0659	1.00005	0.333715	1.00643
20	100	0.05	0.005	0.947171	0.99372	4.44851	1.06663
20	100	0.05	0.005	-3.57639	0.997573	0.461094	1.02366
20	100	0.05	0.005	-0.73116	0.997079	2.72652	1.06492
20	100	0.05	0.005	0.515155	1.00021	0.0414981	0.995988
20	100	0.05	0.005	-9.62339	1.00005	-0.165016	1.00755
20	100	0.05	0.005	-19.7012	1.00528	5.19073	1.06663
20	100	0.05	0.005	3.37801	0.995723	5.00547	1.09238
20	100	0.05	0.005	5.10255	0.992018	1.01774	1.06663
20	100	0.05	0.005	2.85749	0.995274	1.09497	1.04576
20	100	0.05	0.005	1.937	1.00072	2.29988	1.02511
20	100	0.05	0.005	-0.571363	1.00032	3.49707	1.04322
20	100	0.05	0.005	0.0899688	0.996858	0.597007	0.993939
20	100	0.05	0.005	-14.1068	1.00148	-3.94881e-05	1.01153
20	100	0.05	0.005	-1.15857	0.999756	2.68974	1.07075
20	100	0.05	0.005	2.77215	0.993774	0.476073	1.0392
20	100	0.05	0.005	4.40093	0.993701	1.12556	1.06663
20	100	0.05	0.005	-0.137747	1.00568	0.104701	0.988646
20	100	0.05	0.005	0.560272	0.990352	-0.228393	0.994283
20	100	0.05	0.005	-1.0649	1.0019	-0.00174212	0.99538
20	500	0.2	0.01	208.265	0.992962	214.416	1.01232
20	500	0.2	0.01	219.616	0.993157	214.667	1.01145
20	500	0.2	0.01	207.869	0.992772	194.998	1.01172
20	500	0.2	0.01	218.729	0.993262	218.219	1.01027
20	500	0.2	0.01	208.923	0.992413	214.767	1.012
20	500	0.2	0.01	86.3252	0.993157	43.2046	1.01077
20	500	0.2	0.01	213.21	0.993157	216.486	1.01097
20	500	0.2	0.01	218.234	0.993131	214.82	1.01106
20	500	0.2	0.01	221.223	0.992842	216.075	1.01191
20	500	0.2	0.01	206.382	0.993089	158.345	1.01162
20	500	0.2	0.01	208.73	0.992546	219.16	1.01155
20	500	0.2	0.01	195.927	0.993459	215.296	1.01174
20	500	0.2	0.01	105.766	0.992303	181.811	1.01077
20	500	0.2	0.01	209.427	0.993157	219.327	1.0111
20	500	0.2	0.01	218.55	0.993817	205.235	1.01146
20	500	0.2	0.01	218.704	0.992748	215.626	1.01164
20	500	0.2	0.01	220.062	0.99221	216.712	1.0109
20	500	0.2	0.01	218.528	0.993371	215.625	1.01142
20	500	0.2	0.01	215.519	0.992726	212.668	1.0116
20	500	0.2	0.01	220.7	0.992777	217.358	1.01193
20	200	0.2	0.005	44.9757	0.990922	24.0668	1.01286
20	200	0.2	0.005	23.9276	0.994648	40.3902	1.01366
20	200	0.2	0.005	42.556	0.992868	42.8493	1.01764
20	200	0.2	0.005	42.9235	0.993884	28.7788	1.02273
20	200	0.2	0.005	34.6775	0.993449	44.7224	1.019
20	200	0.2	0.005	42.9757	0.995377	43.0315	1.01023
20	200	0.2	0.005	37.2832	0.995247	30.4817	1.01899
20	200	0.2	0.005	37.2896	0.995424	26.2039	1.01272
20	200	0.2	0.005	38.2091	0.99377	36.4538	1.01286
20	200	0.2	0.005	47.5488	0.991261	43.6062	1.0174
20	200	0.2	0.005	37.2928	0.994543	45.7555	1.01381
20	200	0.2	0.005	43.2661	0.994025	38.9077	1.02072
20	200	0.2	0.005	24.4972	0.99255	43.5595	1.01577
20	200	0.2	0.005	43.3807	0.993945	42.3423	1.01827
20	200	0.2	0.005	43.3794	0.994202	23.5522	1.01696
20	200	0.2	0.005	39.3455	0.991751	39.8443	1.01574
20	200	0.2	0.005	41.9146	0.995858	39.9582	1.01802
20	200	0.2	0.005	46.1614	0.995312	45.1331	1.01398
20	200	0.2	0.005	36.1371	0.992987	29.4629	1.01137
20	200	0.2	0.005	41.4222	0.992528	10.1319	1.00951
20	100	0.1	0.02	101.896	0.978747	109.202	1.08786
20	100	0.1	0.02	96.9298	0.978712	93.9831	1.06994
20	100	0.1	0.02	94.6167	0.980515	87.4897	1.08784
20	100	0.1	0.02	113.979	0.980292	75.4575	1.06873
20	100	0.1	0.02	106.02	0.981707	98.1579	1.09479
20	100	0.1	0.02	107.991	0.985907	74.597	1.08604
20	100	0.1	0.02	122.061	0.978405	94.9973	1.09525
20	100	0.1	0.02	82.2891	0.974945	85.9553	1.08728
20	100	0.1	0.02	91.0663	0.978698	93.02	1.08062
20	100	0.1	0.02	90.4614	0.980087	77.9317	1.08901
20	100	0.1	0.02	94.8803	0.980918	92.443	1.08222
20	100	0.1	0.02	90.7452	0.976071	78.2081	1.08247
20	100	0.1	0.02	117.618	0.975218	106.352	1.09316
20	100	0.1	0.02	115.001	0.978904	105.078	1.08181
20	100	0.1	0.02	113.237	0.97866	80.3659	1.08583
20	100	0.1	0.02	98.1267	0.979825	109.016	1.08763
20	100	0.1	0.02	114.202	0.980666	70.9877	1.08169
20	100	0.1	0.02	94.5387	0.979825	81.7288	1.08327
20	100	0.1	0.02	100.107	0.980643	102.021	1.091
20	100	0.1	0.02	113.961	0.978183	99.5864	1.08323
