count	gens	m	m_miss	lnl0	sel0	lnl1	sel1
20	1000	0.5	0.01	23165.1	0.890277	20947.1	0.844907
20	1000	0.5	0.01	22747.6	0.893681	20873.4	0.844339
20	1000	0.5	0.01	23124.8	0.890788	21039.0	0.843637
20	1000	0.5	0.01	22980.3	0.891171	20913.6	0.844291
20	1000	0.5	0.01	23155.2	0.891084	21039.1	0.843942
20	1000	0.5	0.01	23055.7	0.891657	21258.6	0.840137
20	1000	0.5	0.01	23046.1	0.891866	21191.9	0.841457
20	1000	0.5	0.01	23284.3	0.889365	20860.0	0.846621
20	1000	0.5	0.01	23071.4	0.891778	20848.4	0.846822
20	1000	0.5	0.01	22999.5	0.891866	20946.5	0.844349
20	1000	0.5	0.01	22839.0	0.894052	21001.1	0.844266
20	1000	0.5	0.01	23042.2	0.891325	20896.2	0.844835
20	1000	0.5	0.01	23805.7	0.883733	21218.3	0.841483
20	1000	0.5	0.01	23098.4	0.89099	21092.2	0.842457
20	1000	0.5	0.01	23232.6	0.889752	20939.7	0.844823
20	1000	0.5	0.01	23522.9	0.886689	20973.1	0.845238
20	1000	0.5	0.01	23174.9	0.890739	20531.2	0.851412
20	1000	0.5	0.01	22987.0	0.891757	21368.1	0.837491
20	1000	0.5	0.01	23053.7	0.891846	21088.2	0.843274
20	1000	0.5	0.01	23117.1	0.890929	21046.1	0.843683
20	100	0.5	0.2	109.567	0.977152	105.014	0.967436
20	100	0.5	0.2	95.9145	0.971004	107.61	0.973163
20	100	0.5	0.2	106.666	0.97815	102.946	0.969074
20	100	0.5	0.2	105.164	0.980711	102.873	0.97362
20	100	0.5	0.2	102.448	0.977796	106.257	0.970499
20	100	0.5	0.2	102.652	0.984228	105.834	0.970663
20	100	0.5	0.2	106.41	0.98031	106.089	0.972834
20	100	0.5	0.2	104.788	0.982179	103.473	0.969313
20	100	0.5	0.2	96.2903	0.982417	77.4298	0.980788
20	100	0.5	0.2	107.584	0.978414	103.868	0.970336
20	100	0.5	0.2	107.99	0.980534	105.113	0.973942
20	100	0.5	0.2	105.969	0.977564	104.876	0.971028
20	100	0.5	0.2	107.678	0.981581	104.009	0.972186
20	100	0.5	0.2	97.9565	0.971787	106.905	0.972563
20	100	0.5	0.2	72.6541	0.980283	101.131	0.967436
20	100	0.5	0.2	104.968	0.977549	100.26	0.974904
20	100	0.5	0.2	105.675	0.975069	98.8025	0.973706
20	100	0.5	0.2	106.366	0.980156	105.101	0.972063
20	100	0.5	0.2	102.475	0.974125	103.314	0.969417
20	100	0.5	0.2	98.7866	0.982621	101.87	0.971403
20	100	0.1	0.2	105.456	0.975146	104.348	0.972809
20	100	0.1	0.2	111.162	0.976941	103.318	0.977571
20	100	0.1	0.2	109.089	0.977664	107.606	0.975875
20	100	0.1	0.2	104.351	0.979437	111.039	0.974589
20	100	0.1	0.2	97.9321	0.973203	98.5853	0.977579
20	100	0.1	0.2	106.996	0.975281	65.1323	0.985687
20	100	0.1	0.2	104.629	0.983103	105.439	0.968813
20	100	0.1	0.2	107.049	0.977564	96.4433	0.979525
20	100	0.1	0.2	110.58	0.97902	110.066	0.967436
20	100	0.1	0.2	107.423	0.97654	109.464	0.967436
20	100	0.1	0.2	85.1699	0.98996	105.741	0.973034
20	100	0.1	0.2	83.7627	0.980565	107.388	0.975137
20	100	0.1	0.2	106.004	0.977948	106.24	0.972348
20	100	0.1	0.2	105.685	0.976195	110.888	0.97164
20	100	0.1	0.2	101.943	0.984828	105.658	0.973981
20	100	0.1	0.2	116.147	0.977911	102.777	0.975059
20	100	0.1	0.2	103.778	0.982966	92.7102	0.969418
20	100	0.1	0.2	77.218	0.986467	109.182	0.967436
20	100	0.1	0.2	107.281	0.978123	105.087	0.971862
20	100	0.1	0.2	100.38	0.975145	108.323	0.967436
20	1000	0.5	0.2	1500.18	0.980064	1473.5	0.97622
20	1000	0.5	0.2	1493.23	0.978649	1475.36	0.976458
20	1000	0.5	0.2	1505.52	0.98001	1457.07	0.974413
20	1000	0.5	0.2	1506.99	0.980353	1478.33	0.977697
20	1000	0.5	0.2	1517.95	0.980502	1491.33	0.978215
20	1000	0.5	0.2	1514.42	0.980465	1470.08	0.975731
20	1000	0.5	0.2	1493.92	0.97891	1493.15	0.977579
20	1000	0.5	0.2	1496.52	0.978717	1487.33	0.974355
20	1000	0.5	0.2	1504.52	0.97936	1479.72	0.977456
20	1000	0.5	0.2	1508.38	0.979336	1506.11	0.976718
20	1000	0.5	0.2	1494.41	0.980299	1470.26	0.97483
20	1000	0.5	0.2	1472.41	0.978477	1458.81	0.976243
20	1000	0.5	0.2	1502.24	0.980635	1465.45	0.975539
20	1000	0.5	0.2	1482.47	0.978343	1455.71	0.974514
20	1000	0.5	0.2	1522.8	0.980502	1368.69	0.986524
20	1000	0.5	0.2	1509.88	0.978779	1505.48	0.976094
20	1000	0.5	0.2	1473.36	0.97891	1470.85	0.977226
20	1000	0.5	0.2	1493.96	0.97848	1487.61	0.975124
20	1000	0.5	0.2	1516.25	0.979904	1496.6	0.97589
20	1000	0.5	0.2	1505.09	0.980502	1349.5	0.986524
20	100	0.5	0.7	785.691	1.07028	1209.32	1.10988
20	100	0.5	0.7	761.439	1.06743	1211.55	1.10909
20	100	0.5	0.7	825.57	1.07298	1224.5	1.12182
20	100	0.5	0.7	728.706	1.06362	1177.11	1.10993
20	100	0.5	0.7	685.653	1.05854	1119.12	1.09811
20	100	0.5	0.7	791.044	1.0716	1145.68	1.09624
20	100	0.5	0.7	664.811	1.05679	1249.45	1.1154
20	100	0.5	0.7	789.909	1.06578	1236.12	1.11173
20	100	0.5	0.7	825.747	1.08001	1213.8	1.10734
20	100	0.5	0.7	742.533	1.06589	1167.84	1.10709
20	100	0.5	0.7	783.939	1.0703	1243.83	1.11428
20	100	0.5	0.7	802.528	1.07299	1244.59	1.11465
20	100	0.5	0.7	796.549	1.06726	1148.88	1.09695
20	100	0.5	0.7	817.653	1.07746	1156.14	1.09734
20	100	0.5	0.7	790.141	1.07259	1077.15	1.09791
20	100	0.5	0.7	801.733	1.07316	1249.15	1.12031
20	100	0.5	0.7	806.623	1.06924	1204.75	1.10941
20	100	0.5	0.7	799.241	1.07395	1145.29	1.10215
20	100	0.5	0.7	848.096	1.08568	1242.86	1.1263
20	100	0.5	0.7	695.704	1.05867	1260.66	1.1171
20	100	0.1	0.7	613.925	1.06044	1048.2	1.08935
20	100	0.1	0.7	685.229	1.06288	1047.74	1.08983
20	100	0.1	0.7	763.736	1.06948	590.292	1.04419
20	100	0.1	0.7	763.633	1.06998	1025.5	1.08555
20	100	0.1	0.7	595.271	1.05661	1003.55	1.08189
20	100	0.1	0.7	759.141	1.07017	1043.63	1.08965
20	100	0.1	0.7	679.956	1.06153	1054.04	1.0905
20	100	0.1	0.7	766.828	1.07015	1063.57	1.09312
20	100	0.1	0.7	665.373	1.07425	1039.64	1.08788
20	100	0.1	0.7	765.608	1.06986	1062.52	1.09312
20	100	0.1	0.7	594.397	1.05664	1081.33	1.09642
20	100	0.1	0.7	610.114	1.06771	786.33	1.0706
20	100	0.1	0.7	732.943	1.06468	986.724	1.07808
20	100	0.1	0.7	764.572	1.06964	1041.1	1.08837
20	100	0.1	0.7	765.458	1.06959	979.102	1.07655
20	100	0.1	0.7	612.475	1.05862	1050.42	1.08962
20	100	0.1	0.7	596.623	1.06146	1041.12	1.08902
20	100	0.1	0.7	783.077	1.073	1018.88	1.0832
20	100	0.1	0.7	596.292	1.05664	1030.53	1.08534
20	100	0.1	0.7	621.908	1.06345	1073.79	1.09411
20	1000	0.5	0.4	-32.9017	0.995199	2311.75	1.05592
20	1000	0.5	0.4	1947.32	1.02868	2272.48	1.05188
20	1000	0.5	0.4	2050.36	1.02865	2252.06	1.05121
20	1000	0.5	0.4	2108.24	1.03292	2267.18	1.05249
20	1000	0.5	0.4	2082.66	1.03315	2291.44	1.05242
20	1000	0.5	0.4	2170.78	1.03764	2237.14	1.04894
20	1000	0.5	0.4	2151.14	1.03708	2299.46	1.05291
20	1000	0.5	0.4	2262.51	1.04174	318.859	1.00503
20	1000	0.5	0.4	2014.47	1.03078	2159.81	1.04452
20	1000	0.5	0.4	2091.88	1.03372	2196.25	1.04581
20	1000	0.5	0.4	2086.26	1.03415	2154.13	1.04468
20	1000	0.5	0.4	2083.34	1.03215	2273.32	1.05452
20	1000	0.5	0.4	2142.0	1.03781	2302.98	1.05242
20	1000	0.5	0.4	2128.25	1.03562	2301.92	1.05356
20	1000	0.5	0.4	2130.9	1.03267	2276.04	1.0513
20	1000	0.5	0.4	2199.24	1.03887	2144.49	1.0434
20	1000	0.5	0.4	2163.82	1.03724	2278.7	1.05234
20	1000	0.5	0.4	2174.65	1.03637	2058.1	1.04515
20	1000	0.5	0.4	2197.92	1.0394	2230.62	1.04945
20	1000	0.5	0.4	2227.59	1.04395	274.863	1.00318
20	1000	0.1	0.7	16253.4	1.24094	18427.3	1.29931
20	1000	0.1	0.7	16187.2	1.23822	17662.6	1.26048
20	1000	0.1	0.7	15875.2	1.22885	17857.8	1.2718
20	1000	0.1	0.7	16122.7	1.23665	17871.6	1.2718
20	1000	0.1	0.7	16280.5	1.24043	17927.8	1.2718
20	1000	0.1	0.7	15959.5	1.23173	18024.6	1.27891
20	1000	0.1	0.7	16090.5	1.23688	17075.6	1.2371
20	1000	0.1	0.7	16047.8	1.2346	17392.4	1.2512
20	1000	0.1	0.7	16551.6	1.25205	17061.4	1.23552
20	1000	0.1	0.7	16900.1	1.2642	16642.0	1.21969
20	1000	0.1	0.7	13229.8	1.18539	17896.5	1.27227
20	1000	0.1	0.7	15850.3	1.22826	17225.2	1.24374
20	1000	0.1	0.7	16224.1	1.24094	17901.4	1.27327
20	1000	0.1	0.7	16094.6	1.23855	14841.2	1.19972
20	1000	0.1	0.7	16389.5	1.24732	17675.8	1.26408
20	1000	0.1	0.7	15960.8	1.23065	18079.3	1.2801
20	1000	0.1	0.7	15882.3	1.22806	17931.2	1.27293
20	1000	0.1	0.7	16413.8	1.24636	18335.7	1.2927
20	1000	0.1	0.7	16179.8	1.23798	17784.8	1.26647
20	1000	0.1	0.7	16153.5	1.2371	17047.7	1.23568
20	1000	0.1	0.2	930.534	0.986832	888.272	0.985357
20	1000	0.1	0.2	924.847	0.987289	900.004	0.987162
20	1000	0.1	0.2	928.425	0.987758	889.917	0.986524
20	1000	0.1	0.2	912.241	0.987121	884.39	0.988058
20	1000	0.1	0.2	920.343	0.987319	676.807	0.995025
20	1000	0.1	0.2	908.851	0.98653	888.335	0.986235
20	1000	0.1	0.2	899.294	0.985604	894.686	0.98702
20	1000	0.1	0.2	936.691	0.987741	897.805	0.988324
20	1000	0.1	0.2	922.686	0.987726	889.792	0.9867
20	1000	0.1	0.2	926.221	0.987269	895.553	0.985474
20	1000	0.1	0.2	921.531	0.986699	898.54	0.986913
20	1000	0.1	0.2	914.811	0.987419	881.963	0.988092
20	1000	0.1	0.2	913.884	0.986126	891.956	0.986399
20	1000	0.1	0.2	923.411	0.988439	889.175	0.986223
20	1000	0.1	0.2	917.844	0.987026	889.865	0.985917
20	1000	0.1	0.2	915.879	0.988294	882.971	0.987218
20	1000	0.1	0.2	916.094	0.986913	891.363	0.986805
20	1000	0.1	0.2	908.168	0.986163	881.866	0.986434
20	1000	0.1	0.2	911.215	0.986904	883.994	0.986805
20	1000	0.1	0.2	928.372	0.988046	904.154	0.987805
20	100	0.5	0.4	80.1349	1.01255	55.641	1.01173
20	100	0.5	0.4	36.9393	1.00542	45.3152	1.0089
20	100	0.5	0.4	40.4688	1.00626	47.3648	1.0096
20	100	0.5	0.4	44.5743	1.00724	58.3609	1.01272
20	100	0.5	0.4	44.545	1.00694	44.5312	1.00874
20	100	0.5	0.4	38.7563	1.006	56.5524	1.01226
20	100	0.5	0.4	55.1918	1.00952	55.155	1.01183
20	100	0.5	0.4	27.3878	1.00386	45.2444	1.00894
20	100	0.5	0.4	59.5759	1.01157	54.3616	1.01171
20	100	0.5	0.4	180.233	1.02482	199.058	1.03248
20	100	0.5	0.4	36.7363	1.00592	68.4805	1.01472
20	100	0.5	0.4	62.9836	1.01207	23.2831	1.00379
20	100	0.5	0.4	44.1141	1.00702	59.077	1.01295
20	100	0.5	0.4	42.905	1.00651	58.3164	1.01249
20	100	0.5	0.4	52.6563	1.00914	43.6974	1.00856
20	100	0.5	0.4	199.373	1.02806	45.7506	1.00899
20	100	0.5	0.4	60.1301	1.01134	24.1322	1.00424
20	100	0.5	0.4	63.1548	1.01279	71.1022	1.02014
20	100	0.5	0.4	26.8144	1.00433	44.0985	1.00989
20	100	0.5	0.4	36.1499	1.00652	62.2148	1.0131
20	1000	0.1	0.4	1849.53	1.02717	2099.27	1.03792
20	1000	0.1	0.4	1901.63	1.02746	2332.32	1.04791
20	1000	0.1	0.4	2008.79	1.03159	2388.76	1.05119
20	1000	0.1	0.4	2238.94	1.03439	2334.63	1.04832
20	1000	0.1	0.4	2096.97	1.0295	2409.28	1.05272
20	1000	0.1	0.4	2300.86	1.03594	2396.39	1.05074
20	1000	0.1	0.4	2359.52	1.03918	2354.06	1.04965
20	1000	0.1	0.4	2047.99	1.03292	2276.06	1.04474
20	1000	0.1	0.4	2365.96	1.03915	2349.43	1.04866
20	1000	0.1	0.4	2337.8	1.03842	2251.72	1.04419
20	1000	0.1	0.4	2247.73	1.03357	2393.84	1.05058
20	1000	0.1	0.4	2133.34	1.03697	2191.98	1.04306
20	1000	0.1	0.4	2028.01	1.03002	2415.1	1.05085
20	1000	0.1	0.4	2118.79	1.03643	2091.82	1.04144
20	1000	0.1	0.4	1964.71	1.0297	2281.18	1.045
20	1000	0.1	0.4	2312.99	1.0366	2396.84	1.051
20	1000	0.1	0.4	2321.05	1.03747	2438.96	1.05424
20	1000	0.1	0.4	2278.48	1.03569	2349.86	1.04904
20	1000	0.1	0.4	2337.82	1.03767	2450.28	1.05418
20	1000	0.1	0.4	2262.38	1.03489	2334.84	1.0478
20	100	0.5	0.01	3236.0	0.890708	2359.14	0.881031
20	100	0.5	0.01	3247.65	0.889009	2264.02	0.88963
20	100	0.5	0.01	3256.4	0.888917	966.989	0.954818
20	100	0.5	0.01	3235.49	0.889799	2270.25	0.889162
20	100	0.5	0.01	3254.21	0.888616	2314.16	0.885104
20	100	0.5	0.01	3242.45	0.890874	2347.36	0.883114
20	100	0.5	0.01	3231.16	0.889753	2320.92	0.883956
20	100	0.5	0.01	3094.82	0.900481	2319.21	0.885539
20	100	0.5	0.01	3195.07	0.893038	2282.32	0.888472
20	100	0.5	0.01	3251.23	0.889839	2333.52	0.88388
20	100	0.5	0.01	3416.74	0.875655	2275.23	0.888191
20	100	0.5	0.01	3091.45	0.899475	2272.7	0.888479
20	100	0.5	0.01	3248.8	0.889101	2323.41	0.883871
20	100	0.5	0.01	3228.12	0.892189	2347.33	0.883273
20	100	0.5	0.01	3162.2	0.894857	958.983	0.954818
20	100	0.5	0.01	2951.69	0.909407	2325.63	0.885828
20	100	0.5	0.01	3244.85	0.889598	2317.77	0.885153
20	100	0.5	0.01	3331.69	0.881719	2320.25	0.882889
20	100	0.5	0.01	3210.0	0.891613	2300.99	0.885944
20	100	0.5	0.01	3249.1	0.889833	2335.07	0.884023
20	100	0.1	0.4	133.193	1.01841	124.942	1.02274
20	100	0.1	0.4	124.374	1.01641	68.3862	1.01284
20	100	0.1	0.4	115.23	1.01583	42.3229	1.00795
20	100	0.1	0.4	146.93	1.02222	125.233	1.02217
20	100	0.1	0.4	130.726	1.01897	68.0339	1.01284
20	100	0.1	0.4	123.919	1.01593	131.138	1.03438
20	100	0.1	0.4	135.158	1.0273	148.626	1.0315
20	100	0.1	0.4	126.946	1.02005	140.599	1.02457
20	100	0.1	0.4	100.387	1.01404	138.182	1.02457
20	100	0.1	0.4	136.405	1.02462	68.2268	1.01284
20	100	0.1	0.4	135.247	1.01844	146.045	1.02833
20	100	0.1	0.4	95.4915	1.0149	124.665	1.02212
20	100	0.1	0.4	124.537	1.01786	162.915	1.03329
20	100	0.1	0.4	107.846	1.01843	147.29	1.02699
20	100	0.1	0.4	118.455	1.01973	109.085	1.02061
20	100	0.1	0.4	93.2445	1.0143	161.254	1.02956
20	100	0.1	0.4	102.382	1.01675	124.525	1.02217
20	100	0.1	0.4	144.509	1.0204	141.021	1.02755
20	100	0.1	0.4	133.604	1.01902	157.495	1.03141
20	100	0.1	0.4	117.775	1.02114	145.728	1.02594
20	1000	0.1	0.01	20016.3	0.903317	18197.1	0.855636
20	1000	0.1	0.01	20210.5	0.901122	18579.2	0.849616
20	1000	0.1	0.01	20365.0	0.899583	18171.1	0.855811
20	1000	0.1	0.01	20172.7	0.901603	18581.9	0.849353
20	1000	0.1	0.01	20404.3	0.900313	18321.7	0.855053
20	1000	0.1	0.01	20177.4	0.900892	18009.3	0.857283
20	1000	0.1	0.01	20128.1	0.90183	18245.5	0.854631
20	1000	0.1	0.01	20196.4	0.901791	18052.2	0.857887
20	1000	0.1	0.01	20203.2	0.901642	18753.7	0.847335
20	1000	0.1	0.01	20355.5	0.900301	17990.1	0.85925
20	1000	0.1	0.01	20287.9	0.899989	18395.0	0.852172
20	1000	0.1	0.01	20389.2	0.899239	17881.5	0.859779
20	1000	0.1	0.01	20318.6	0.899743	18203.2	0.854696
20	1000	0.1	0.01	19951.6	0.903444	18759.7	0.846222
20	1000	0.1	0.01	20282.8	0.900892	18274.6	0.854696
20	1000	0.1	0.01	20496.6	0.899229	18561.3	0.851279
20	1000	0.1	0.01	19690.3	0.905785	18241.0	0.853641
20	1000	0.1	0.01	19752.6	0.905714	18198.5	0.854982
20	1000	0.1	0.01	20295.8	0.899726	18519.5	0.849856
20	1000	0.1	0.01	20096.2	0.902059	8191.42	0.959398
20	100	0.1	0.01	3089.72	0.898843	2297.62	0.885225
20	100	0.1	0.01	3220.39	0.892823	2312.52	0.885187
20	100	0.1	0.01	3076.31	0.901678	2303.02	0.886604
20	100	0.1	0.01	3219.03	0.890495	2252.66	0.888877
20	100	0.1	0.01	3105.22	0.89972	2264.98	0.889041
20	100	0.1	0.01	3106.13	0.898923	2271.06	0.887718
20	100	0.1	0.01	3250.36	0.890498	2290.44	0.886652
20	100	0.1	0.01	3140.55	0.897938	2286.82	0.887552
20	100	0.1	0.01	3073.37	0.90174	959.675	0.954818
20	100	0.1	0.01	3024.63	0.903436	2277.91	0.888114
20	100	0.1	0.01	2968.46	0.906432	2313.92	0.884269
20	100	0.1	0.01	3259.11	0.888912	949.041	0.954818
20	100	0.1	0.01	3259.99	0.890206	951.926	0.954818
20	100	0.1	0.01	3316.45	0.886012	2305.69	0.885439
20	100	0.1	0.01	3050.94	0.902025	948.102	0.954818
20	100	0.1	0.01	3056.88	0.901091	2230.25	0.888194
20	100	0.1	0.01	3081.78	0.900889	2274.47	0.888845
20	100	0.1	0.01	3039.21	0.903996	2261.85	0.888309
20	100	0.1	0.01	3095.44	0.898944	2243.11	0.890813
20	100	0.1	0.01	3194.31	0.893736	2308.69	0.884856
20	1000	0.5	0.7	15110.7	1.21002	16747.3	1.23625
20	1000	0.5	0.7	15242.5	1.21346	17411.4	1.26735
20	1000	0.5	0.7	14108.1	1.17875	17017.2	1.24868
20	1000	0.5	0.7	15490.3	1.22095	17118.6	1.25012
20	1000	0.5	0.7	15793.4	1.23185	17091.8	1.24921
20	1000	0.5	0.7	15242.6	1.21378	17223.4	1.25782
20	1000	0.5	0.7	15197.6	1.21102	16804.2	1.2364
20	1000	0.5	0.7	14941.3	1.20324	17513.7	1.27098
20	1000	0.5	0.7	15169.4	1.2108	17250.7	1.25845
20	1000	0.5	0.7	15195.7	1.21106	17124.9	1.25162
20	1000	0.5	0.7	15242.1	1.21285	17171.4	1.22463
20	1000	0.5	0.7	15434.9	1.21943	17376.2	1.26447
20	1000	0.5	0.7	15443.5	1.22095	17257.9	1.25959
20	1000	0.5	0.7	15786.2	1.2328	16979.3	1.24532
20	1000	0.5	0.7	15232.1	1.21284	17264.4	1.25905
20	1000	0.5	0.7	15482.7	1.22127	17223.3	1.25643
20	1000	0.5	0.7	15493.7	1.2222	16889.1	1.24151
20	1000	0.5	0.7	15205.8	1.21286	17212.9	1.25738
20	1000	0.5	0.7	15355.7	1.2174	16756.2	1.23596
20	1000	0.5	0.7	15434.5	1.22165	17195.9	1.25805
