count	gens	m	sel	well
20	500	0.5	0.005	5
20	100	0.2	0.05	18
20	200	0.5	0.01	9
20	200	0.5	0.02	11
20	100	0.5	0.01	5
20	1000	0.5	0.01	12
20	500	0.1	0.02	19
20	500	0.05	0.01	1
20	500	0.2	0.02	20
20	500	0.05	0.05	20
20	500	0.5	0.01	3
20	500	0.2	0.005	4
20	100	0.5	0.005	6
20	1000	0.1	0.02	20
20	1000	0.5	0.005	2
20	1000	0.1	0.005	2
20	500	0.1	0.01	12
20	200	0.05	0.005	10
20	500	0.5	0.02	16
20	200	0.2	0.01	15
20	200	0.2	0.05	20
20	100	0.05	0.01	20
20	200	0.5	0.005	7
20	100	0.1	0.01	8
20	200	0.1	0.02	15
20	200	0.05	0.01	8
20	500	0.1	0.05	20
20	1000	0.2	0.02	20
20	1000	0.5	0.02	17
20	100	0.1	0.05	19
20	500	0.05	0.005	6
20	1000	0.05	0.01	19
20	500	0.05	0.02	20
20	1000	0.1	0.05	20
20	1000	0.2	0.005	1
20	500	0.5	0.05	16
20	1000	0.5	0.05	15
20	100	0.5	0.05	11
20	200	0.1	0.005	5
20	1000	0.1	0.01	19
20	200	0.05	0.05	20
20	200	0.1	0.05	20
20	200	0.1	0.01	10
20	1000	0.05	0.02	19
20	1000	0.2	0.01	19
20	100	0.05	0.05	18
20	100	0.2	0.005	7
20	100	0.5	0.02	11
20	500	0.2	0.05	20
20	1000	0.05	0.05	11
20	500	0.1	0.005	6
20	100	0.2	0.02	3
20	100	0.2	0.01	12
20	100	0.05	0.02	9
20	200	0.5	0.05	19
20	100	0.1	0.005	10
20	1000	0.05	0.005	4
20	200	0.05	0.02	15
20	1000	0.2	0.05	18
20	200	0.2	0.02	20
20	100	0.05	0.005	13
20	500	0.2	0.01	2
20	200	0.2	0.005	5
20	100	0.1	0.02	7
