count	sel	dist	two_site_lnl	one_site_lnl	two_site1	two_site2	one_site	two_site_sel1	two_site_sel2	one_site_sel
20	('0.05', '0.05')	0.05	5409.88	4773.69	0.174147	0.225233	0.224426	0.952754	0.931855	0.893902
20	('0.05', '0.05')	0.05	5425.57	4612.48	0.1742	0.224779	0.214864	0.948195	0.934883	0.849997
20	('0.05', '0.05')	0.05	5436.04	4624.57	0.173746	0.225129	0.214844	0.963404	0.9194	0.849859
20	('0.05', '0.05')	0.05	5412.55	4869.3	0.174396	0.224882	0.224605	0.944668	0.940713	0.878293
20	('0.05', '0.05')	0.05	5421.98	4600.16	0.174155	0.225573	0.214841	0.95954	0.934919	0.85031
20	('0.05', '0.05')	0.05	5421.88	4773.56	0.174257	0.225107	0.224418	0.955704	0.932912	0.893701
20	('0.05', '0.05')	0.05	5423.23	4864.46	0.174204	0.225101	0.224432	0.953516	0.941033	0.881694
20	('0.05', '0.05')	0.05	5342.97	4850.75	0.174133	0.225427	0.224469	0.940127	0.92944	0.883449
20	('0.05', '0.05')	0.05	5449.88	4815.8	0.174683	0.224745	0.223706	0.958312	0.926083	0.882393
20	('0.05', '0.05')	0.05	5387.88	4779.03	0.175166	0.225577	0.224616	0.953339	0.924259	0.89232
20	('0.05', '0.05')	0.05	5412.65	4776.5	0.174155	0.225425	0.224419	0.957117	0.930211	0.890848
20	('0.05', '0.05')	0.05	5418.1	4790.66	0.174948	0.225103	0.22443	0.956484	0.923239	0.892193
20	('0.05', '0.05')	0.05	5411.15	4826.77	0.174216	0.22455	0.222684	0.957228	0.917611	0.877351
20	('0.05', '0.05')	0.05	5392.12	4782.27	0.173894	0.22501	0.224429	0.957213	0.92301	0.890379
20	('0.05', '0.05')	0.05	5391.68	4817.61	0.174703	0.224751	0.224427	0.943713	0.93045	0.890797
20	('0.05', '0.05')	0.05	5348.19	4823.06	0.174023	0.225865	0.223862	0.941577	0.941407	0.874792
20	('0.05', '0.05')	0.05	5181.57	4816.26	0.174676	0.225872	0.224468	0.937888	0.914068	0.887856
20	('0.05', '0.05')	0.05	5391.1	4780.57	0.174012	0.225841	0.22461	0.950264	0.932822	0.892224
20	('0.05', '0.05')	0.05	5389.84	4594.61	0.17411	0.224951	0.214843	0.96157	0.910708	0.851411
20	('0.05', '0.05')	0.05	5391.59	4617.68	0.174735	0.225873	0.224419	0.95616	0.939221	0.908416
20	('0.01', '0.05')	0.05	2830.37	2344.96	0.174651	0.225867	0.224429	0.980674	0.956589	0.945993
20	('0.01', '0.05')	0.05	2863.93	2307.11	0.174653	0.225098	0.224609	0.979973	0.958822	0.952023
20	('0.01', '0.05')	0.05	2837.46	2375.1	0.174946	0.225573	0.224433	0.979766	0.953124	0.943124
20	('0.01', '0.05')	0.05	2859.55	2308.14	0.175	0.225402	0.224617	0.980664	0.960746	0.952672
20	('0.01', '0.05')	0.05	2807.03	2300.45	0.174965	0.225706	0.223863	0.977298	0.956712	0.947589
20	('0.01', '0.05')	0.05	2858.2	2330.63	0.174752	0.225166	0.224617	0.977907	0.962175	0.949861
20	('0.01', '0.05')	0.05	2853.6	2379.64	0.174736	0.225154	0.224615	0.979269	0.964506	0.941688
20	('0.01', '0.05')	0.05	2762.5	2373.99	0.175009	0.226518	0.224612	0.972694	0.968662	0.941992
20	('0.01', '0.05')	0.05	2836.48	2334.96	0.174765	0.225105	0.224615	0.976583	0.957814	0.949196
20	('0.01', '0.05')	0.05	2810.19	2339.12	0.174509	0.225577	0.224612	0.976361	0.966452	0.946379
20	('0.01', '0.05')	0.05	2838.88	2329.9	0.174966	0.225072	0.224613	0.97888	0.957365	0.947728
20	('0.01', '0.05')	0.05	2825.26	2346.23	0.174559	0.22501	0.224704	0.975529	0.964055	0.946729
20	('0.01', '0.05')	0.05	2863.81	2339.62	0.174763	0.225137	0.224617	0.979304	0.961164	0.948551
20	('0.01', '0.05')	0.05	2822.83	2354.32	0.175018	0.22588	0.224755	0.978625	0.962515	0.944919
20	('0.01', '0.05')	0.05	2827.35	2376.44	0.174443	0.225574	0.224759	0.977425	0.963065	0.943135
20	('0.01', '0.05')	0.05	2810.44	2375.95	0.174388	0.225577	0.224615	0.974269	0.966303	0.942053
20	('0.01', '0.05')	0.05	2842.97	2353.46	0.174738	0.225869	0.225125	0.979362	0.961349	0.949257
20	('0.01', '0.05')	0.05	2854.99	2335.55	0.174771	0.225573	0.223869	0.978868	0.96086	0.944467
20	('0.01', '0.05')	0.05	2878.66	2320.65	0.174649	0.225423	0.22461	0.978668	0.962918	0.951945
20	('0.01', '0.05')	0.05	2854.16	2344.57	0.174702	0.22557	0.224616	0.980519	0.962059	0.946603
20	('0.01', '0.01')	0.005	831.362	753.326	0.19728	0.202283	0.198087	0.991609	0.99112	0.980723
20	('0.01', '0.01')	0.005	845.657	756.173	0.197577	0.202421	0.198681	0.992338	0.99049	0.981604
20	('0.01', '0.01')	0.005	841.255	754.571	0.197654	0.202416	0.202269	0.993171	0.989519	0.980849
20	('0.01', '0.01')	0.005	853.042	763.24	0.197624	0.202412	0.198083	0.991052	0.990583	0.982516
20	('0.01', '0.01')	0.005	833.624	752.251	0.197364	0.20241	0.198382	0.989164	0.992315	0.983025
20	('0.01', '0.01')	0.005	845.972	752.932	0.197603	0.202417	0.198083	0.99061	0.991643	0.982516
20	('0.01', '0.01')	0.005	837.395	763.324	0.197658	0.202374	0.198393	0.993831	0.988861	0.981541
20	('0.01', '0.01')	0.005	838.493	745.266	0.197279	0.202339	0.198673	0.990077	0.990268	0.979268
20	('0.01', '0.01')	0.005	846.11	756.952	0.19751	0.202425	0.198087	0.989459	0.992148	0.981427
20	('0.01', '0.01')	0.005	836.112	758.524	0.197534	0.20243	0.198339	0.992348	0.988359	0.982618
20	('0.01', '0.01')	0.005	828.95	755.563	0.198144	0.202415	0.198083	0.990425	0.992724	0.982516
20	('0.01', '0.01')	0.005	843.932	746.859	0.197666	0.202414	0.198088	0.99234	0.988729	0.983581
20	('0.01', '0.01')	0.005	818.47	750.854	0.198556	0.20227	0.198077	0.987671	0.993873	0.983719
20	('0.01', '0.01')	0.005	827.368	750.432	0.197501	0.202143	0.198083	0.991519	0.991305	0.982516
20	('0.01', '0.01')	0.005	841.854	760.502	0.197658	0.202416	0.198079	0.993496	0.989319	0.982347
20	('0.01', '0.01')	0.005	833.831	762.024	0.197995	0.202262	0.198392	0.990619	0.991897	0.981459
20	('0.01', '0.01')	0.005	840.176	751.317	0.197655	0.202422	0.198071	0.988386	0.992933	0.980116
20	('0.01', '0.01')	0.005	840.531	759.572	0.197573	0.202428	0.198392	0.991878	0.989783	0.982392
20	('0.01', '0.01')	0.005	841.028	754.963	0.197728	0.202419	0.19808	0.989864	0.992713	0.98191
20	('0.01', '0.01')	0.005	830.907	739.261	0.197511	0.202467	0.198074	0.990895	0.988986	0.984334
20	('0.01', '0.01')	0.05	698.202	423.217	0.175014	0.225677	0.22512	0.989335	0.988511	0.987847
20	('0.01', '0.01')	0.05	707.778	433.234	0.174718	0.225575	0.175069	0.989544	0.990415	0.988141
20	('0.01', '0.01')	0.05	693.301	432.393	0.175046	0.225832	0.174999	0.989007	0.988942	0.988811
20	('0.01', '0.01')	0.05	717.375	438.978	0.175003	0.225943	0.175005	0.989108	0.991027	0.987162
20	('0.01', '0.01')	0.05	706.164	425.927	0.174767	0.225016	0.225123	0.988181	0.989622	0.987739
20	('0.01', '0.01')	0.05	703.838	437.59	0.175177	0.225259	0.175006	0.991147	0.987628	0.98871
20	('0.01', '0.01')	0.05	689.899	411.103	0.174792	0.226386	0.225871	0.988567	0.991801	0.988313
20	('0.01', '0.01')	0.05	700.211	432.724	0.174997	0.226171	0.175069	0.98861	0.989791	0.988141
20	('0.01', '0.01')	0.05	460.123	431.13	0.187388	0.225438	0.175001	0.994685	0.98887	0.989163
20	('0.01', '0.01')	0.05	680.233	424.069	0.174502	0.22548	0.175004	0.989334	0.988645	0.98987
20	('0.01', '0.01')	0.05	724.662	426.144	0.17482	0.225128	0.225125	0.989681	0.990655	0.987437
20	('0.01', '0.01')	0.05	727.235	424.546	0.174986	0.225259	0.225018	0.989544	0.989237	0.989178
20	('0.01', '0.01')	0.05	716.564	411.728	0.17496	0.225051	0.225569	0.989762	0.988889	0.986663
20	('0.01', '0.01')	0.05	720.722	435.097	0.175003	0.225153	0.174964	0.988905	0.991083	0.989537
20	('0.01', '0.01')	0.05	718.57	439.701	0.174781	0.225136	0.175012	0.990027	0.989113	0.988173
20	('0.01', '0.01')	0.05	708.695	432.691	0.175039	0.2257	0.175069	0.990459	0.989598	0.988141
20	('0.01', '0.01')	0.05	715.909	417.504	0.174877	0.225577	0.225574	0.990302	0.98976	0.988678
20	('0.01', '0.01')	0.05	718.773	435.079	0.174996	0.225169	0.175107	0.988821	0.990295	0.988678
20	('0.01', '0.01')	0.05	728.15	440.093	0.175057	0.225068	0.174998	0.990044	0.98955	0.988631
20	('0.01', '0.01')	0.05	663.513	424.471	0.17354	0.225036	0.22512	0.992404	0.987876	0.987847
20	('0.01', '0.05')	0.005	2564.37	2548.9	0.200109	0.202274	0.20227	0.993461	0.940943	0.936985
20	('0.01', '0.05')	0.005	2565.85	2560.98	0.200693	0.202262	0.202268	0.980206	0.958975	0.934742
20	('0.01', '0.05')	0.005	2574.14	2556.48	0.200513	0.202399	0.202158	0.988844	0.944519	0.932994
20	('0.01', '0.05')	0.005	2583.69	2564.77	0.197527	0.202272	0.202151	0.99592	0.936191	0.933276
20	('0.01', '0.05')	0.005	2577.12	2552.46	0.197406	0.202269	0.20215	0.994426	0.938638	0.930896
20	('0.01', '0.05')	0.005	2584.51	2566.88	0.200625	0.202266	0.202146	0.98563	0.950748	0.930158
20	('0.01', '0.05')	0.005	2559.27	2554.15	0.200889	0.202266	0.202091	0.969856	0.962879	0.934977
20	('0.01', '0.05')	0.005	2572.12	2547.93	0.200424	0.202264	0.202074	0.99229	0.936551	0.926223
20	('0.01', '0.05')	0.005	2567.35	2556.29	0.19778	0.202402	0.202151	0.996239	0.934493	0.934293
20	('0.01', '0.05')	0.005	2585.05	2572.36	0.200971	0.202419	0.20215	0.986025	0.947247	0.934972
20	('0.01', '0.05')	0.005	2557.36	2555.14	0.19885	0.202275	0.202268	0.996463	0.932639	0.935349
20	('0.01', '0.05')	0.005	2551.44	2542.9	0.200185	0.202155	0.202149	0.985438	0.947895	0.933803
20	('0.01', '0.05')	0.005	2580.09	2564.81	0.200263	0.202268	0.202156	0.989745	0.94385	0.933816
20	('0.01', '0.05')	0.005	2582.94	2558.6	0.197525	0.202273	0.202396	0.993146	0.943653	0.930387
20	('0.01', '0.05')	0.005	2552.29	2540.81	0.200349	0.202271	0.20227	0.980809	0.95184	0.933134
20	('0.01', '0.05')	0.005	2562.19	2556.22	0.201094	0.202401	0.202141	0.968694	0.96584	0.93312
20	('0.01', '0.05')	0.005	2565.2	2541.49	0.197526	0.20227	0.202326	0.995377	0.938928	0.931831
20	('0.01', '0.05')	0.005	2578.53	2546.61	0.19757	0.2031	0.202152	0.990241	0.947361	0.928176
20	('0.01', '0.05')	0.005	2578.29	2557.52	0.1981	0.202462	0.202156	0.99063	0.94822	0.933001
20	('0.01', '0.05')	0.005	2573.71	2555.23	0.197825	0.202434	0.202269	0.99143	0.948826	0.9339
20	('0.05', '0.05')	0.02	4592.79	4405.19	0.190787	0.21062	0.194344	0.966988	0.943039	0.884918
20	('0.05', '0.05')	0.02	4588.54	4432.32	0.190039	0.210838	0.194674	0.949749	0.96073	0.882954
20	('0.05', '0.05')	0.02	4613.09	4405.89	0.18993	0.21065	0.193499	0.955485	0.948731	0.880627
20	('0.05', '0.05')	0.02	4596.25	4413.73	0.19004	0.210615	0.193567	0.956188	0.956594	0.889828
20	('0.05', '0.05')	0.02	4612.1	4442.87	0.190142	0.210795	0.19766	0.955965	0.95558	0.87736
20	('0.05', '0.05')	0.02	4631.55	4410.83	0.190543	0.210798	0.194373	0.961586	0.942483	0.884346
20	('0.05', '0.05')	0.02	4648.91	4439.92	0.190257	0.210992	0.193895	0.960051	0.946632	0.885216
20	('0.05', '0.05')	0.02	4615.73	4434.89	0.190239	0.210802	0.194373	0.954452	0.953094	0.884346
20	('0.05', '0.05')	0.02	4608.85	4442.22	0.190402	0.210611	0.197911	0.958955	0.951983	0.882128
20	('0.05', '0.05')	0.02	4606.57	4438.64	0.19026	0.210616	0.194364	0.956496	0.953661	0.885406
20	('0.05', '0.05')	0.02	4616.73	4448.62	0.190552	0.210618	0.197984	0.9554	0.951282	0.878308
20	('0.05', '0.05')	0.02	4624.95	4468.15	0.190337	0.210608	0.209173	0.953491	0.949636	0.881616
20	('0.05', '0.05')	0.02	4588.48	4411.96	0.190887	0.210619	0.194196	0.959955	0.949945	0.881564
20	('0.05', '0.05')	0.02	4625.61	4430.15	0.190406	0.210618	0.193556	0.960583	0.948485	0.886854
20	('0.05', '0.05')	0.02	4628.04	4438.27	0.19052	0.210617	0.194157	0.956057	0.94902	0.883061
20	('0.05', '0.05')	0.02	4625.94	4430.32	0.190327	0.21061	0.19388	0.960021	0.946631	0.878143
20	('0.05', '0.05')	0.02	4628.32	4429.98	0.190146	0.210348	0.193574	0.95547	0.952094	0.881484
20	('0.05', '0.05')	0.02	4640.53	4435.21	0.190314	0.210383	0.194156	0.959426	0.945423	0.879135
20	('0.05', '0.05')	0.02	4616.19	4409.59	0.190197	0.210795	0.194373	0.965527	0.941465	0.884346
20	('0.05', '0.05')	0.02	4621.5	4424.36	0.190548	0.210795	0.193228	0.963224	0.947185	0.878796
20	('0.01', '0.05')	0.02	2571.3	2455.56	0.190197	0.210472	0.209645	0.987841	0.96326	0.926465
20	('0.01', '0.05')	0.02	2588.12	2464.22	0.1901	0.210327	0.20978	0.987901	0.952324	0.925712
20	('0.01', '0.05')	0.02	2601.11	2486.42	0.190048	0.210049	0.20978	0.987206	0.957756	0.928264
20	('0.01', '0.05')	0.02	2598.69	2486.06	0.190158	0.210077	0.209779	0.987134	0.960478	0.928258
20	('0.01', '0.05')	0.02	2612.58	2504.88	0.190131	0.210453	0.210023	0.986898	0.959925	0.932265
20	('0.01', '0.05')	0.02	2603.17	2471.24	0.190087	0.210314	0.20978	0.990385	0.95666	0.923949
20	('0.01', '0.05')	0.02	2586.95	2486.0	0.189835	0.210614	0.209777	0.988784	0.958332	0.933497
20	('0.01', '0.05')	0.02	2593.69	2482.85	0.190077	0.210442	0.210318	0.985138	0.96158	0.933823
20	('0.01', '0.05')	0.02	2622.16	2486.56	0.190142	0.210454	0.209699	0.988484	0.95563	0.924464
20	('0.01', '0.05')	0.02	2612.26	2488.81	0.189725	0.210347	0.210107	0.992191	0.950845	0.92862
20	('0.01', '0.05')	0.02	2571.45	2474.91	0.1902	0.210553	0.209773	0.984834	0.963457	0.931887
20	('0.01', '0.05')	0.02	2621.64	2488.02	0.189958	0.210301	0.209701	0.990066	0.952586	0.929506
20	('0.01', '0.05')	0.02	2604.16	2512.97	0.190237	0.209462	0.20874	0.989052	0.956913	0.931581
20	('0.01', '0.05')	0.02	2606.93	2484.45	0.190143	0.210165	0.209463	0.989436	0.956865	0.927951
20	('0.01', '0.05')	0.02	2624.63	2501.1	0.189826	0.210332	0.209469	0.988926	0.954245	0.93474
20	('0.01', '0.05')	0.02	2608.64	2490.59	0.190119	0.210613	0.20978	0.991463	0.949237	0.932699
20	('0.01', '0.05')	0.02	2596.1	2472.59	0.189928	0.21007	0.209779	0.990821	0.949573	0.928786
20	('0.01', '0.05')	0.02	2600.71	2489.02	0.190142	0.209753	0.209778	0.989773	0.953274	0.934161
20	('0.01', '0.05')	0.02	2592.35	2496.76	0.190022	0.210387	0.209948	0.987674	0.963533	0.934984
20	('0.01', '0.05')	0.02	2592.38	2479.54	0.189944	0.210331	0.210028	0.987784	0.959783	0.929699
20	('0.05', '0.05')	0.01	4519.87	4444.64	0.195313	0.205155	0.205088	0.959762	0.91414	0.868993
20	('0.05', '0.05')	0.01	4552.01	4465.72	0.196534	0.2051	0.204991	0.963116	0.917449	0.871702
20	('0.05', '0.05')	0.01	4532.2	4434.68	0.195308	0.20512	0.205095	0.957701	0.927262	0.871694
20	('0.05', '0.05')	0.01	4547.36	4442.44	0.195185	0.205353	0.205099	0.967686	0.914127	0.868881
20	('0.05', '0.05')	0.01	4496.57	4457.71	0.19692	0.205652	0.205086	0.916756	0.952218	0.868722
20	('0.05', '0.05')	0.01	4511.5	4437.83	0.195492	0.205352	0.205086	0.945754	0.93151	0.868953
20	('0.05', '0.05')	0.01	4543.18	4442.84	0.195139	0.205468	0.205075	0.954374	0.93025	0.868933
20	('0.05', '0.05')	0.01	4513.59	4454.79	0.195277	0.205098	0.204863	0.970284	0.902969	0.872274
20	('0.05', '0.05')	0.01	4441.33	4446.23	0.195228	0.205456	0.204944	0.96173	0.900335	0.872312
20	('0.05', '0.05')	0.01	4472.56	4435.97	0.197121	0.20532	0.204876	0.896258	0.976172	0.870063
20	('0.05', '0.05')	0.01	4548.6	4440.54	0.195551	0.205465	0.205085	0.966514	0.917229	0.868663
20	('0.05', '0.05')	0.01	4549.14	4431.45	0.195179	0.204927	0.204927	0.983582	0.896151	0.866215
20	('0.05', '0.05')	0.01	4511.87	4470.99	0.195375	0.205655	0.205083	0.929544	0.944172	0.872655
20	('0.05', '0.05')	0.01	4545.13	4449.89	0.195339	0.205066	0.204904	0.967793	0.908076	0.867646
20	('0.05', '0.05')	0.01	4495.2	4455.43	0.196594	0.205352	0.204968	0.951382	0.918881	0.871524
20	('0.05', '0.05')	0.01	4527.29	4456.98	0.195688	0.205352	0.204997	0.962987	0.914555	0.873317
20	('0.05', '0.05')	0.01	4481.2	4463.67	0.196526	0.205159	0.20489	0.961607	0.904053	0.873425
20	('0.05', '0.05')	0.01	4543.35	4444.79	0.195498	0.205353	0.205097	0.959314	0.928417	0.871168
20	('0.05', '0.05')	0.01	4530.33	4428.13	0.19685	0.205549	0.204972	0.926373	0.955984	0.866898
20	('0.05', '0.05')	0.01	4540.35	4446.66	0.194954	0.205164	0.205204	0.972789	0.903687	0.868253
20	('0.01', '0.01')	0.01	951.722	768.197	0.195014	0.205179	0.195301	0.990201	0.990318	0.981743
20	('0.01', '0.01')	0.01	947.492	754.414	0.195173	0.205197	0.205067	0.991019	0.988633	0.981557
20	('0.01', '0.01')	0.01	940.235	773.995	0.195011	0.205352	0.195236	0.99199	0.989286	0.982183
20	('0.01', '0.01')	0.01	945.783	774.665	0.19545	0.20525	0.195228	0.988785	0.989523	0.978967
20	('0.01', '0.01')	0.01	938.918	762.772	0.195178	0.204917	0.195229	0.988774	0.989944	0.979249
20	('0.01', '0.01')	0.01	947.601	766.322	0.19522	0.205354	0.195315	0.990661	0.989062	0.980286
20	('0.01', '0.01')	0.01	930.61	768.989	0.195516	0.205203	0.195129	0.991949	0.986069	0.982971
20	('0.01', '0.01')	0.01	940.846	754.879	0.195405	0.20522	0.205084	0.989248	0.989198	0.981
20	('0.01', '0.01')	0.01	942.797	749.807	0.195075	0.205184	0.205089	0.990992	0.987438	0.982847
20	('0.01', '0.01')	0.01	946.583	752.936	0.195143	0.205338	0.205086	0.988159	0.991057	0.980052
20	('0.01', '0.01')	0.01	944.55	761.493	0.195178	0.204931	0.195083	0.988902	0.989576	0.981814
20	('0.01', '0.01')	0.01	955.453	762.555	0.195116	0.2052	0.195476	0.989048	0.989607	0.98276
20	('0.01', '0.01')	0.01	937.242	756.891	0.19509	0.20484	0.205071	0.99078	0.988794	0.981399
20	('0.01', '0.01')	0.01	945.764	758.924	0.194995	0.205276	0.205074	0.990406	0.989503	0.981031
20	('0.01', '0.01')	0.01	950.804	773.386	0.19525	0.205169	0.195229	0.98989	0.990782	0.982476
20	('0.01', '0.01')	0.01	940.299	750.155	0.195127	0.205192	0.195476	0.987961	0.991642	0.983201
20	('0.01', '0.01')	0.01	946.706	757.683	0.195092	0.205115	0.205089	0.988981	0.98872	0.981894
20	('0.01', '0.01')	0.01	941.347	753.63	0.195179	0.205238	0.195229	0.989235	0.990361	0.983608
20	('0.01', '0.01')	0.01	950.018	755.921	0.195132	0.205089	0.205076	0.990274	0.989638	0.981458
20	('0.01', '0.01')	0.01	953.86	772.629	0.195298	0.205314	0.195318	0.988428	0.990122	0.980593
20	('0.01', '0.01')	0.02	802.678	570.285	0.189922	0.209762	0.209773	0.990282	0.990641	0.98437
20	('0.01', '0.01')	0.02	794.676	567.047	0.188897	0.209776	0.209775	0.98988	0.988888	0.98443
20	('0.01', '0.01')	0.02	809.704	567.013	0.190033	0.209959	0.209773	0.989456	0.989614	0.983985
20	('0.01', '0.01')	0.02	799.013	533.06	0.190109	0.209777	0.189148	0.989694	0.990236	0.984397
20	('0.01', '0.01')	0.02	797.312	562.785	0.189249	0.210101	0.20978	0.989901	0.98929	0.98435
20	('0.01', '0.01')	0.02	798.841	563.982	0.189386	0.210609	0.209465	0.9899	0.989376	0.983519
20	('0.01', '0.01')	0.02	795.797	557.706	0.190037	0.209759	0.209694	0.989836	0.990199	0.983575
20	('0.01', '0.01')	0.02	810.321	565.7	0.189447	0.209778	0.209775	0.989662	0.989933	0.984024
20	('0.01', '0.01')	0.02	799.252	550.486	0.190043	0.209765	0.209772	0.990598	0.990115	0.982743
20	('0.01', '0.01')	0.02	795.843	564.613	0.189925	0.210547	0.209621	0.989822	0.989624	0.98452
20	('0.01', '0.01')	0.02	792.334	563.409	0.190072	0.210652	0.209762	0.989582	0.988569	0.98302
20	('0.01', '0.01')	0.02	786.266	555.598	0.189047	0.210649	0.209764	0.98942	0.98891	0.987355
20	('0.01', '0.01')	0.02	801.697	562.564	0.189655	0.209776	0.209776	0.991093	0.989628	0.983582
20	('0.01', '0.01')	0.02	800.509	563.624	0.189742	0.21079	0.20978	0.990005	0.990274	0.98435
20	('0.01', '0.01')	0.02	794.981	557.574	0.189551	0.210547	0.209767	0.991133	0.989301	0.985054
20	('0.01', '0.01')	0.02	790.355	560.865	0.189998	0.210651	0.20978	0.989906	0.989276	0.984077
20	('0.01', '0.01')	0.02	801.877	562.911	0.189925	0.210096	0.209778	0.990763	0.988509	0.985991
20	('0.01', '0.01')	0.02	804.053	563.739	0.189934	0.209765	0.209762	0.98955	0.989609	0.986763
20	('0.01', '0.01')	0.02	797.171	543.004	0.18997	0.209779	0.209264	0.990279	0.988432	0.98159
20	('0.01', '0.01')	0.02	811.407	569.684	0.190057	0.209758	0.209317	0.988761	0.989837	0.983016
20	('0.05', '0.05')	0.005	4439.62	4426.58	0.198348	0.201925	0.199745	0.94453	0.935612	0.88147
20	('0.05', '0.05')	0.005	4442.9	4422.7	0.197999	0.201939	0.199843	0.92837	0.954053	0.883571
20	('0.05', '0.05')	0.005	4436.47	4405.41	0.197739	0.20227	0.199229	0.927651	0.958895	0.88163
20	('0.05', '0.05')	0.005	4436.87	4397.67	0.197788	0.202153	0.200508	0.940835	0.951117	0.876915
20	('0.05', '0.05')	0.005	4433.03	4413.55	0.197983	0.201875	0.199413	0.947144	0.942926	0.886929
20	('0.05', '0.05')	0.005	4431.04	4394.41	0.197925	0.201895	0.201181	0.945714	0.94494	0.881595
20	('0.05', '0.05')	0.005	4429.32	4394.01	0.197794	0.202267	0.19992	0.940094	0.947665	0.879515
20	('0.05', '0.05')	0.005	4437.73	4411.64	0.198417	0.202399	0.199843	0.926286	0.959337	0.883571
20	('0.05', '0.05')	0.005	4429.03	4399.47	0.198141	0.202098	0.198328	0.939214	0.946599	0.882586
20	('0.05', '0.05')	0.005	4417.65	4397.28	0.19822	0.201925	0.198674	0.953623	0.927589	0.883359
20	('0.05', '0.05')	0.005	4442.46	4403.14	0.198034	0.202401	0.199551	0.939147	0.948826	0.877973
20	('0.05', '0.05')	0.005	4418.93	4388.28	0.198366	0.201672	0.200046	0.93512	0.962298	0.874656
20	('0.05', '0.05')	0.005	4448.31	4419.23	0.197784	0.202401	0.199715	0.936263	0.951258	0.88327
20	('0.05', '0.05')	0.005	4409.29	4377.51	0.198004	0.201928	0.199867	0.931526	0.956297	0.878905
20	('0.05', '0.05')	0.005	4418.02	4412.88	0.198483	0.202276	0.199808	0.9203	0.958378	0.883694
20	('0.05', '0.05')	0.005	4424.44	4420.12	0.197974	0.202422	0.199867	0.916555	0.958344	0.882524
20	('0.05', '0.05')	0.005	4410.36	4394.82	0.198187	0.202396	0.199869	0.954087	0.927671	0.881462
20	('0.05', '0.05')	0.005	4425.54	4388.2	0.198153	0.201923	0.199415	0.926527	0.957309	0.877579
20	('0.05', '0.05')	0.005	4423.74	4414.75	0.197905	0.202396	0.199516	0.93582	0.965285	0.882961
20	('0.05', '0.05')	0.005	4416.4	4399.6	0.198205	0.20226	0.199869	0.93496	0.947466	0.888138
20	('0.01', '0.05')	0.01	2479.38	2433.77	0.195071	0.205167	0.204781	0.992408	0.956663	0.939
20	('0.01', '0.05')	0.01	2414.86	2445.27	0.205073	0.205091	0.205118	0.964291	0.980685	0.937425
20	('0.01', '0.05')	0.01	2474.28	2433.81	0.195067	0.205096	0.205096	0.990878	0.955523	0.938247
20	('0.01', '0.05')	0.01	2444.33	2443.98	0.204897	0.204939	0.205095	0.971775	0.966758	0.941139
20	('0.01', '0.05')	0.01	2458.72	2446.82	0.194948	0.204917	0.205074	0.991139	0.960292	0.931823
20	('0.01', '0.05')	0.01	2455.91	2447.65	0.194984	0.205352	0.205095	0.982188	0.964711	0.942298
20	('0.01', '0.05')	0.01	2455.4	2436.18	0.19508	0.205116	0.205123	0.9839	0.961539	0.938709
20	('0.01', '0.05')	0.01	2467.41	2449.65	0.195467	0.205089	0.205081	0.992944	0.95618	0.936041
20	('0.01', '0.05')	0.01	2466.65	2452.82	0.195407	0.205091	0.205086	0.99447	0.932453	0.934908
20	('0.01', '0.05')	0.01	2425.73	2453.1	0.195585	0.205356	0.204922	0.985964	0.967888	0.939412
20	('0.01', '0.05')	0.01	2440.98	2418.03	0.195318	0.205091	0.204923	0.98874	0.965852	0.944825
20	('0.01', '0.05')	0.01	2480.14	2449.48	0.194996	0.20493	0.204923	0.991958	0.955033	0.9318
20	('0.01', '0.05')	0.01	2424.0	2439.32	0.195075	0.205185	0.205086	0.979455	0.971216	0.938129
20	('0.01', '0.05')	0.01	2493.54	2434.15	0.195284	0.205242	0.205089	0.992013	0.950354	0.942571
20	('0.01', '0.05')	0.01	2467.63	2429.57	0.194945	0.205319	0.20509	0.989585	0.95659	0.942077
20	('0.01', '0.05')	0.01	2475.19	2453.14	0.195324	0.205472	0.205095	0.99306	0.953618	0.936314
20	('0.01', '0.05')	0.01	2478.94	2445.19	0.195123	0.205298	0.205088	0.989826	0.9564	0.936046
20	('0.01', '0.05')	0.01	2431.8	2441.41	0.205107	0.20512	0.205052	0.981026	0.958424	0.935446
20	('0.01', '0.05')	0.01	2420.33	2438.87	0.205082	0.205097	0.204874	0.980866	0.964973	0.942227
20	('0.01', '0.05')	0.01	2427.27	2446.12	0.195104	0.205281	0.205155	0.979828	0.975131	0.941413
