100	0	0	1	0	0	1	0	0.22396
100	0	0	1	0	0	0	0.22396	0.243685
100	0	0	1	0	0	1	0.243685	0.340639
100	0	0	1	0	0	0	0.340639	0.351467
100	0	0	1	0	0	1	0.351467	0.427
##	100	0	0	1	0	0	0.2
100	0	0	1	0	1	1	0	0.303197
100	0	0	1	0	1	0	0.303197	0.329639
100	0	0	1	0	1	1	0.329639	0.335672
100	0	0	1	0	1	0	0.335672	0.338433
100	0	0	1	0	1	1	0.338433	0.427
##	100	0	0	1	0	1	0.2
##	100	0	0	1	mtdna	1
100	0	0	2	0	0	0	0	0.0305376
100	0	0	2	0	0	1	0.0305376	0.289809
100	0	0	2	0	0	0	0.289809	0.309784
100	0	0	2	0	0	1	0.309784	0.427
##	100	0	0	2	0	0	0.2
100	0	0	2	0	1	1	0	0.129511
100	0	0	2	0	1	0	0.129511	0.146055
100	0	0	2	0	1	1	0.146055	0.298109
100	0	0	2	0	1	0	0.298109	0.312256
100	0	0	2	0	1	1	0.312256	0.427
##	100	0	0	2	0	1	0.2
##	100	0	0	2	mtdna	1
100	0	0	3	0	0	0	0	0.0197959
100	0	0	3	0	0	1	0.0197959	0.170022
100	0	0	3	0	0	0	0.170022	0.175637
100	0	0	3	0	0	1	0.175637	0.334301
100	0	0	3	0	0	0	0.334301	0.345031
100	0	0	3	0	0	1	0.345031	0.368571
100	0	0	3	0	0	0	0.368571	0.37773
100	0	0	3	0	0	1	0.37773	0.427
##	100	0	0	3	0	0	0.2
100	0	0	3	0	1	1	0	0.200043
100	0	0	3	0	1	0	0.200043	0.207885
100	0	0	3	0	1	1	0.207885	0.427
##	100	0	0	3	0	1	0.2
##	100	0	0	3	mtdna	1
100	0	0	4	0	0	1	0	0.240568
100	0	0	4	0	0	0	0.240568	0.253451
100	0	0	4	0	0	1	0.253451	0.427
##	100	0	0	4	0	0	0.2
100	0	0	4	0	1	1	0	0.0632461
100	0	0	4	0	1	0	0.0632461	0.0643068
100	0	0	4	0	1	1	0.0643068	0.427
##	100	0	0	4	0	1	0.2
##	100	0	0	4	mtdna	1
100	0	0	5	0	0	1	0	0.212061
100	0	0	5	0	0	0	0.212061	0.232036
100	0	0	5	0	0	1	0.232036	0.302457
100	0	0	5	0	0	0	0.302457	0.3097
100	0	0	5	0	0	1	0.3097	0.427
##	100	0	0	5	0	0	0.2
100	0	0	5	0	1	1	0	0.115885
100	0	0	5	0	1	0	0.115885	0.124338
100	0	0	5	0	1	1	0.124338	0.186933
100	0	0	5	0	1	0	0.186933	0.237234
100	0	0	5	0	1	1	0.237234	0.26624
100	0	0	5	0	1	0	0.26624	0.268902
100	0	0	5	0	1	1	0.268902	0.326266
100	0	0	5	0	1	0	0.326266	0.330662
100	0	0	5	0	1	1	0.330662	0.376855
100	0	0	5	0	1	0	0.376855	0.378964
100	0	0	5	0	1	1	0.378964	0.427
##	100	0	0	5	0	1
##	100	0	0	5	mtdna	1
100	0	0	6	0	0	1	0	0.427
##	100	0	0	6	0	0	0.2
100	0	0	6	0	1	1	0	0.427
##	100	0	0	6	0	1	0.2
##	100	0	0	6	mtdna	1
100	0	0	7	0	0	1	0	0.17817
100	0	0	7	0	0	0	0.17817	0.182594
100	0	0	7	0	0	1	0.182594	0.427
##	100	0	0	7	0	0	0.2
100	0	0	7	0	1	1	0	0.221921
100	0	0	7	0	1	0	0.221921	0.226055
100	0	0	7	0	1	1	0.226055	0.427
##	100	0	0	7	0	1	0.2
##	100	0	0	7	mtdna	0
100	0	0	8	0	0	1	0	0.089371
100	0	0	8	0	0	0	0.089371	0.106402
100	0	0	8	0	0	1	0.106402	0.251164
100	0	0	8	0	0	0	0.251164	0.254198
100	0	0	8	0	0	1	0.254198	0.264455
100	0	0	8	0	0	0	0.264455	0.266411
100	0	0	8	0	0	1	0.266411	0.375871
100	0	0	8	0	0	0	0.375871	0.424325
100	0	0	8	0	0	1	0.424325	0.427
##	100	0	0	8	0	0	0.2
100	0	0	8	0	1	1	0	0.112758
100	0	0	8	0	1	0	0.112758	0.134163
100	0	0	8	0	1	1	0.134163	0.235995
100	0	0	8	0	1	0	0.235995	0.274723
100	0	0	8	0	1	1	0.274723	0.427
##	100	0	0	8	0	1	0.2
##	100	0	0	8	mtdna	1
100	0	0	9	0	0	1	0	0.0230106
100	0	0	9	0	0	0	0.0230106	0.029521
100	0	0	9	0	0	1	0.029521	0.224307
100	0	0	9	0	0	0	0.224307	0.231786
100	0	0	9	0	0	1	0.231786	0.408463
100	0	0	9	0	0	0	0.408463	0.41311
100	0	0	9	0	0	1	0.41311	0.427
##	100	0	0	9	0	0	0.2
100	0	0	9	0	1	1	0	0.000880651
100	0	0	9	0	1	0	0.000880651	0.00368079
100	0	0	9	0	1	1	0.00368079	0.209843
100	0	0	9	0	1	0	0.209843	0.226988
100	0	0	9	0	1	1	0.226988	0.427
##	100	0	0	9	0	1	0.2
##	100	0	0	9	mtdna	1
100	0	0	10	0	0	1	0	0.176925
100	0	0	10	0	0	0	0.176925	0.188156
100	0	0	10	0	0	1	0.188156	0.204982
100	0	0	10	0	0	0	0.204982	0.211547
100	0	0	10	0	0	1	0.211547	0.427
##	100	0	0	10	0	0	0.2
100	0	0	10	0	1	1	0	0.024905
100	0	0	10	0	1	0	0.024905	0.0250468
100	0	0	10	0	1	1	0.0250468	0.223416
100	0	0	10	0	1	0	0.223416	0.239737
100	0	0	10	0	1	1	0.239737	0.427
##	100	0	0	10	0	1	0.2
##	100	0	0	10	mtdna	1
100	0	0	11	0	0	1	0	0.0203543
100	0	0	11	0	0	0	0.0203543	0.0252663
100	0	0	11	0	0	1	0.0252663	0.0530521
100	0	0	11	0	0	0	0.0530521	0.0553428
100	0	0	11	0	0	1	0.0553428	0.0778573
100	0	0	11	0	0	0	0.0778573	0.0862186
100	0	0	11	0	0	1	0.0862186	0.380203
100	0	0	11	0	0	0	0.380203	0.394222
100	0	0	11	0	0	1	0.394222	0.395101
100	0	0	11	0	0	0	0.395101	0.395346
100	0	0	11	0	0	1	0.395346	0.427
##	100	0	0	11	0	0	0.2
100	0	0	11	0	1	1	0	0.427
##	100	0	0	11	0	1	0.2
##	100	0	0	11	mtdna	1
100	0	0	12	0	0	1	0	0.153167
100	0	0	12	0	0	0	0.153167	0.155519
100	0	0	12	0	0	1	0.155519	0.427
##	100	0	0	12	0	0	0.2
100	0	0	12	0	1	1	0	0.140533
100	0	0	12	0	1	0	0.140533	0.156817
100	0	0	12	0	1	1	0.156817	0.17365
100	0	0	12	0	1	0	0.17365	0.194431
100	0	0	12	0	1	1	0.194431	0.427
##	100	0	0	12	0	1	0.2
##	100	0	0	12	mtdna	1
100	0	0	13	0	0	1	0	0.297266
100	0	0	13	0	0	0	0.297266	0.299068
100	0	0	13	0	0	1	0.299068	0.386874
100	0	0	13	0	0	0	0.386874	0.399787
100	0	0	13	0	0	1	0.399787	0.427
##	100	0	0	13	0	0	0.2
100	0	0	13	0	1	1	0	0.0573871
100	0	0	13	0	1	0	0.0573871	0.0680303
100	0	0	13	0	1	1	0.0680303	0.0848089
100	0	0	13	0	1	0	0.0848089	0.0852375
100	0	0	13	0	1	1	0.0852375	0.100727
100	0	0	13	0	1	0	0.100727	0.105619
100	0	0	13	0	1	1	0.105619	0.136271
100	0	0	13	0	1	0	0.136271	0.140659
100	0	0	13	0	1	1	0.140659	0.191476
100	0	0	13	0	1	0	0.191476	0.194003
100	0	0	13	0	1	1	0.194003	0.427
##	100	0	0	13	0	1	0.2
##	100	0	0	13	mtdna	1
100	0	0	14	0	0	1	0	0.427
##	100	0	0	14	0	0	0.2
100	0	0	14	0	1	1	0	0.239344
100	0	0	14	0	1	0	0.239344	0.244527
100	0	0	14	0	1	1	0.244527	0.259327
100	0	0	14	0	1	0	0.259327	0.261417
100	0	0	14	0	1	1	0.261417	0.427
##	100	0	0	14	0	1	0.2
##	100	0	0	14	mtdna	1
100	0	0	15	0	0	1	0	0.00760268
100	0	0	15	0	0	0	0.00760268	0.0193495
100	0	0	15	0	0	1	0.0193495	0.0822857
100	0	0	15	0	0	0	0.0822857	0.0967071
100	0	0	15	0	0	1	0.0967071	0.195186
100	0	0	15	0	0	0	0.195186	0.198748
100	0	0	15	0	0	1	0.198748	0.415276
100	0	0	15	0	0	0	0.415276	0.427
##	100	0	0	15	0	0	0.2
100	0	0	15	0	1	0	0	0.0126458
100	0	0	15	0	1	1	0.0126458	0.378289
100	0	0	15	0	1	0	0.378289	0.38003
100	0	0	15	0	1	1	0.38003	0.427
##	100	0	0	15	0	1	0.2
##	100	0	0	15	mtdna	1
100	0	0	16	0	0	1	0	0.00337074
100	0	0	16	0	0	0	0.00337074	0.00414949
100	0	0	16	0	0	1	0.00414949	0.180198
100	0	0	16	0	0	0	0.180198	0.180931
100	0	0	16	0	0	1	0.180931	0.215137
100	0	0	16	0	0	0	0.215137	0.215486
100	0	0	16	0	0	1	0.215486	0.233876
100	0	0	16	0	0	0	0.233876	0.242339
100	0	0	16	0	0	1	0.242339	0.395103
100	0	0	16	0	0	0	0.395103	0.397391
100	0	0	16	0	0	1	0.397391	0.427
##	100	0	0	16	0	0	0.2
100	0	0	16	0	1	1	0	0.0630442
100	0	0	16	0	1	0	0.0630442	0.069175
100	0	0	16	0	1	1	0.069175	0.396521
100	0	0	16	0	1	0	0.396521	0.409682
100	0	0	16	0	1	1	0.409682	0.427
##	100	0	0	16	0	1	0.2
##	100	0	0	16	mtdna	1
100	0	0	17	0	0	0	0	0.00626383
100	0	0	17	0	0	1	0.00626383	0.0744524
100	0	0	17	0	0	0	0.0744524	0.0975699
100	0	0	17	0	0	1	0.0975699	0.234671
100	0	0	17	0	0	0	0.234671	0.234696
100	0	0	17	0	0	1	0.234696	0.382737
100	0	0	17	0	0	0	0.382737	0.396809
100	0	0	17	0	0	1	0.396809	0.427
##	100	0	0	17	0	0	0.2
100	0	0	17	0	1	0	0	0.000149052
100	0	0	17	0	1	1	0.000149052	0.20281
100	0	0	17	0	1	0	0.20281	0.237234
100	0	0	17	0	1	1	0.237234	0.427
##	100	0	0	17	0	1	0.2
##	100	0	0	17	mtdna	1
100	0	0	18	0	0	1	0	0.10193
100	0	0	18	0	0	0	0.10193	0.125508
100	0	0	18	0	0	1	0.125508	0.427
##	100	0	0	18	0	0	0.2
100	0	0	18	0	1	1	0	0.133768
100	0	0	18	0	1	0	0.133768	0.137193
100	0	0	18	0	1	1	0.137193	0.311465
100	0	0	18	0	1	0	0.311465	0.322033
100	0	0	18	0	1	1	0.322033	0.427
##	100	0	0	18	0	1	0.2
##	100	0	0	18	mtdna	1
100	0	0	19	0	0	0	0	0.00464207
100	0	0	19	0	0	1	0.00464207	0.0953575
100	0	0	19	0	0	0	0.0953575	0.129784
100	0	0	19	0	0	1	0.129784	0.143836
100	0	0	19	0	0	0	0.143836	0.144721
100	0	0	19	0	0	1	0.144721	0.183975
100	0	0	19	0	0	0	0.183975	0.199556
100	0	0	19	0	0	1	0.199556	0.2319
100	0	0	19	0	0	0	0.2319	0.277756
100	0	0	19	0	0	1	0.277756	0.418325
100	0	0	19	0	0	0	0.418325	0.427
##	100	0	0	19	0	0	0.2
100	0	0	19	0	1	1	0	0.0997203
100	0	0	19	0	1	0	0.0997203	0.122405
100	0	0	19	0	1	1	0.122405	0.369764
100	0	0	19	0	1	0	0.369764	0.388026
100	0	0	19	0	1	1	0.388026	0.427
##	100	0	0	19	0	1	0.2
##	100	0	0	19	mtdna	1
100	0	0	20	0	0	1	0	0.00326204
100	0	0	20	0	0	0	0.00326204	0.013045
100	0	0	20	0	0	1	0.013045	0.0759995
100	0	0	20	0	0	0	0.0759995	0.105979
100	0	0	20	0	0	1	0.105979	0.114339
100	0	0	20	0	0	0	0.114339	0.120304
100	0	0	20	0	0	1	0.120304	0.142522
100	0	0	20	0	0	0	0.142522	0.180176
100	0	0	20	0	0	1	0.180176	0.427
##	100	0	0	20	0	0	0.2
100	0	0	20	0	1	1	0	0.427
##	100	0	0	20	0	1	0.2
##	100	0	0	20	mtdna	1
100	0	0	21	0	0	1	0	0.292192
100	0	0	21	0	0	0	0.292192	0.294054
100	0	0	21	0	0	1	0.294054	0.427
##	100	0	0	21	0	0	0.2
100	0	0	21	0	1	1	0	0.181753
100	0	0	21	0	1	0	0.181753	0.188458
100	0	0	21	0	1	1	0.188458	0.356922
100	0	0	21	0	1	0	0.356922	0.379398
100	0	0	21	0	1	1	0.379398	0.427
##	100	0	0	21	0	1	0.2
##	100	0	0	21	mtdna	1
100	0	0	22	0	0	1	0	0.0122595
100	0	0	22	0	0	0	0.0122595	0.0126458
100	0	0	22	0	0	1	0.0126458	0.0172178
100	0	0	22	0	0	0	0.0172178	0.0180064
100	0	0	22	0	0	1	0.0180064	0.0899873
100	0	0	22	0	0	0	0.0899873	0.108739
100	0	0	22	0	0	1	0.108739	0.119166
100	0	0	22	0	0	0	0.119166	0.12478
100	0	0	22	0	0	1	0.12478	0.17439
100	0	0	22	0	0	0	0.17439	0.185996
100	0	0	22	0	0	1	0.185996	0.204631
100	0	0	22	0	0	0	0.204631	0.216566
100	0	0	22	0	0	1	0.216566	0.309282
100	0	0	22	0	0	0	0.309282	0.318689
100	0	0	22	0	0	1	0.318689	0.427
##	100	0	0	22	0	0	0.2
100	0	0	22	0	1	1	0	0.0333174
100	0	0	22	0	1	0	0.0333174	0.040438
100	0	0	22	0	1	1	0.040438	0.103834
100	0	0	22	0	1	0	0.103834	0.108187
100	0	0	22	0	1	1	0.108187	0.348965
100	0	0	22	0	1	0	0.348965	0.351614
100	0	0	22	0	1	1	0.351614	0.427
##	100	0	0	22	0	1	0.2
##	100	0	0	22	mtdna	1
100	0	0	23	0	0	1	0	0.427
##	100	0	0	23	0	0	0.2
100	0	0	23	0	1	1	0	0.0517399
100	0	0	23	0	1	0	0.0517399	0.0552778
100	0	0	23	0	1	1	0.0552778	0.163886
100	0	0	23	0	1	0	0.163886	0.17238
100	0	0	23	0	1	1	0.17238	0.427
##	100	0	0	23	0	1	0.2
##	100	0	0	23	mtdna	0
100	0	0	24	0	0	1	0	0.327721
100	0	0	24	0	0	0	0.327721	0.33531
100	0	0	24	0	0	1	0.33531	0.427
##	100	0	0	24	0	0	0.2
100	0	0	24	0	1	1	0	0.242415
100	0	0	24	0	1	0	0.242415	0.246022
100	0	0	24	0	1	1	0.246022	0.427
##	100	0	0	24	0	1	0.2
##	100	0	0	24	mtdna	1
100	0	0	25	0	0	1	0	0.14456
100	0	0	25	0	0	0	0.14456	0.171725
100	0	0	25	0	0	1	0.171725	0.427
##	100	0	0	25	0	0	0.2
100	0	0	25	0	1	1	0	0.0131006
100	0	0	25	0	1	0	0.0131006	0.0266174
100	0	0	25	0	1	1	0.0266174	0.109882
100	0	0	25	0	1	0	0.109882	0.119888
100	0	0	25	0	1	1	0.119888	0.427
##	100	0	0	25	0	1	0.2
##	100	0	0	25	mtdna	1
100	0	0	26	0	0	1	0	0.0676581
100	0	0	26	0	0	0	0.0676581	0.0704673
100	0	0	26	0	0	1	0.0704673	0.0942854
100	0	0	26	0	0	0	0.0942854	0.098602
100	0	0	26	0	0	1	0.098602	0.427
##	100	0	0	26	0	0	0.2
100	0	0	26	0	1	1	0	0.265383
100	0	0	26	0	1	0	0.265383	0.274782
100	0	0	26	0	1	1	0.274782	0.427
##	100	0	0	26	0	1	0.2
##	100	0	0	26	mtdna	1
100	0	0	27	0	0	1	0	0.427
##	100	0	0	27	0	0	0.2
100	0	0	27	0	1	1	0	0.354941
100	0	0	27	0	1	0	0.354941	0.356929
100	0	0	27	0	1	1	0.356929	0.427
##	100	0	0	27	0	1	0.2
##	100	0	0	27	mtdna	1
100	0	0	28	0	0	1	0	0.427
##	100	0	0	28	0	0	0.2
100	0	0	28	0	1	1	0	0.222913
100	0	0	28	0	1	0	0.222913	0.25337
100	0	0	28	0	1	1	0.25337	0.336478
100	0	0	28	0	1	0	0.336478	0.344097
100	0	0	28	0	1	1	0.344097	0.427
##	100	0	0	28	0	1	0.2
##	100	0	0	28	mtdna	1
100	0	0	29	0	0	1	0	0.206375
100	0	0	29	0	0	0	0.206375	0.209414
100	0	0	29	0	0	1	0.209414	0.407552
100	0	0	29	0	0	0	0.407552	0.412603
100	0	0	29	0	0	1	0.412603	0.427
##	100	0	0	29	0	0	0.2
100	0	0	29	0	1	1	0	0.427
##	100	0	0	29	0	1	0.2
##	100	0	0	29	mtdna	1
100	0	0	30	0	0	1	0	0.427
##	100	0	0	30	0	0	0.2
100	0	0	30	0	1	1	0	0.0578539
100	0	0	30	0	1	0	0.0578539	0.0785353
100	0	0	30	0	1	1	0.0785353	0.427
##	100	0	0	30	0	1	0.2
##	100	0	0	30	mtdna	1
100	0	0	31	0	0	1	0	0.155075
100	0	0	31	0	0	0	0.155075	0.162987
100	0	0	31	0	0	1	0.162987	0.236928
100	0	0	31	0	0	0	0.236928	0.246069
100	0	0	31	0	0	1	0.246069	0.427
##	100	0	0	31	0	0	0.2
100	0	0	31	0	1	1	0	0.0152656
100	0	0	31	0	1	0	0.0152656	0.0194362
100	0	0	31	0	1	1	0.0194362	0.0944689
100	0	0	31	0	1	0	0.0944689	0.103322
100	0	0	31	0	1	1	0.103322	0.194381
100	0	0	31	0	1	0	0.194381	0.199223
100	0	0	31	0	1	1	0.199223	0.427
##	100	0	0	31	0	1	0.2
##	100	0	0	31	mtdna	1
100	0	0	32	0	0	1	0	0.175632
100	0	0	32	0	0	0	0.175632	0.181789
100	0	0	32	0	0	1	0.181789	0.216206
100	0	0	32	0	0	0	0.216206	0.22519
100	0	0	32	0	0	1	0.22519	0.427
##	100	0	0	32	0	0	0.2
100	0	0	32	0	1	1	0	0.0572329
100	0	0	32	0	1	0	0.0572329	0.0575151
100	0	0	32	0	1	1	0.0575151	0.202623
100	0	0	32	0	1	0	0.202623	0.231555
100	0	0	32	0	1	1	0.231555	0.427
##	100	0	0	32	0	1	0.2
##	100	0	0	32	mtdna	1
100	0	0	33	0	0	1	0	0.00337074
100	0	0	33	0	0	0	0.00337074	0.0333732
100	0	0	33	0	0	1	0.0333732	0.0617487
100	0	0	33	0	0	0	0.0617487	0.0706069
100	0	0	33	0	0	1	0.0706069	0.105548
100	0	0	33	0	0	0	0.105548	0.1146
100	0	0	33	0	0	1	0.1146	0.190853
100	0	0	33	0	0	0	0.190853	0.202699
100	0	0	33	0	0	1	0.202699	0.332045
100	0	0	33	0	0	0	0.332045	0.338979
100	0	0	33	0	0	1	0.338979	0.39414
100	0	0	33	0	0	0	0.39414	0.394222
100	0	0	33	0	0	1	0.394222	0.427
##	100	0	0	33	0	0
100	0	0	33	0	1	1	0	0.0361253
100	0	0	33	0	1	0	0.0361253	0.0553492
100	0	0	33	0	1	1	0.0553492	0.110767
100	0	0	33	0	1	0	0.110767	0.12571
100	0	0	33	0	1	1	0.12571	0.398453
100	0	0	33	0	1	0	0.398453	0.416861
100	0	0	33	0	1	1	0.416861	0.427
##	100	0	0	33	0	1	0.2
##	100	0	0	33	mtdna	1
100	0	0	34	0	0	1	0	0.182216
100	0	0	34	0	0	0	0.182216	0.187542
100	0	0	34	0	0	1	0.187542	0.207431
100	0	0	34	0	0	0	0.207431	0.208581
100	0	0	34	0	0	1	0.208581	0.37579
100	0	0	34	0	0	0	0.37579	0.388026
100	0	0	34	0	0	1	0.388026	0.414773
100	0	0	34	0	0	0	0.414773	0.424325
100	0	0	34	0	0	1	0.424325	0.427
##	100	0	0	34	0	0	0.2
100	0	0	34	0	1	1	0	0.103834
100	0	0	34	0	1	0	0.103834	0.108187
100	0	0	34	0	1	1	0.108187	0.237113
100	0	0	34	0	1	0	0.237113	0.239466
100	0	0	34	0	1	1	0.239466	0.297416
100	0	0	34	0	1	0	0.297416	0.312066
100	0	0	34	0	1	1	0.312066	0.346463
100	0	0	34	0	1	0	0.346463	0.376316
100	0	0	34	0	1	1	0.376316	0.427
##	100	0	0	34	0	1	0.2
##	100	0	0	34	mtdna	1
100	0	0	35	0	0	1	0	0.27515
100	0	0	35	0	0	0	0.27515	0.294019
100	0	0	35	0	0	1	0.294019	0.427
##	100	0	0	35	0	0	0.2
100	0	0	35	0	1	1	0	0.0594881
100	0	0	35	0	1	0	0.0594881	0.061428
100	0	0	35	0	1	1	0.061428	0.171478
100	0	0	35	0	1	0	0.171478	0.19691
100	0	0	35	0	1	1	0.19691	0.295534
100	0	0	35	0	1	0	0.295534	0.305112
100	0	0	35	0	1	1	0.305112	0.385488
100	0	0	35	0	1	0	0.385488	0.389591
100	0	0	35	0	1	1	0.389591	0.427
##	100	0	0	35	0	1	0.2
##	100	0	0	35	mtdna	1
100	0	0	36	0	0	1	0	0.22011
100	0	0	36	0	0	0	0.22011	0.221924
100	0	0	36	0	0	1	0.221924	0.427
##	100	0	0	36	0	0	0.2
100	0	0	36	0	1	1	0	0.0288979
100	0	0	36	0	1	0	0.0288979	0.0321233
100	0	0	36	0	1	1	0.0321233	0.096511
100	0	0	36	0	1	0	0.096511	0.100041
100	0	0	36	0	1	1	0.100041	0.427
##	100	0	0	36	0	1	0.2
##	100	0	0	36	mtdna	1
100	0	0	37	0	0	1	0	0.0850006
100	0	0	37	0	0	0	0.0850006	0.0933589
100	0	0	37	0	0	1	0.0933589	0.40317
100	0	0	37	0	0	0	0.40317	0.415593
100	0	0	37	0	0	1	0.415593	0.426393
100	0	0	37	0	0	0	0.426393	0.427
##	100	0	0	37	0	0	0.2
100	0	0	37	0	1	1	0	0.0670351
100	0	0	37	0	1	0	0.0670351	0.0894464
100	0	0	37	0	1	1	0.0894464	0.124459
100	0	0	37	0	1	0	0.124459	0.142658
100	0	0	37	0	1	1	0.142658	0.165651
100	0	0	37	0	1	0	0.165651	0.168846
100	0	0	37	0	1	1	0.168846	0.427
##	100	0	0	37	0	1	0.2
##	100	0	0	37	mtdna	1
100	0	0	38	0	0	1	0	0.110767
100	0	0	38	0	0	0	0.110767	0.135131
100	0	0	38	0	0	1	0.135131	0.158735
100	0	0	38	0	0	0	0.158735	0.172391
100	0	0	38	0	0	1	0.172391	0.243922
100	0	0	38	0	0	0	0.243922	0.259735
100	0	0	38	0	0	1	0.259735	0.328651
100	0	0	38	0	0	0	0.328651	0.3418
100	0	0	38	0	0	1	0.3418	0.427
##	100	0	0	38	0	0	0.2
100	0	0	38	0	1	1	0	0.250991
100	0	0	38	0	1	0	0.250991	0.270772
100	0	0	38	0	1	1	0.270772	0.427
##	100	0	0	38	0	1	0.2
##	100	0	0	38	mtdna	1
100	0	0	39	0	0	1	0	0.06691
100	0	0	39	0	0	0	0.06691	0.0704162
100	0	0	39	0	0	1	0.0704162	0.104927
100	0	0	39	0	0	0	0.104927	0.105198
100	0	0	39	0	0	1	0.105198	0.413218
100	0	0	39	0	0	0	0.413218	0.426152
100	0	0	39	0	0	1	0.426152	0.427
##	100	0	0	39	0	0	0.2
100	0	0	39	0	1	0	0	0.00772502
100	0	0	39	0	1	1	0.00772502	0.0519887
100	0	0	39	0	1	0	0.0519887	0.0803544
100	0	0	39	0	1	1	0.0803544	0.427
##	100	0	0	39	0	1	0.2
##	100	0	0	39	mtdna	1
100	0	0	40	0	0	1	0	0.143975
100	0	0	40	0	0	0	0.143975	0.156582
100	0	0	40	0	0	1	0.156582	0.359369
100	0	0	40	0	0	0	0.359369	0.363264
100	0	0	40	0	0	1	0.363264	0.427
##	100	0	0	40	0	0	0.2
100	0	0	40	0	1	1	0	0.0256538
100	0	0	40	0	1	0	0.0256538	0.0434569
100	0	0	40	0	1	1	0.0434569	0.251758
100	0	0	40	0	1	0	0.251758	0.252513
100	0	0	40	0	1	1	0.252513	0.427
##	100	0	0	40	0	1	0.2
##	100	0	0	40	mtdna	1
100	0	0	41	0	0	1	0	0.322573
100	0	0	41	0	0	0	0.322573	0.324096
100	0	0	41	0	0	1	0.324096	0.40258
100	0	0	41	0	0	0	0.40258	0.424371
100	0	0	41	0	0	1	0.424371	0.427
##	100	0	0	41	0	0	0.2
100	0	0	41	0	1	0	0	0.00105802
100	0	0	41	0	1	1	0.00105802	0.0668265
100	0	0	41	0	1	0	0.0668265	0.079315
100	0	0	41	0	1	1	0.079315	0.257379
100	0	0	41	0	1	0	0.257379	0.268071
100	0	0	41	0	1	1	0.268071	0.427
##	100	0	0	41	0	1	0.2
##	100	0	0	41	mtdna	1
100	0	0	42	0	0	1	0	0.00953013
100	0	0	42	0	0	0	0.00953013	0.047607
100	0	0	42	0	0	1	0.047607	0.171478
100	0	0	42	0	0	0	0.171478	0.19691
100	0	0	42	0	0	1	0.19691	0.340944
100	0	0	42	0	0	0	0.340944	0.369546
100	0	0	42	0	0	1	0.369546	0.380509
100	0	0	42	0	0	0	0.380509	0.390134
100	0	0	42	0	0	1	0.390134	0.400528
100	0	0	42	0	0	0	0.400528	0.415637
100	0	0	42	0	0	1	0.415637	0.421491
100	0	0	42	0	0	0	0.421491	0.42431
100	0	0	42	0	0	1	0.42431	0.427
##	100	0	0	42	0	0	0.2
100	0	0	42	0	1	1	0	0.016083
100	0	0	42	0	1	0	0.016083	0.0227225
100	0	0	42	0	1	1	0.0227225	0.427
##	100	0	0	42	0	1	0.2
##	100	0	0	42	mtdna	1
100	0	0	43	0	0	1	0	0.0463452
100	0	0	43	0	0	0	0.0463452	0.0470043
100	0	0	43	0	0	1	0.0470043	0.0938675
100	0	0	43	0	0	0	0.0938675	0.103461
100	0	0	43	0	0	1	0.103461	0.427
##	100	0	0	43	0	0	0.2
100	0	0	43	0	1	1	0	0.269475
100	0	0	43	0	1	0	0.269475	0.271445
100	0	0	43	0	1	1	0.271445	0.427
##	100	0	0	43	0	1	0.2
##	100	0	0	43	mtdna	1
100	0	0	44	0	0	1	0	0.132241
100	0	0	44	0	0	0	0.132241	0.13816
100	0	0	44	0	0	1	0.13816	0.427
##	100	0	0	44	0	0	0.2
100	0	0	44	0	1	0	0	0.0033506
100	0	0	44	0	1	1	0.0033506	0.309378
100	0	0	44	0	1	0	0.309378	0.326189
100	0	0	44	0	1	1	0.326189	0.426929
100	0	0	44	0	1	0	0.426929	0.427
##	100	0	0	44	0	1	0.2
##	100	0	0	44	mtdna	1
100	0	0	45	0	0	1	0	0.0947898
100	0	0	45	0	0	0	0.0947898	0.096792
100	0	0	45	0	0	1	0.096792	0.225904
100	0	0	45	0	0	0	0.225904	0.257701
100	0	0	45	0	0	1	0.257701	0.337673
100	0	0	45	0	0	0	0.337673	0.376033
100	0	0	45	0	0	1	0.376033	0.427
##	100	0	0	45	0	0	0.2
100	0	0	45	0	1	1	0	0.161696
100	0	0	45	0	1	0	0.161696	0.181428
100	0	0	45	0	1	1	0.181428	0.285193
100	0	0	45	0	1	0	0.285193	0.285655
100	0	0	45	0	1	1	0.285655	0.427
##	100	0	0	45	0	1	0.2
##	100	0	0	45	mtdna	0
100	0	0	46	0	0	1	0	0.0597295
100	0	0	46	0	0	0	0.0597295	0.0712427
100	0	0	46	0	0	1	0.0712427	0.293552
100	0	0	46	0	0	0	0.293552	0.294752
100	0	0	46	0	0	1	0.294752	0.31987
100	0	0	46	0	0	0	0.31987	0.325223
100	0	0	46	0	0	1	0.325223	0.402618
100	0	0	46	0	0	0	0.402618	0.427
##	100	0	0	46	0	0	0.2
100	0	0	46	0	1	1	0	0.0617487
100	0	0	46	0	1	0	0.0617487	0.0706069
100	0	0	46	0	1	1	0.0706069	0.0922624
100	0	0	46	0	1	0	0.0922624	0.106255
100	0	0	46	0	1	1	0.106255	0.234646
100	0	0	46	0	1	0	0.234646	0.236281
100	0	0	46	0	1	1	0.236281	0.427
##	100	0	0	46	0	1	0.2
##	100	0	0	46	mtdna	1
100	0	0	47	0	0	1	0	0.427
##	100	0	0	47	0	0	0.2
100	0	0	47	0	1	1	0	0.427
##	100	0	0	47	0	1	0.2
##	100	0	0	47	mtdna	1
100	0	0	48	0	0	1	0	0.155492
100	0	0	48	0	0	0	0.155492	0.164011
100	0	0	48	0	0	1	0.164011	0.427
##	100	0	0	48	0	0	0.2
100	0	0	48	0	1	1	0	0.423981
100	0	0	48	0	1	0	0.423981	0.426804
100	0	0	48	0	1	1	0.426804	0.427
##	100	0	0	48	0	1	0.2
##	100	0	0	48	mtdna	1
100	0	0	49	0	0	1	0	0.00275085
100	0	0	49	0	0	0	0.00275085	0.00978044
100	0	0	49	0	0	1	0.00978044	0.17584
100	0	0	49	0	0	0	0.17584	0.176186
100	0	0	49	0	0	1	0.176186	0.23203
100	0	0	49	0	0	0	0.23203	0.262484
100	0	0	49	0	0	1	0.262484	0.335706
100	0	0	49	0	0	0	0.335706	0.342903
100	0	0	49	0	0	1	0.342903	0.343875
100	0	0	49	0	0	0	0.343875	0.346457
100	0	0	49	0	0	1	0.346457	0.362242
100	0	0	49	0	0	0	0.362242	0.388288
100	0	0	49	0	0	1	0.388288	0.399665
100	0	0	49	0	0	0	0.399665	0.400561
100	0	0	49	0	0	1	0.400561	0.427
##	100	0	0	49	0	0	0.2
100	0	0	49	0	1	1	0	0.10123
100	0	0	49	0	1	0	0.10123	0.125171
100	0	0	49	0	1	1	0.125171	0.280122
100	0	0	49	0	1	0	0.280122	0.288418
100	0	0	49	0	1	1	0.288418	0.3901
100	0	0	49	0	1	0	0.3901	0.390768
100	0	0	49	0	1	1	0.390768	0.427
##	100	0	0	49	0	1	0.2
##	100	0	0	49	mtdna	1
100	0	0	50	0	0	1	0	0.355931
100	0	0	50	0	0	0	0.355931	0.35933
100	0	0	50	0	0	1	0.35933	0.427
##	100	0	0	50	0	0	0.2
100	0	0	50	0	1	1	0	0.140723
100	0	0	50	0	1	0	0.140723	0.143498
100	0	0	50	0	1	1	0.143498	0.421168
100	0	0	50	0	1	0	0.421168	0.427
##	100	0	0	50	0	1	0.2
##	100	0	0	50	mtdna	1
100	0	0	51	0	0	1	0	0.106265
100	0	0	51	0	0	0	0.106265	0.125268
100	0	0	51	0	0	1	0.125268	0.165129
100	0	0	51	0	0	0	0.165129	0.165721
100	0	0	51	0	0	1	0.165721	0.427
##	100	0	0	51	0	0	0.2
100	0	0	51	0	1	1	0	0.42174
100	0	0	51	0	1	0	0.42174	0.424972
100	0	0	51	0	1	1	0.424972	0.427
##	100	0	0	51	0	1	0.2
##	100	0	0	51	mtdna	1
100	0	0	52	0	0	1	0	0.0481251
100	0	0	52	0	0	0	0.0481251	0.0746893
100	0	0	52	0	0	1	0.0746893	0.0899873
100	0	0	52	0	0	0	0.0899873	0.0916299
100	0	0	52	0	0	1	0.0916299	0.129285
100	0	0	52	0	0	0	0.129285	0.177593
100	0	0	52	0	0	1	0.177593	0.245452
100	0	0	52	0	0	0	0.245452	0.249992
100	0	0	52	0	0	1	0.249992	0.427
##	100	0	0	52	0	0	0.2
100	0	0	52	0	1	1	0	0.0614996
100	0	0	52	0	1	0	0.0614996	0.0630191
100	0	0	52	0	1	1	0.0630191	0.0851764
100	0	0	52	0	1	0	0.0851764	0.0893406
100	0	0	52	0	1	1	0.0893406	0.11374
100	0	0	52	0	1	0	0.11374	0.1208
100	0	0	52	0	1	1	0.1208	0.427
##	100	0	0	52	0	1	0.2
##	100	0	0	52	mtdna	1
100	0	0	53	0	0	1	0	0.167562
100	0	0	53	0	0	0	0.167562	0.168506
100	0	0	53	0	0	1	0.168506	0.427
##	100	0	0	53	0	0	0.2
100	0	0	53	0	1	1	0	0.229988
100	0	0	53	0	1	0	0.229988	0.232041
100	0	0	53	0	1	1	0.232041	0.325811
100	0	0	53	0	1	0	0.325811	0.334621
100	0	0	53	0	1	1	0.334621	0.427
##	100	0	0	53	0	1	0.2
##	100	0	0	53	mtdna	1
100	0	0	54	0	0	1	0	0.104507
100	0	0	54	0	0	0	0.104507	0.128126
100	0	0	54	0	0	1	0.128126	0.427
##	100	0	0	54	0	0	0.2
100	0	0	54	0	1	1	0	0.427
##	100	0	0	54	0	1	0.2
##	100	0	0	54	mtdna	1
100	0	0	55	0	0	1	0	0.216183
100	0	0	55	0	0	0	0.216183	0.22488
100	0	0	55	0	0	1	0.22488	0.232483
100	0	0	55	0	0	0	0.232483	0.234658
100	0	0	55	0	0	1	0.234658	0.427
##	100	0	0	55	0	0	0.2
100	0	0	55	0	1	1	0	0.0103231
100	0	0	55	0	1	0	0.0103231	0.0216349
100	0	0	55	0	1	1	0.0216349	0.0612909
100	0	0	55	0	1	0	0.0612909	0.0804983
100	0	0	55	0	1	1	0.0804983	0.427
##	100	0	0	55	0	1	0.2
##	100	0	0	55	mtdna	1
100	0	0	56	0	0	1	0	0.0131136
100	0	0	56	0	0	0	0.0131136	0.0199891
100	0	0	56	0	0	1	0.0199891	0.0608722
100	0	0	56	0	0	0	0.0608722	0.0692265
100	0	0	56	0	0	1	0.0692265	0.380182
100	0	0	56	0	0	0	0.380182	0.388352
100	0	0	56	0	0	1	0.388352	0.427
##	100	0	0	56	0	0	0.2
100	0	0	56	0	1	1	0	0.159126
100	0	0	56	0	1	0	0.159126	0.173442
100	0	0	56	0	1	1	0.173442	0.181778
100	0	0	56	0	1	0	0.181778	0.186452
100	0	0	56	0	1	1	0.186452	0.29751
100	0	0	56	0	1	0	0.29751	0.312256
100	0	0	56	0	1	1	0.312256	0.427
##	100	0	0	56	0	1	0.2
##	100	0	0	56	mtdna	1
100	0	0	57	0	0	1	0	0.0604788
100	0	0	57	0	0	0	0.0604788	0.0639179
100	0	0	57	0	0	1	0.0639179	0.427
##	100	0	0	57	0	0	0.2
100	0	0	57	0	1	1	0	0.31442
100	0	0	57	0	1	0	0.31442	0.32968
100	0	0	57	0	1	1	0.32968	0.427
##	100	0	0	57	0	1	0.2
##	100	0	0	57	mtdna	1
100	0	0	58	0	0	1	0	0.424311
100	0	0	58	0	0	0	0.424311	0.427
##	100	0	0	58	0	0	0.2
100	0	0	58	0	1	0	0	0.0141612
100	0	0	58	0	1	1	0.0141612	0.0257106
100	0	0	58	0	1	0	0.0257106	0.0511093
100	0	0	58	0	1	1	0.0511093	0.427
##	100	0	0	58	0	1	0.2
##	100	0	0	58	mtdna	1
100	0	0	59	0	0	1	0	0.427
##	100	0	0	59	0	0	0.2
100	0	0	59	0	1	0	0	0.00220062
100	0	0	59	0	1	1	0.00220062	0.0729591
100	0	0	59	0	1	0	0.0729591	0.0810876
100	0	0	59	0	1	1	0.0810876	0.105623
100	0	0	59	0	1	0	0.105623	0.122405
100	0	0	59	0	1	1	0.122405	0.427
##	100	0	0	59	0	1	0.2
##	100	0	0	59	mtdna	1
100	0	0	60	0	0	1	0	0.0169842
100	0	0	60	0	0	0	0.0169842	0.0175459
100	0	0	60	0	0	1	0.0175459	0.212075
100	0	0	60	0	0	0	0.212075	0.223279
100	0	0	60	0	0	1	0.223279	0.226728
100	0	0	60	0	0	0	0.226728	0.26131
100	0	0	60	0	0	1	0.26131	0.312843
100	0	0	60	0	0	0	0.312843	0.322625
100	0	0	60	0	0	1	0.322625	0.427
##	100	0	0	60	0	0	0.2
100	0	0	60	0	1	1	0	0.389688
100	0	0	60	0	1	0	0.389688	0.419034
100	0	0	60	0	1	1	0.419034	0.427
##	100	0	0	60	0	1	0.2
##	100	0	0	60	mtdna	1
100	0	0	61	0	0	1	0	0.0169174
100	0	0	61	0	0	0	0.0169174	0.0262403
100	0	0	61	0	0	1	0.0262403	0.154611
100	0	0	61	0	0	0	0.154611	0.160999
100	0	0	61	0	0	1	0.160999	0.296208
100	0	0	61	0	0	0	0.296208	0.308558
100	0	0	61	0	0	1	0.308558	0.39997
100	0	0	61	0	0	0	0.39997	0.427
##	100	0	0	61	0	0	0.2
100	0	0	61	0	1	1	0	0.0573691
100	0	0	61	0	1	0	0.0573691	0.0593174
100	0	0	61	0	1	1	0.0593174	0.427
##	100	0	0	61	0	1	0.2
##	100	0	0	61	mtdna	1
100	0	0	62	0	0	1	0	0.0746403
100	0	0	62	0	0	0	0.0746403	0.0998752
100	0	0	62	0	0	1	0.0998752	0.20241
100	0	0	62	0	0	0	0.20241	0.215935
100	0	0	62	0	0	1	0.215935	0.227103
100	0	0	62	0	0	0	0.227103	0.234769
100	0	0	62	0	0	1	0.234769	0.427
##	100	0	0	62	0	0	0.2
100	0	0	62	0	1	1	0	0.121884
100	0	0	62	0	1	0	0.121884	0.130701
100	0	0	62	0	1	1	0.130701	0.16379
100	0	0	62	0	1	0	0.16379	0.174305
100	0	0	62	0	1	1	0.174305	0.38616
100	0	0	62	0	1	0	0.38616	0.397342
100	0	0	62	0	1	1	0.397342	0.427
##	100	0	0	62	0	1	0.2
##	100	0	0	62	mtdna	1
100	0	0	63	0	0	1	0	0.0282338
100	0	0	63	0	0	0	0.0282338	0.0314933
100	0	0	63	0	0	1	0.0314933	0.0712288
100	0	0	63	0	0	0	0.0712288	0.102666
100	0	0	63	0	0	1	0.102666	0.149992
100	0	0	63	0	0	0	0.149992	0.171487
100	0	0	63	0	0	1	0.171487	0.427
##	100	0	0	63	0	0	0.2
100	0	0	63	0	1	1	0	0.162894
100	0	0	63	0	1	0	0.162894	0.165518
100	0	0	63	0	1	1	0.165518	0.427
##	100	0	0	63	0	1	0.2
##	100	0	0	63	mtdna	1
100	0	0	64	0	0	1	0	0.0555912
100	0	0	64	0	0	0	0.0555912	0.0633673
100	0	0	64	0	0	1	0.0633673	0.201834
100	0	0	64	0	0	0	0.201834	0.206124
100	0	0	64	0	0	1	0.206124	0.427
##	100	0	0	64	0	0	0.2
100	0	0	64	0	1	1	0	0.119158
100	0	0	64	0	1	0	0.119158	0.144702
100	0	0	64	0	1	1	0.144702	0.427
##	100	0	0	64	0	1	0.2
##	100	0	0	64	mtdna	1
100	0	0	65	0	0	1	0	0.24114
100	0	0	65	0	0	0	0.24114	0.26855
100	0	0	65	0	0	1	0.26855	0.27048
100	0	0	65	0	0	0	0.27048	0.280408
100	0	0	65	0	0	1	0.280408	0.427
##	100	0	0	65	0	0	0.2
100	0	0	65	0	1	1	0	0.00148439
100	0	0	65	0	1	0	0.00148439	0.00220062
100	0	0	65	0	1	1	0.00220062	0.138809
100	0	0	65	0	1	0	0.138809	0.14446
100	0	0	65	0	1	1	0.14446	0.27811
100	0	0	65	0	1	0	0.27811	0.312117
100	0	0	65	0	1	1	0.312117	0.35149
100	0	0	65	0	1	0	0.35149	0.354042
100	0	0	65	0	1	1	0.354042	0.427
##	100	0	0	65	0	1	0.2
##	100	0	0	65	mtdna	1
100	0	0	66	0	0	1	0	0.0204055
100	0	0	66	0	0	0	0.0204055	0.0241925
100	0	0	66	0	0	1	0.0241925	0.375101
100	0	0	66	0	0	0	0.375101	0.385385
100	0	0	66	0	0	1	0.385385	0.427
##	100	0	0	66	0	0	0.2
100	0	0	66	0	1	1	0	0.103834
100	0	0	66	0	1	0	0.103834	0.108187
100	0	0	66	0	1	1	0.108187	0.237113
100	0	0	66	0	1	0	0.237113	0.239466
100	0	0	66	0	1	1	0.239466	0.297416
100	0	0	66	0	1	0	0.297416	0.312066
100	0	0	66	0	1	1	0.312066	0.346463
100	0	0	66	0	1	0	0.346463	0.376316
100	0	0	66	0	1	1	0.376316	0.411648
100	0	0	66	0	1	0	0.411648	0.427
##	100	0	0	66	0	1	0.2
##	100	0	0	66	mtdna	1
100	0	0	67	0	0	1	0	0.203949
100	0	0	67	0	0	0	0.203949	0.216443
100	0	0	67	0	0	1	0.216443	0.346871
100	0	0	67	0	0	0	0.346871	0.350219
100	0	0	67	0	0	1	0.350219	0.427
##	100	0	0	67	0	0	0.2
100	0	0	67	0	1	1	0	0.0417615
100	0	0	67	0	1	0	0.0417615	0.0625191
100	0	0	67	0	1	1	0.0625191	0.309393
100	0	0	67	0	1	0	0.309393	0.345031
100	0	0	67	0	1	1	0.345031	0.388803
100	0	0	67	0	1	0	0.388803	0.394311
100	0	0	67	0	1	1	0.394311	0.427
##	100	0	0	67	0	1	0.2
##	100	0	0	67	mtdna	1
100	0	0	68	0	0	1	0	0.211327
100	0	0	68	0	0	0	0.211327	0.234343
100	0	0	68	0	0	1	0.234343	0.427
##	100	0	0	68	0	0	0.2
100	0	0	68	0	1	1	0	0.226428
100	0	0	68	0	1	0	0.226428	0.230253
100	0	0	68	0	1	1	0.230253	0.427
##	100	0	0	68	0	1	0.2
##	100	0	0	68	mtdna	1
100	0	0	69	0	0	1	0	0.00574189
100	0	0	69	0	0	0	0.00574189	0.0115073
100	0	0	69	0	0	1	0.0115073	0.178189
100	0	0	69	0	0	0	0.178189	0.207014
100	0	0	69	0	0	1	0.207014	0.334364
100	0	0	69	0	0	0	0.334364	0.341995
100	0	0	69	0	0	1	0.341995	0.427
##	100	0	0	69	0	0
100	0	0	69	0	1	1	0	0.285684
100	0	0	69	0	1	0	0.285684	0.295936
100	0	0	69	0	1	1	0.295936	0.427
##	100	0	0	69	0	1	0.2
##	100	0	0	69	mtdna	1
100	0	0	70	0	0	1	0	0.0363823
100	0	0	70	0	0	0	0.0363823	0.0391084
100	0	0	70	0	0	1	0.0391084	0.0667929
100	0	0	70	0	0	0	0.0667929	0.095844
100	0	0	70	0	0	1	0.095844	0.232322
100	0	0	70	0	0	0	0.232322	0.25337
100	0	0	70	0	0	1	0.25337	0.427
##	100	0	0	70	0	0	0.2
100	0	0	70	0	1	1	0	0.427
##	100	0	0	70	0	1	0.2
##	100	0	0	70	mtdna	1
100	0	0	71	0	0	1	0	0.150091
100	0	0	71	0	0	0	0.150091	0.160438
100	0	0	71	0	0	1	0.160438	0.375101
100	0	0	71	0	0	0	0.375101	0.403081
100	0	0	71	0	0	1	0.403081	0.427
##	100	0	0	71	0	0	0.2
100	0	0	71	0	1	1	0	0.0850006
100	0	0	71	0	1	0	0.0850006	0.0933589
100	0	0	71	0	1	1	0.0933589	0.40317
100	0	0	71	0	1	0	0.40317	0.415593
100	0	0	71	0	1	1	0.415593	0.426393
100	0	0	71	0	1	0	0.426393	0.427
##	100	0	0	71	0	1	0.2
##	100	0	0	71	mtdna	1
100	0	0	72	0	0	1	0	0.159466
100	0	0	72	0	0	0	0.159466	0.160055
100	0	0	72	0	0	1	0.160055	0.359533
100	0	0	72	0	0	0	0.359533	0.369102
100	0	0	72	0	0	1	0.369102	0.404106
100	0	0	72	0	0	0	0.404106	0.41964
100	0	0	72	0	0	1	0.41964	0.427
##	100	0	0	72	0	0	0.2
100	0	0	72	0	1	1	0	0.149514
100	0	0	72	0	1	0	0.149514	0.154599
100	0	0	72	0	1	1	0.154599	0.427
##	100	0	0	72	0	1	0.2
##	100	0	0	72	mtdna	1
100	0	0	73	0	0	1	0	0.124536
100	0	0	73	0	0	0	0.124536	0.127671
100	0	0	73	0	0	1	0.127671	0.312594
100	0	0	73	0	0	0	0.312594	0.315836
100	0	0	73	0	0	1	0.315836	0.330406
100	0	0	73	0	0	0	0.330406	0.331928
100	0	0	73	0	0	1	0.331928	0.348679
100	0	0	73	0	0	0	0.348679	0.356929
100	0	0	73	0	0	1	0.356929	0.427
##	100	0	0	73	0	0	0.2
100	0	0	73	0	1	1	0	0.0276694
100	0	0	73	0	1	0	0.0276694	0.0492313
100	0	0	73	0	1	1	0.0492313	0.229791
100	0	0	73	0	1	0	0.229791	0.236085
100	0	0	73	0	1	1	0.236085	0.350983
100	0	0	73	0	1	0	0.350983	0.352775
100	0	0	73	0	1	1	0.352775	0.427
##	100	0	0	73	0	1	0.2
##	100	0	0	73	mtdna	1
100	0	0	74	0	0	1	0	0.427
##	100	0	0	74	0	0	0.2
100	0	0	74	0	1	1	0	0.0572329
100	0	0	74	0	1	0	0.0572329	0.0692265
100	0	0	74	0	1	1	0.0692265	0.427
##	100	0	0	74	0	1	0.2
##	100	0	0	74	mtdna	1
100	0	0	75	0	0	1	0	0.09732
100	0	0	75	0	0	0	0.09732	0.101272
100	0	0	75	0	0	1	0.101272	0.427
##	100	0	0	75	0	0	0.2
100	0	0	75	0	1	0	0	0.0194362
100	0	0	75	0	1	1	0.0194362	0.427
##	100	0	0	75	0	1	0.2
##	100	0	0	75	mtdna	0
100	0	0	76	0	0	1	0	0.300181
100	0	0	76	0	0	0	0.300181	0.303468
100	0	0	76	0	0	1	0.303468	0.427
##	100	0	0	76	0	0	0.2
100	0	0	76	0	1	0	0	0.0216349
100	0	0	76	0	1	1	0.0216349	0.210179
100	0	0	76	0	1	0	0.210179	0.212034
100	0	0	76	0	1	1	0.212034	0.371956
100	0	0	76	0	1	0	0.371956	0.376835
100	0	0	76	0	1	1	0.376835	0.427
##	100	0	0	76	0	1	0.2
##	100	0	0	76	mtdna	1
100	0	0	77	0	0	1	0	0.387421
100	0	0	77	0	0	0	0.387421	0.391374
100	0	0	77	0	0	1	0.391374	0.427
##	100	0	0	77	0	0	0.2
100	0	0	77	0	1	1	0	0.0944689
100	0	0	77	0	1	0	0.0944689	0.0950299
100	0	0	77	0	1	1	0.0950299	0.427
##	100	0	0	77	0	1	0.2
##	100	0	0	77	mtdna	1
100	0	0	78	0	0	1	0	0.0596186
100	0	0	78	0	0	0	0.0596186	0.0666632
100	0	0	78	0	0	1	0.0666632	0.378299
100	0	0	78	0	0	0	0.378299	0.413282
100	0	0	78	0	0	1	0.413282	0.414115
100	0	0	78	0	0	0	0.414115	0.427
##	100	0	0	78	0	0	0.2
100	0	0	78	0	1	1	0	0.309282
100	0	0	78	0	1	0	0.309282	0.318689
100	0	0	78	0	1	1	0.318689	0.427
##	100	0	0	78	0	1	0.2
##	100	0	0	78	mtdna	1
100	0	0	79	0	0	1	0	0.155075
100	0	0	79	0	0	0	0.155075	0.158011
100	0	0	79	0	0	1	0.158011	0.216206
100	0	0	79	0	0	0	0.216206	0.21773
100	0	0	79	0	0	1	0.21773	0.427
##	100	0	0	79	0	0	0.2
100	0	0	79	0	1	1	0	0.00356023
100	0	0	79	0	1	0	0.00356023	0.047607
100	0	0	79	0	1	1	0.047607	0.233751
100	0	0	79	0	1	0	0.233751	0.241074
100	0	0	79	0	1	1	0.241074	0.427
##	100	0	0	79	0	1	0.2
##	100	0	0	79	mtdna	1
100	0	0	80	0	0	1	0	0.0576257
100	0	0	80	0	0	0	0.0576257	0.0603641
100	0	0	80	0	0	1	0.0603641	0.427
##	100	0	0	80	0	0	0.2
100	0	0	80	0	1	1	0	0.000685588
100	0	0	80	0	1	0	0.000685588	0.00186674
100	0	0	80	0	1	1	0.00186674	0.0357193
100	0	0	80	0	1	0	0.0357193	0.0367622
100	0	0	80	0	1	1	0.0367622	0.0465633
100	0	0	80	0	1	0	0.0465633	0.049629
100	0	0	80	0	1	1	0.049629	0.427
##	100	0	0	80	0	1	0.2
##	100	0	0	80	mtdna	1
100	0	0	81	0	0	0	0	0.0189114
100	0	0	81	0	0	1	0.0189114	0.0494755
100	0	0	81	0	0	0	0.0494755	0.0735133
100	0	0	81	0	0	1	0.0735133	0.211837
100	0	0	81	0	0	0	0.211837	0.214295
100	0	0	81	0	0	1	0.214295	0.303956
100	0	0	81	0	0	0	0.303956	0.31055
100	0	0	81	0	0	1	0.31055	0.427
##	100	0	0	81	0	0	0.2
100	0	0	81	0	1	1	0	0.0166112
100	0	0	81	0	1	0	0.0166112	0.0242712
100	0	0	81	0	1	1	0.0242712	0.107536
100	0	0	81	0	1	0	0.107536	0.109979
100	0	0	81	0	1	1	0.109979	0.159126
100	0	0	81	0	1	0	0.159126	0.159726
100	0	0	81	0	1	1	0.159726	0.427
##	100	0	0	81	0	1	0.2
##	100	0	0	81	mtdna	1
100	0	0	82	0	0	1	0	0.0113739
100	0	0	82	0	0	0	0.0113739	0.0791659
100	0	0	82	0	0	1	0.0791659	0.427
##	100	0	0	82	0	0	0.2
100	0	0	82	0	1	1	0	0.154601
100	0	0	82	0	1	0	0.154601	0.174725
100	0	0	82	0	1	1	0.174725	0.365392
100	0	0	82	0	1	0	0.365392	0.366285
100	0	0	82	0	1	1	0.366285	0.427
##	100	0	0	82	0	1	0.2
##	100	0	0	82	mtdna	1
100	0	0	83	0	0	1	0	0.0314621
100	0	0	83	0	0	0	0.0314621	0.0406558
100	0	0	83	0	0	1	0.0406558	0.175908
100	0	0	83	0	0	0	0.175908	0.182161
100	0	0	83	0	0	1	0.182161	0.186933
100	0	0	83	0	0	0	0.186933	0.190917
100	0	0	83	0	0	1	0.190917	0.35713
100	0	0	83	0	0	0	0.35713	0.358496
100	0	0	83	0	0	1	0.358496	0.427
##	100	0	0	83	0	0	0.2
100	0	0	83	0	1	1	0	0.00707604
100	0	0	83	0	1	0	0.00707604	0.0282207
100	0	0	83	0	1	1	0.0282207	0.0917071
100	0	0	83	0	1	0	0.0917071	0.0926086
100	0	0	83	0	1	1	0.0926086	0.112758
100	0	0	83	0	1	0	0.112758	0.142733
100	0	0	83	0	1	1	0.142733	0.205059
100	0	0	83	0	1	0	0.205059	0.221299
100	0	0	83	0	1	1	0.221299	0.2785
100	0	0	83	0	1	0	0.2785	0.285655
100	0	0	83	0	1	1	0.285655	0.427
##	100	0	0	83	0	1	0.2
##	100	0	0	83	mtdna	1
100	0	0	84	0	0	1	0	0.0612881
100	0	0	84	0	0	0	0.0612881	0.0720958
100	0	0	84	0	0	1	0.0720958	0.354281
100	0	0	84	0	0	0	0.354281	0.359159
100	0	0	84	0	0	1	0.359159	0.427
##	100	0	0	84	0	0	0.2
100	0	0	84	0	1	1	0	0.427
##	100	0	0	84	0	1	0.2
##	100	0	0	84	mtdna	1
100	0	0	85	0	0	1	0	0.0201437
100	0	0	85	0	0	0	0.0201437	0.0282207
100	0	0	85	0	0	1	0.0282207	0.26007
100	0	0	85	0	0	0	0.26007	0.270021
100	0	0	85	0	0	1	0.270021	0.405166
100	0	0	85	0	0	0	0.405166	0.414993
100	0	0	85	0	0	1	0.414993	0.427
##	100	0	0	85	0	0	0.2
100	0	0	85	0	1	1	0	0.0590471
100	0	0	85	0	1	0	0.0590471	0.0642421
100	0	0	85	0	1	1	0.0642421	0.171359
100	0	0	85	0	1	0	0.171359	0.201314
100	0	0	85	0	1	1	0.201314	0.427
##	100	0	0	85	0	1
##	100	0	0	85	mtdna	1
100	0	0	86	0	0	1	0	0.0205146
100	0	0	86	0	0	0	0.0205146	0.0209918
100	0	0	86	0	0	1	0.0209918	0.117514
100	0	0	86	0	0	0	0.117514	0.142354
100	0	0	86	0	0	1	0.142354	0.195049
100	0	0	86	0	0	0	0.195049	0.200736
100	0	0	86	0	0	1	0.200736	0.389164
100	0	0	86	0	0	0	0.389164	0.399522
100	0	0	86	0	0	1	0.399522	0.427
##	100	0	0	86	0	0
100	0	0	86	0	1	1	0	0.257379
100	0	0	86	0	1	0	0.257379	0.268071
100	0	0	86	0	1	1	0.268071	0.380182
100	0	0	86	0	1	0	0.380182	0.380359
100	0	0	86	0	1	1	0.380359	0.427
##	100	0	0	86	0	1	0.2
##	100	0	0	86	mtdna	1
100	0	0	87	0	0	1	0	0.0701375
100	0	0	87	0	0	0	0.0701375	0.072369
100	0	0	87	0	0	1	0.072369	0.111256
100	0	0	87	0	0	0	0.111256	0.114489
100	0	0	87	0	0	1	0.114489	0.134287
100	0	0	87	0	0	0	0.134287	0.149571
100	0	0	87	0	0	1	0.149571	0.427
##	100	0	0	87	0	0	0.2
100	0	0	87	0	1	1	0	0.0573871
100	0	0	87	0	1	0	0.0573871	0.0680303
100	0	0	87	0	1	1	0.0680303	0.0964265
100	0	0	87	0	1	0	0.0964265	0.0964297
100	0	0	87	0	1	1	0.0964297	0.149992
100	0	0	87	0	1	0	0.149992	0.175544
100	0	0	87	0	1	1	0.175544	0.18997
100	0	0	87	0	1	0	0.18997	0.191747
100	0	0	87	0	1	1	0.191747	0.29489
100	0	0	87	0	1	0	0.29489	0.320263
100	0	0	87	0	1	1	0.320263	0.427
##	100	0	0	87	0	1	0.2
##	100	0	0	87	mtdna	1
100	0	0	88	0	0	1	0	0.165263
100	0	0	88	0	0	0	0.165263	0.180333
100	0	0	88	0	0	1	0.180333	0.267435
100	0	0	88	0	0	0	0.267435	0.268337
100	0	0	88	0	0	1	0.268337	0.427
##	100	0	0	88	0	0	0.2
100	0	0	88	0	1	1	0	0.0187302
100	0	0	88	0	1	0	0.0187302	0.035907
100	0	0	88	0	1	1	0.035907	0.148671
100	0	0	88	0	1	0	0.148671	0.154865
100	0	0	88	0	1	1	0.154865	0.323102
100	0	0	88	0	1	0	0.323102	0.324951
100	0	0	88	0	1	1	0.324951	0.427
##	100	0	0	88	0	1	0.2
##	100	0	0	88	mtdna	1
100	0	0	89	0	0	1	0	0.427
##	100	0	0	89	0	0	0.2
100	0	0	89	0	1	1	0	0.198525
100	0	0	89	0	1	0	0.198525	0.199553
100	0	0	89	0	1	1	0.199553	0.396431
100	0	0	89	0	1	0	0.396431	0.40096
100	0	0	89	0	1	1	0.40096	0.427
##	100	0	0	89	0	1	0.2
##	100	0	0	89	mtdna	1
100	0	0	90	0	0	1	0	0.0235032
100	0	0	90	0	0	0	0.0235032	0.029521
100	0	0	90	0	0	1	0.029521	0.0867911
100	0	0	90	0	0	0	0.0867911	0.109471
100	0	0	90	0	0	1	0.109471	0.155075
100	0	0	90	0	0	0	0.155075	0.162987
100	0	0	90	0	0	1	0.162987	0.299804
100	0	0	90	0	0	0	0.299804	0.304472
100	0	0	90	0	0	1	0.304472	0.427
##	100	0	0	90	0	0	0.2
100	0	0	90	0	1	1	0	0.0205967
100	0	0	90	0	1	0	0.0205967	0.0241925
100	0	0	90	0	1	1	0.0241925	0.219366
100	0	0	90	0	1	0	0.219366	0.221834
100	0	0	90	0	1	1	0.221834	0.282608
100	0	0	90	0	1	0	0.282608	0.301752
100	0	0	90	0	1	1	0.301752	0.427
##	100	0	0	90	0	1	0.2
##	100	0	0	90	mtdna	1
100	0	0	91	0	0	1	0	0.038694
100	0	0	91	0	0	0	0.038694	0.0499453
100	0	0	91	0	0	1	0.0499453	0.0636341
100	0	0	91	0	0	0	0.0636341	0.0911239
100	0	0	91	0	0	1	0.0911239	0.17138
100	0	0	91	0	0	0	0.17138	0.180931
100	0	0	91	0	0	1	0.180931	0.211921
100	0	0	91	0	0	0	0.211921	0.214295
100	0	0	91	0	0	1	0.214295	0.246368
100	0	0	91	0	0	0	0.246368	0.256282
100	0	0	91	0	0	1	0.256282	0.378299
100	0	0	91	0	0	0	0.378299	0.402087
100	0	0	91	0	0	1	0.402087	0.427
##	100	0	0	91	0	0	0.2
100	0	0	91	0	1	0	0	0.00958179
100	0	0	91	0	1	1	0.00958179	0.025196
100	0	0	91	0	1	0	0.025196	0.0293954
100	0	0	91	0	1	1	0.0293954	0.427
##	100	0	0	91	0	1	0.2
##	100	0	0	91	mtdna	1
100	0	0	92	0	0	1	0	0.34971
100	0	0	92	0	0	0	0.34971	0.352497
100	0	0	92	0	0	1	0.352497	0.414348
100	0	0	92	0	0	0	0.414348	0.422808
100	0	0	92	0	0	1	0.422808	0.427
##	100	0	0	92	0	0	0.2
100	0	0	92	0	1	1	0	0.016254
100	0	0	92	0	1	0	0.016254	0.0206014
100	0	0	92	0	1	1	0.0206014	0.0597295
100	0	0	92	0	1	0	0.0597295	0.0712427
100	0	0	92	0	1	1	0.0712427	0.126519
100	0	0	92	0	1	0	0.126519	0.140659
100	0	0	92	0	1	1	0.140659	0.297266
100	0	0	92	0	1	0	0.297266	0.299068
100	0	0	92	0	1	1	0.299068	0.370989
100	0	0	92	0	1	0	0.370989	0.37181
100	0	0	92	0	1	1	0.37181	0.427
##	100	0	0	92	0	1	0.2
##	100	0	0	92	mtdna	1
100	0	0	93	0	0	1	0	0.397372
100	0	0	93	0	0	0	0.397372	0.41007
100	0	0	93	0	0	1	0.41007	0.427
##	100	0	0	93	0	0	0.2
100	0	0	93	0	1	1	0	0.0555912
100	0	0	93	0	1	0	0.0555912	0.0633673
100	0	0	93	0	1	1	0.0633673	0.427
##	100	0	0	93	0	1	0.2
##	100	0	0	93	mtdna	1
100	0	0	94	0	0	1	0	0.0314621
100	0	0	94	0	0	0	0.0314621	0.0406558
100	0	0	94	0	0	1	0.0406558	0.147189
100	0	0	94	0	0	0	0.147189	0.147606
100	0	0	94	0	0	1	0.147606	0.427
##	100	0	0	94	0	0	0.2
100	0	0	94	0	1	1	0	0.151838
100	0	0	94	0	1	0	0.151838	0.154421
100	0	0	94	0	1	1	0.154421	0.164207
100	0	0	94	0	1	0	0.164207	0.168086
100	0	0	94	0	1	1	0.168086	0.427
##	100	0	0	94	0	1	0.2
##	100	0	0	94	mtdna	1
100	0	0	95	0	0	1	0	0.341383
100	0	0	95	0	0	0	0.341383	0.359285
100	0	0	95	0	0	1	0.359285	0.427
##	100	0	0	95	0	0	0.2
100	0	0	95	0	1	1	0	0.103025
100	0	0	95	0	1	0	0.103025	0.112227
100	0	0	95	0	1	1	0.112227	0.235995
100	0	0	95	0	1	0	0.235995	0.236053
100	0	0	95	0	1	1	0.236053	0.269338
100	0	0	95	0	1	0	0.269338	0.272394
100	0	0	95	0	1	1	0.272394	0.427
##	100	0	0	95	0	1	0.2
##	100	0	0	95	mtdna	1
100	0	0	96	0	0	1	0	0.0778424
100	0	0	96	0	0	0	0.0778424	0.0870658
100	0	0	96	0	0	1	0.0870658	0.263469
100	0	0	96	0	0	0	0.263469	0.269251
100	0	0	96	0	0	1	0.269251	0.395169
100	0	0	96	0	0	0	0.395169	0.404865
100	0	0	96	0	0	1	0.404865	0.427
##	100	0	0	96	0	0	0.2
100	0	0	96	0	1	1	0	0.138232
100	0	0	96	0	1	0	0.138232	0.144289
100	0	0	96	0	1	1	0.144289	0.208778
100	0	0	96	0	1	0	0.208778	0.212355
100	0	0	96	0	1	1	0.212355	0.232322
100	0	0	96	0	1	0	0.232322	0.257763
100	0	0	96	0	1	1	0.257763	0.278399
100	0	0	96	0	1	0	0.278399	0.280875
100	0	0	96	0	1	1	0.280875	0.361285
100	0	0	96	0	1	0	0.361285	0.363766
100	0	0	96	0	1	1	0.363766	0.427
##	100	0	0	96	0	1	0.2
##	100	0	0	96	mtdna	1
100	0	0	97	0	0	1	0	0.210179
100	0	0	97	0	0	0	0.210179	0.212034
100	0	0	97	0	0	1	0.212034	0.243309
100	0	0	97	0	0	0	0.243309	0.266411
100	0	0	97	0	0	1	0.266411	0.342437
100	0	0	97	0	0	0	0.342437	0.345727
100	0	0	97	0	0	1	0.345727	0.427
##	100	0	0	97	0	0	0.2
100	0	0	97	0	1	1	0	0.199386
100	0	0	97	0	1	0	0.199386	0.200927
100	0	0	97	0	1	1	0.200927	0.342048
100	0	0	97	0	1	0	0.342048	0.35204
100	0	0	97	0	1	1	0.35204	0.422594
100	0	0	97	0	1	0	0.422594	0.427
##	100	0	0	97	0	1
##	100	0	0	97	mtdna	1
100	0	0	98	0	0	1	0	0.233674
100	0	0	98	0	0	0	0.233674	0.256538
100	0	0	98	0	0	1	0.256538	0.350036
100	0	0	98	0	0	0	0.350036	0.352268
100	0	0	98	0	0	1	0.352268	0.427
##	100	0	0	98	0	0	0.2
100	0	0	98	0	1	1	0	0.205634
100	0	0	98	0	1	0	0.205634	0.206106
100	0	0	98	0	1	1	0.206106	0.218526
100	0	0	98	0	1	0	0.218526	0.221924
100	0	0	98	0	1	1	0.221924	0.254382
100	0	0	98	0	1	0	0.254382	0.259735
100	0	0	98	0	1	1	0.259735	0.301546
100	0	0	98	0	1	0	0.301546	0.316694
100	0	0	98	0	1	1	0.316694	0.427
##	100	0	0	98	0	1	0.2
##	100	0	0	98	mtdna	1
100	0	0	99	0	0	0	0	0.00406693
100	0	0	99	0	0	1	0.00406693	0.205059
100	0	0	99	0	0	0	0.205059	0.221299
100	0	0	99	0	0	1	0.221299	0.4029
100	0	0	99	0	0	0	0.4029	0.424325
100	0	0	99	0	0	1	0.424325	0.427
##	100	0	0	99	0	0	0.2
100	0	0	99	0	1	1	0	0.118777
100	0	0	99	0	1	0	0.118777	0.126791
100	0	0	99	0	1	1	0.126791	0.427
##	100	0	0	99	0	1	0.2
##	100	0	0	99	mtdna	1
100	0	0	100	0	0	1	0	0.134005
100	0	0	100	0	0	0	0.134005	0.137408
100	0	0	100	0	0	1	0.137408	0.427
##	100	0	0	100	0	0	0.2
100	0	0	100	0	1	1	0	0.00423274
100	0	0	100	0	1	0	0.00423274	0.00772502
100	0	0	100	0	1	1	0.00772502	0.290989
100	0	0	100	0	1	0	0.290989	0.301016
100	0	0	100	0	1	1	0.301016	0.427
##	100	0	0	100	0	1	0.2
##	100	0	0	100	mtdna	1
