100	0	0	1	0	0	1	0	0.0322123
100	0	0	1	0	0	0	0.0322123	0.0326768
100	0	0	1	0	0	1	0.0326768	0.1607
100	0	0	1	0	0	0	0.1607	0.177367
100	0	0	1	0	0	1	0.177367	0.220635
100	0	0	1	0	0	0	0.220635	0.226376
100	0	0	1	0	0	1	0.226376	0.279547
100	0	0	1	0	0	0	0.279547	0.28239
100	0	0	1	0	0	1	0.28239	0.344915
100	0	0	1	0	0	0	0.344915	0.349506
100	0	0	1	0	0	1	0.349506	0.350114
100	0	0	1	0	0	0	0.350114	0.394174
100	0	0	1	0	0	1	0.394174	0.427
##	100	0	0	1	0	0	0.2
100	0	0	1	0	1	1	0	0.0906354
100	0	0	1	0	1	0	0.0906354	0.0931695
100	0	0	1	0	1	1	0.0931695	0.143551
100	0	0	1	0	1	0	0.143551	0.153856
100	0	0	1	0	1	1	0.153856	0.209377
100	0	0	1	0	1	0	0.209377	0.271283
100	0	0	1	0	1	1	0.271283	0.386089
100	0	0	1	0	1	0	0.386089	0.427
##	100	0	0	1	0	1	0.2
##	100	0	0	1	mtdna	0
100	0	0	2	0	0	1	0	0.0249109
100	0	0	2	0	0	0	0.0249109	0.0349657
100	0	0	2	0	0	1	0.0349657	0.307959
100	0	0	2	0	0	0	0.307959	0.311578
100	0	0	2	0	0	1	0.311578	0.427
##	100	0	0	2	0	0	0.2
100	0	0	2	0	1	1	0	0.102123
100	0	0	2	0	1	0	0.102123	0.114827
100	0	0	2	0	1	1	0.114827	0.227807
100	0	0	2	0	1	0	0.227807	0.236492
100	0	0	2	0	1	1	0.236492	0.279786
100	0	0	2	0	1	0	0.279786	0.282673
100	0	0	2	0	1	1	0.282673	0.427
##	100	0	0	2	0	1	0.2
##	100	0	0	2	mtdna	1
100	0	0	3	0	0	1	0	0.0558371
100	0	0	3	0	0	0	0.0558371	0.0660414
100	0	0	3	0	0	1	0.0660414	0.145854
100	0	0	3	0	0	0	0.145854	0.151658
100	0	0	3	0	0	1	0.151658	0.203475
100	0	0	3	0	0	0	0.203475	0.204269
100	0	0	3	0	0	1	0.204269	0.262461
100	0	0	3	0	0	0	0.262461	0.262853
100	0	0	3	0	0	1	0.262853	0.305375
100	0	0	3	0	0	0	0.305375	0.305502
100	0	0	3	0	0	1	0.305502	0.427
##	100	0	0	3	0	0	0.2
100	0	0	3	0	1	1	0	0.0654242
100	0	0	3	0	1	0	0.0654242	0.0863482
100	0	0	3	0	1	1	0.0863482	0.163289
100	0	0	3	0	1	0	0.163289	0.201233
100	0	0	3	0	1	1	0.201233	0.353733
100	0	0	3	0	1	0	0.353733	0.38274
100	0	0	3	0	1	1	0.38274	0.427
##	100	0	0	3	0	1
##	100	0	0	3	mtdna	1
100	0	0	4	0	0	0	0	0.0249842
100	0	0	4	0	0	1	0.0249842	0.163633
100	0	0	4	0	0	0	0.163633	0.169365
100	0	0	4	0	0	1	0.169365	0.245849
100	0	0	4	0	0	0	0.245849	0.246057
100	0	0	4	0	0	1	0.246057	0.427
##	100	0	0	4	0	0	0.2
100	0	0	4	0	1	1	0	0.378285
100	0	0	4	0	1	0	0.378285	0.379807
100	0	0	4	0	1	1	0.379807	0.427
##	100	0	0	4	0	1	0.2
##	100	0	0	4	mtdna	1
100	0	0	5	0	0	1	0	0.0270551
100	0	0	5	0	0	0	0.0270551	0.027638
100	0	0	5	0	0	1	0.027638	0.0392323
100	0	0	5	0	0	0	0.0392323	0.062043
100	0	0	5	0	0	1	0.062043	0.069834
100	0	0	5	0	0	0	0.069834	0.0875125
100	0	0	5	0	0	1	0.0875125	0.174071
100	0	0	5	0	0	0	0.174071	0.184917
100	0	0	5	0	0	1	0.184917	0.427
##	100	0	0	5	0	0	0.2
100	0	0	5	0	1	1	0	0.0156024
100	0	0	5	0	1	0	0.0156024	0.0304262
100	0	0	5	0	1	1	0.0304262	0.0637439
100	0	0	5	0	1	0	0.0637439	0.0728478
100	0	0	5	0	1	1	0.0728478	0.167673
100	0	0	5	0	1	0	0.167673	0.168015
100	0	0	5	0	1	1	0.168015	0.295476
100	0	0	5	0	1	0	0.295476	0.295921
100	0	0	5	0	1	1	0.295921	0.427
##	100	0	0	5	0	1	0.2
##	100	0	0	5	mtdna	1
100	0	0	6	0	0	1	0	0.107322
100	0	0	6	0	0	0	0.107322	0.114621
100	0	0	6	0	0	1	0.114621	0.180578
100	0	0	6	0	0	0	0.180578	0.180782
100	0	0	6	0	0	1	0.180782	0.386082
100	0	0	6	0	0	0	0.386082	0.389517
100	0	0	6	0	0	1	0.389517	0.427
##	100	0	0	6	0	0	0.2
100	0	0	6	0	1	1	0	0.0255467
100	0	0	6	0	1	0	0.0255467	0.028188
100	0	0	6	0	1	1	0.028188	0.166826
100	0	0	6	0	1	0	0.166826	0.172821
100	0	0	6	0	1	1	0.172821	0.39765
100	0	0	6	0	1	0	0.39765	0.399585
100	0	0	6	0	1	1	0.399585	0.427
##	100	0	0	6	0	1	0.2
##	100	0	0	6	mtdna	1
100	0	0	7	0	0	1	0	0.111651
100	0	0	7	0	0	0	0.111651	0.123221
100	0	0	7	0	0	1	0.123221	0.128697
100	0	0	7	0	0	0	0.128697	0.147241
100	0	0	7	0	0	1	0.147241	0.427
##	100	0	0	7	0	0	0.2
100	0	0	7	0	1	1	0	0.151507
100	0	0	7	0	1	0	0.151507	0.154405
100	0	0	7	0	1	1	0.154405	0.427
##	100	0	0	7	0	1	0.2
##	100	0	0	7	mtdna	1
100	0	0	8	0	0	1	0	0.0830472
100	0	0	8	0	0	0	0.0830472	0.0875336
100	0	0	8	0	0	1	0.0875336	0.0902417
100	0	0	8	0	0	0	0.0902417	0.0930814
100	0	0	8	0	0	1	0.0930814	0.28377
100	0	0	8	0	0	0	0.28377	0.290497
100	0	0	8	0	0	1	0.290497	0.309528
100	0	0	8	0	0	0	0.309528	0.328804
100	0	0	8	0	0	1	0.328804	0.345681
100	0	0	8	0	0	0	0.345681	0.362441
100	0	0	8	0	0	1	0.362441	0.427
##	100	0	0	8	0	0	0.2
100	0	0	8	0	1	1	0	0.0709411
100	0	0	8	0	1	0	0.0709411	0.0805315
100	0	0	8	0	1	1	0.0805315	0.226947
100	0	0	8	0	1	0	0.226947	0.247894
100	0	0	8	0	1	1	0.247894	0.343178
100	0	0	8	0	1	0	0.343178	0.357298
100	0	0	8	0	1	1	0.357298	0.427
##	100	0	0	8	0	1	0.2
##	100	0	0	8	mtdna	0
100	0	0	9	0	0	1	0	0.0163381
100	0	0	9	0	0	0	0.0163381	0.0332416
100	0	0	9	0	0	1	0.0332416	0.0425653
100	0	0	9	0	0	0	0.0425653	0.0518757
100	0	0	9	0	0	1	0.0518757	0.113529
100	0	0	9	0	0	0	0.113529	0.156716
100	0	0	9	0	0	1	0.156716	0.229312
100	0	0	9	0	0	0	0.229312	0.240866
100	0	0	9	0	0	1	0.240866	0.297166
100	0	0	9	0	0	0	0.297166	0.305149
100	0	0	9	0	0	1	0.305149	0.312114
100	0	0	9	0	0	0	0.312114	0.321672
100	0	0	9	0	0	1	0.321672	0.416435
100	0	0	9	0	0	0	0.416435	0.427
##	100	0	0	9	0	0	0.2
100	0	0	9	0	1	0	0	0.00134243
100	0	0	9	0	1	1	0.00134243	0.0768474
100	0	0	9	0	1	0	0.0768474	0.108999
100	0	0	9	0	1	1	0.108999	0.176312
100	0	0	9	0	1	0	0.176312	0.179528
100	0	0	9	0	1	1	0.179528	0.249898
100	0	0	9	0	1	0	0.249898	0.254002
100	0	0	9	0	1	1	0.254002	0.307908
100	0	0	9	0	1	0	0.307908	0.334829
100	0	0	9	0	1	1	0.334829	0.355114
100	0	0	9	0	1	0	0.355114	0.371375
100	0	0	9	0	1	1	0.371375	0.427
##	100	0	0	9	0	1	0.2
##	100	0	0	9	mtdna	1
100	0	0	10	0	0	1	0	0.132841
100	0	0	10	0	0	0	0.132841	0.136265
100	0	0	10	0	0	1	0.136265	0.228165
100	0	0	10	0	0	0	0.228165	0.240373
100	0	0	10	0	0	1	0.240373	0.249977
100	0	0	10	0	0	0	0.249977	0.253321
100	0	0	10	0	0	1	0.253321	0.261862
100	0	0	10	0	0	0	0.261862	0.262915
100	0	0	10	0	0	1	0.262915	0.279967
100	0	0	10	0	0	0	0.279967	0.301771
100	0	0	10	0	0	1	0.301771	0.3773
100	0	0	10	0	0	0	0.3773	0.38827
100	0	0	10	0	0	1	0.38827	0.427
##	100	0	0	10	0	0	0.2
100	0	0	10	0	1	1	0	0.0221153
100	0	0	10	0	1	0	0.0221153	0.0231115
100	0	0	10	0	1	1	0.0231115	0.128131
100	0	0	10	0	1	0	0.128131	0.130504
100	0	0	10	0	1	1	0.130504	0.229312
100	0	0	10	0	1	0	0.229312	0.240894
100	0	0	10	0	1	1	0.240894	0.329654
100	0	0	10	0	1	0	0.329654	0.337939
100	0	0	10	0	1	1	0.337939	0.416774
100	0	0	10	0	1	0	0.416774	0.421828
100	0	0	10	0	1	1	0.421828	0.427
##	100	0	0	10	0	1	0.2
##	100	0	0	10	mtdna	1
100	0	0	11	0	0	1	0	0.0353327
100	0	0	11	0	0	0	0.0353327	0.0386644
100	0	0	11	0	0	1	0.0386644	0.0413016
100	0	0	11	0	0	0	0.0413016	0.0666954
100	0	0	11	0	0	1	0.0666954	0.220781
100	0	0	11	0	0	0	0.220781	0.250075
100	0	0	11	0	0	1	0.250075	0.293083
100	0	0	11	0	0	0	0.293083	0.320454
100	0	0	11	0	0	1	0.320454	0.427
##	100	0	0	11	0	0	0.2
100	0	0	11	0	1	0	0	0.0279868
100	0	0	11	0	1	1	0.0279868	0.0794322
100	0	0	11	0	1	0	0.0794322	0.082438
100	0	0	11	0	1	1	0.082438	0.107259
100	0	0	11	0	1	0	0.107259	0.123513
100	0	0	11	0	1	1	0.123513	0.186212
100	0	0	11	0	1	0	0.186212	0.196651
100	0	0	11	0	1	1	0.196651	0.19915
100	0	0	11	0	1	0	0.19915	0.202823
100	0	0	11	0	1	1	0.202823	0.208624
100	0	0	11	0	1	0	0.208624	0.220624
100	0	0	11	0	1	1	0.220624	0.293476
100	0	0	11	0	1	0	0.293476	0.294318
100	0	0	11	0	1	1	0.294318	0.424268
100	0	0	11	0	1	0	0.424268	0.427
##	100	0	0	11	0	1
##	100	0	0	11	mtdna	1
100	0	0	12	0	0	1	0	0.0777656
100	0	0	12	0	0	0	0.0777656	0.0782471
100	0	0	12	0	0	1	0.0782471	0.0840046
100	0	0	12	0	0	0	0.0840046	0.0962755
100	0	0	12	0	0	1	0.0962755	0.231052
100	0	0	12	0	0	0	0.231052	0.257638
100	0	0	12	0	0	1	0.257638	0.333755
100	0	0	12	0	0	0	0.333755	0.335212
100	0	0	12	0	0	1	0.335212	0.361572
100	0	0	12	0	0	0	0.361572	0.378041
100	0	0	12	0	0	1	0.378041	0.405997
100	0	0	12	0	0	0	0.405997	0.409171
100	0	0	12	0	0	1	0.409171	0.427
##	100	0	0	12	0	0	0.2
100	0	0	12	0	1	1	0	0.00278503
100	0	0	12	0	1	0	0.00278503	0.0191129
100	0	0	12	0	1	1	0.0191129	0.102659
100	0	0	12	0	1	0	0.102659	0.11897
100	0	0	12	0	1	1	0.11897	0.123329
100	0	0	12	0	1	0	0.123329	0.125258
100	0	0	12	0	1	1	0.125258	0.176262
100	0	0	12	0	1	0	0.176262	0.176545
100	0	0	12	0	1	1	0.176545	0.368722
100	0	0	12	0	1	0	0.368722	0.385605
100	0	0	12	0	1	1	0.385605	0.424895
100	0	0	12	0	1	0	0.424895	0.426221
100	0	0	12	0	1	1	0.426221	0.427
##	100	0	0	12	0	1	0.2
##	100	0	0	12	mtdna	1
100	0	0	13	0	0	0	0	0.00459415
100	0	0	13	0	0	1	0.00459415	0.0706636
100	0	0	13	0	0	0	0.0706636	0.0780992
100	0	0	13	0	0	1	0.0780992	0.0962671
100	0	0	13	0	0	0	0.0962671	0.105909
100	0	0	13	0	0	1	0.105909	0.173376
100	0	0	13	0	0	0	0.173376	0.19747
100	0	0	13	0	0	1	0.19747	0.427
##	100	0	0	13	0	0	0.2
100	0	0	13	0	1	1	0	0.00604933
100	0	0	13	0	1	0	0.00604933	0.0493869
100	0	0	13	0	1	1	0.0493869	0.0606076
100	0	0	13	0	1	0	0.0606076	0.0714473
100	0	0	13	0	1	1	0.0714473	0.107502
100	0	0	13	0	1	0	0.107502	0.113237
100	0	0	13	0	1	1	0.113237	0.138948
100	0	0	13	0	1	0	0.138948	0.181273
100	0	0	13	0	1	1	0.181273	0.216728
100	0	0	13	0	1	0	0.216728	0.224042
100	0	0	13	0	1	1	0.224042	0.262484
100	0	0	13	0	1	0	0.262484	0.275263
100	0	0	13	0	1	1	0.275263	0.427
##	100	0	0	13	0	1	0.2
##	100	0	0	13	mtdna	1
100	0	0	14	0	0	1	0	0.064467
100	0	0	14	0	0	0	0.064467	0.0692691
100	0	0	14	0	0	1	0.0692691	0.199173
100	0	0	14	0	0	0	0.199173	0.20387
100	0	0	14	0	0	1	0.20387	0.315082
100	0	0	14	0	0	0	0.315082	0.341247
100	0	0	14	0	0	1	0.341247	0.407116
100	0	0	14	0	0	0	0.407116	0.413502
100	0	0	14	0	0	1	0.413502	0.427
##	100	0	0	14	0	0
100	0	0	14	0	1	1	0	0.111468
100	0	0	14	0	1	0	0.111468	0.113529
100	0	0	14	0	1	1	0.113529	0.160588
100	0	0	14	0	1	0	0.160588	0.168511
100	0	0	14	0	1	1	0.168511	0.183921
100	0	0	14	0	1	0	0.183921	0.213753
100	0	0	14	0	1	1	0.213753	0.242752
100	0	0	14	0	1	0	0.242752	0.244358
100	0	0	14	0	1	1	0.244358	0.297891
100	0	0	14	0	1	0	0.297891	0.310442
100	0	0	14	0	1	1	0.310442	0.427
##	100	0	0	14	0	1
##	100	0	0	14	mtdna	1
100	0	0	15	0	0	1	0	0.0870523
100	0	0	15	0	0	0	0.0870523	0.0969242
100	0	0	15	0	0	1	0.0969242	0.112298
100	0	0	15	0	0	0	0.112298	0.155602
100	0	0	15	0	0	1	0.155602	0.249628
100	0	0	15	0	0	0	0.249628	0.261471
100	0	0	15	0	0	1	0.261471	0.264502
100	0	0	15	0	0	0	0.264502	0.284099
100	0	0	15	0	0	1	0.284099	0.384459
100	0	0	15	0	0	0	0.384459	0.406854
100	0	0	15	0	0	1	0.406854	0.427
##	100	0	0	15	0	0	0.2
100	0	0	15	0	1	1	0	0.0749207
100	0	0	15	0	1	0	0.0749207	0.07535
100	0	0	15	0	1	1	0.07535	0.1059
100	0	0	15	0	1	0	0.1059	0.115632
100	0	0	15	0	1	1	0.115632	0.23814
100	0	0	15	0	1	0	0.23814	0.255964
100	0	0	15	0	1	1	0.255964	0.322753
100	0	0	15	0	1	0	0.322753	0.333081
100	0	0	15	0	1	1	0.333081	0.427
##	100	0	0	15	0	1	0.2
##	100	0	0	15	mtdna	1
100	0	0	16	0	0	1	0	0.388306
100	0	0	16	0	0	0	0.388306	0.395428
100	0	0	16	0	0	1	0.395428	0.427
##	100	0	0	16	0	0	0.2
100	0	0	16	0	1	1	0	0.0240119
100	0	0	16	0	1	0	0.0240119	0.031779
100	0	0	16	0	1	1	0.031779	0.0390288
100	0	0	16	0	1	0	0.0390288	0.0714473
100	0	0	16	0	1	1	0.0714473	0.158998
100	0	0	16	0	1	0	0.158998	0.164816
100	0	0	16	0	1	1	0.164816	0.240827
100	0	0	16	0	1	0	0.240827	0.257556
100	0	0	16	0	1	1	0.257556	0.262935
100	0	0	16	0	1	0	0.262935	0.288769
100	0	0	16	0	1	1	0.288769	0.427
##	100	0	0	16	0	1	0.2
##	100	0	0	16	mtdna	1
100	0	0	17	0	0	1	0	0.170297
100	0	0	17	0	0	0	0.170297	0.187626
100	0	0	17	0	0	1	0.187626	0.213912
100	0	0	17	0	0	0	0.213912	0.220434
100	0	0	17	0	0	1	0.220434	0.250795
100	0	0	17	0	0	0	0.250795	0.27166
100	0	0	17	0	0	1	0.27166	0.375038
100	0	0	17	0	0	0	0.375038	0.388889
100	0	0	17	0	0	1	0.388889	0.427
##	100	0	0	17	0	0	0.2
100	0	0	17	0	1	1	0	0.0448684
100	0	0	17	0	1	0	0.0448684	0.0533021
100	0	0	17	0	1	1	0.0533021	0.156647
100	0	0	17	0	1	0	0.156647	0.160001
100	0	0	17	0	1	1	0.160001	0.308978
100	0	0	17	0	1	0	0.308978	0.332795
100	0	0	17	0	1	1	0.332795	0.340442
100	0	0	17	0	1	0	0.340442	0.346625
100	0	0	17	0	1	1	0.346625	0.427
##	100	0	0	17	0	1	0.2
##	100	0	0	17	mtdna	1
100	0	0	18	0	0	0	0	0.00159037
100	0	0	18	0	0	1	0.00159037	0.228657
100	0	0	18	0	0	0	0.228657	0.244838
100	0	0	18	0	0	1	0.244838	0.316608
100	0	0	18	0	0	0	0.316608	0.330228
100	0	0	18	0	0	1	0.330228	0.40335
100	0	0	18	0	0	0	0.40335	0.403963
100	0	0	18	0	0	1	0.403963	0.427
##	100	0	0	18	0	0	0.2
100	0	0	18	0	1	1	0	0.0235883
100	0	0	18	0	1	0	0.0235883	0.0343286
100	0	0	18	0	1	1	0.0343286	0.190002
100	0	0	18	0	1	0	0.190002	0.204982
100	0	0	18	0	1	1	0.204982	0.271848
100	0	0	18	0	1	0	0.271848	0.286849
100	0	0	18	0	1	1	0.286849	0.297222
100	0	0	18	0	1	0	0.297222	0.301581
100	0	0	18	0	1	1	0.301581	0.35391
100	0	0	18	0	1	0	0.35391	0.354445
100	0	0	18	0	1	1	0.354445	0.427
##	100	0	0	18	0	1
##	100	0	0	18	mtdna	1
100	0	0	19	0	0	1	0	0.0521678
100	0	0	19	0	0	0	0.0521678	0.0543255
100	0	0	19	0	0	1	0.0543255	0.0989846
100	0	0	19	0	0	0	0.0989846	0.100787
100	0	0	19	0	0	1	0.100787	0.272296
100	0	0	19	0	0	0	0.272296	0.280997
100	0	0	19	0	0	1	0.280997	0.310766
100	0	0	19	0	0	0	0.310766	0.317035
100	0	0	19	0	0	1	0.317035	0.332282
100	0	0	19	0	0	0	0.332282	0.335594
100	0	0	19	0	0	1	0.335594	0.427
##	100	0	0	19	0	0	0.2
100	0	0	19	0	1	1	0	0.00358246
100	0	0	19	0	1	0	0.00358246	0.0187345
100	0	0	19	0	1	1	0.0187345	0.0375529
100	0	0	19	0	1	0	0.0375529	0.0394008
100	0	0	19	0	1	1	0.0394008	0.103754
100	0	0	19	0	1	0	0.103754	0.111805
100	0	0	19	0	1	1	0.111805	0.129798
100	0	0	19	0	1	0	0.129798	0.13644
100	0	0	19	0	1	1	0.13644	0.227607
100	0	0	19	0	1	0	0.227607	0.228025
100	0	0	19	0	1	1	0.228025	0.26097
100	0	0	19	0	1	0	0.26097	0.267087
100	0	0	19	0	1	1	0.267087	0.270689
100	0	0	19	0	1	0	0.270689	0.291199
100	0	0	19	0	1	1	0.291199	0.30184
100	0	0	19	0	1	0	0.30184	0.30429
100	0	0	19	0	1	1	0.30429	0.427
##	100	0	0	19	0	1	0.2
##	100	0	0	19	mtdna	1
100	0	0	20	0	0	1	0	0.125758
100	0	0	20	0	0	0	0.125758	0.158784
100	0	0	20	0	0	1	0.158784	0.171418
100	0	0	20	0	0	0	0.171418	0.175518
100	0	0	20	0	0	1	0.175518	0.276545
100	0	0	20	0	0	0	0.276545	0.281486
100	0	0	20	0	0	1	0.281486	0.308019
100	0	0	20	0	0	0	0.308019	0.309562
100	0	0	20	0	0	1	0.309562	0.423335
100	0	0	20	0	0	0	0.423335	0.427
##	100	0	0	20	0	0	0.2
100	0	0	20	0	1	1	0	0.0211347
100	0	0	20	0	1	0	0.0211347	0.0403034
100	0	0	20	0	1	1	0.0403034	0.0530926
100	0	0	20	0	1	0	0.0530926	0.0613313
100	0	0	20	0	1	1	0.0613313	0.143524
100	0	0	20	0	1	0	0.143524	0.150613
100	0	0	20	0	1	1	0.150613	0.248029
100	0	0	20	0	1	0	0.248029	0.267088
100	0	0	20	0	1	1	0.267088	0.397705
100	0	0	20	0	1	0	0.397705	0.400198
100	0	0	20	0	1	1	0.400198	0.427
##	100	0	0	20	0	1	0.2
##	100	0	0	20	mtdna	1
100	0	0	21	0	0	0	0	0.0111385
100	0	0	21	0	0	1	0.0111385	0.0978558
100	0	0	21	0	0	0	0.0978558	0.106102
100	0	0	21	0	0	1	0.106102	0.114283
100	0	0	21	0	0	0	0.114283	0.121264
100	0	0	21	0	0	1	0.121264	0.250571
100	0	0	21	0	0	0	0.250571	0.254702
100	0	0	21	0	0	1	0.254702	0.362608
100	0	0	21	0	0	0	0.362608	0.36329
100	0	0	21	0	0	1	0.36329	0.37033
100	0	0	21	0	0	0	0.37033	0.427
##	100	0	0	21	0	0	0.2
100	0	0	21	0	1	0	0	0.0298753
100	0	0	21	0	1	1	0.0298753	0.0355018
100	0	0	21	0	1	0	0.0355018	0.0394761
100	0	0	21	0	1	1	0.0394761	0.116108
100	0	0	21	0	1	0	0.116108	0.133099
100	0	0	21	0	1	1	0.133099	0.269063
100	0	0	21	0	1	0	0.269063	0.290367
100	0	0	21	0	1	1	0.290367	0.316157
100	0	0	21	0	1	0	0.316157	0.398298
100	0	0	21	0	1	1	0.398298	0.427
##	100	0	0	21	0	1	0.2
##	100	0	0	21	mtdna	1
100	0	0	22	0	0	1	0	0.183401
100	0	0	22	0	0	0	0.183401	0.186898
100	0	0	22	0	0	1	0.186898	0.244486
100	0	0	22	0	0	0	0.244486	0.258941
100	0	0	22	0	0	1	0.258941	0.405942
100	0	0	22	0	0	0	0.405942	0.416181
100	0	0	22	0	0	1	0.416181	0.427
##	100	0	0	22	0	0	0.2
100	0	0	22	0	1	1	0	0.0906992
100	0	0	22	0	1	0	0.0906992	0.0950529
100	0	0	22	0	1	1	0.0950529	0.129492
100	0	0	22	0	1	0	0.129492	0.141086
100	0	0	22	0	1	1	0.141086	0.18396
100	0	0	22	0	1	0	0.18396	0.188256
100	0	0	22	0	1	1	0.188256	0.253864
100	0	0	22	0	1	0	0.253864	0.281212
100	0	0	22	0	1	1	0.281212	0.399892
100	0	0	22	0	1	0	0.399892	0.416359
100	0	0	22	0	1	1	0.416359	0.427
##	100	0	0	22	0	1	0.2
##	100	0	0	22	mtdna	1
100	0	0	23	0	0	0	0	0.00425538
100	0	0	23	0	0	1	0.00425538	0.302639
100	0	0	23	0	0	0	0.302639	0.325269
100	0	0	23	0	0	1	0.325269	0.402316
100	0	0	23	0	0	0	0.402316	0.403595
100	0	0	23	0	0	1	0.403595	0.427
##	100	0	0	23	0	0	0.2
100	0	0	23	0	1	1	0	0.0799885
100	0	0	23	0	1	0	0.0799885	0.0886272
100	0	0	23	0	1	1	0.0886272	0.120624
100	0	0	23	0	1	0	0.120624	0.127677
100	0	0	23	0	1	1	0.127677	0.206468
100	0	0	23	0	1	0	0.206468	0.227356
100	0	0	23	0	1	1	0.227356	0.270832
100	0	0	23	0	1	0	0.270832	0.284771
100	0	0	23	0	1	1	0.284771	0.315959
100	0	0	23	0	1	0	0.315959	0.32272
100	0	0	23	0	1	1	0.32272	0.334864
100	0	0	23	0	1	0	0.334864	0.360559
100	0	0	23	0	1	1	0.360559	0.427
##	100	0	0	23	0	1	0.2
##	100	0	0	23	mtdna	1
100	0	0	24	0	0	1	0	0.0511807
100	0	0	24	0	0	0	0.0511807	0.0533021
100	0	0	24	0	0	1	0.0533021	0.186957
100	0	0	24	0	0	0	0.186957	0.19067
100	0	0	24	0	0	1	0.19067	0.229723
100	0	0	24	0	0	0	0.229723	0.245278
100	0	0	24	0	0	1	0.245278	0.251044
100	0	0	24	0	0	0	0.251044	0.272645
100	0	0	24	0	0	1	0.272645	0.314784
100	0	0	24	0	0	0	0.314784	0.33821
100	0	0	24	0	0	1	0.33821	0.408378
100	0	0	24	0	0	0	0.408378	0.411495
100	0	0	24	0	0	1	0.411495	0.427
##	100	0	0	24	0	0	0.2
100	0	0	24	0	1	0	0	0.00132147
100	0	0	24	0	1	1	0.00132147	0.108628
100	0	0	24	0	1	0	0.108628	0.114571
100	0	0	24	0	1	1	0.114571	0.121541
100	0	0	24	0	1	0	0.121541	0.132606
100	0	0	24	0	1	1	0.132606	0.184927
100	0	0	24	0	1	0	0.184927	0.187626
100	0	0	24	0	1	1	0.187626	0.376015
100	0	0	24	0	1	0	0.376015	0.380862
100	0	0	24	0	1	1	0.380862	0.427
##	100	0	0	24	0	1	0.2
##	100	0	0	24	mtdna	1
100	0	0	25	0	0	1	0	0.0545693
100	0	0	25	0	0	0	0.0545693	0.0580208
100	0	0	25	0	0	1	0.0580208	0.191603
100	0	0	25	0	0	0	0.191603	0.210045
100	0	0	25	0	0	1	0.210045	0.341056
100	0	0	25	0	0	0	0.341056	0.358582
100	0	0	25	0	0	1	0.358582	0.36266
100	0	0	25	0	0	0	0.36266	0.365988
100	0	0	25	0	0	1	0.365988	0.39536
100	0	0	25	0	0	0	0.39536	0.398281
100	0	0	25	0	0	1	0.398281	0.427
##	100	0	0	25	0	0
100	0	0	25	0	1	1	0	0.0812175
100	0	0	25	0	1	0	0.0812175	0.0904124
100	0	0	25	0	1	1	0.0904124	0.116366
100	0	0	25	0	1	0	0.116366	0.127495
100	0	0	25	0	1	1	0.127495	0.194027
100	0	0	25	0	1	0	0.194027	0.202764
100	0	0	25	0	1	1	0.202764	0.330361
100	0	0	25	0	1	0	0.330361	0.336007
100	0	0	25	0	1	1	0.336007	0.339255
100	0	0	25	0	1	0	0.339255	0.342779
100	0	0	25	0	1	1	0.342779	0.35618
100	0	0	25	0	1	0	0.35618	0.35857
100	0	0	25	0	1	1	0.35857	0.394257
100	0	0	25	0	1	0	0.394257	0.407054
100	0	0	25	0	1	1	0.407054	0.427
##	100	0	0	25	0	1
##	100	0	0	25	mtdna	1
100	0	0	26	0	0	0	0	0.0278484
100	0	0	26	0	0	1	0.0278484	0.180933
100	0	0	26	0	0	0	0.180933	0.218151
100	0	0	26	0	0	1	0.218151	0.2501
100	0	0	26	0	0	0	0.2501	0.263669
100	0	0	26	0	0	1	0.263669	0.427
##	100	0	0	26	0	0
100	0	0	26	0	1	1	0	0.0568353
100	0	0	26	0	1	0	0.0568353	0.0709755
100	0	0	26	0	1	1	0.0709755	0.268209
100	0	0	26	0	1	0	0.268209	0.302927
100	0	0	26	0	1	1	0.302927	0.39544
100	0	0	26	0	1	0	0.39544	0.401951
100	0	0	26	0	1	1	0.401951	0.427
##	100	0	0	26	0	1	0.2
##	100	0	0	26	mtdna	1
100	0	0	27	0	0	1	0	0.195665
100	0	0	27	0	0	0	0.195665	0.200224
100	0	0	27	0	0	1	0.200224	0.316942
100	0	0	27	0	0	0	0.316942	0.332685
100	0	0	27	0	0	1	0.332685	0.349227
100	0	0	27	0	0	0	0.349227	0.353859
100	0	0	27	0	0	1	0.353859	0.37242
100	0	0	27	0	0	0	0.37242	0.374828
100	0	0	27	0	0	1	0.374828	0.427
##	100	0	0	27	0	0
100	0	0	27	0	1	1	0	0.0906822
100	0	0	27	0	1	0	0.0906822	0.101487
100	0	0	27	0	1	1	0.101487	0.181483
100	0	0	27	0	1	0	0.181483	0.196075
100	0	0	27	0	1	1	0.196075	0.252171
100	0	0	27	0	1	0	0.252171	0.29989
100	0	0	27	0	1	1	0.29989	0.427
##	100	0	0	27	0	1	0.2
##	100	0	0	27	mtdna	1
100	0	0	28	0	0	1	0	0.31858
100	0	0	28	0	0	0	0.31858	0.334379
100	0	0	28	0	0	1	0.334379	0.427
##	100	0	0	28	0	0	0.2
100	0	0	28	0	1	1	0	0.0262412
100	0	0	28	0	1	0	0.0262412	0.0276498
100	0	0	28	0	1	1	0.0276498	0.153201
100	0	0	28	0	1	0	0.153201	0.153214
100	0	0	28	0	1	1	0.153214	0.245325
100	0	0	28	0	1	0	0.245325	0.264044
100	0	0	28	0	1	1	0.264044	0.283232
100	0	0	28	0	1	0	0.283232	0.29376
100	0	0	28	0	1	1	0.29376	0.427
##	100	0	0	28	0	1	0.2
##	100	0	0	28	mtdna	1
100	0	0	29	0	0	1	0	0.0490678
100	0	0	29	0	0	0	0.0490678	0.0651463
100	0	0	29	0	0	1	0.0651463	0.0799517
100	0	0	29	0	0	0	0.0799517	0.0869534
100	0	0	29	0	0	1	0.0869534	0.093785
100	0	0	29	0	0	0	0.093785	0.0979059
100	0	0	29	0	0	1	0.0979059	0.103196
100	0	0	29	0	0	0	0.103196	0.105358
100	0	0	29	0	0	1	0.105358	0.228784
100	0	0	29	0	0	0	0.228784	0.229483
100	0	0	29	0	0	1	0.229483	0.24539
100	0	0	29	0	0	0	0.24539	0.247938
100	0	0	29	0	0	1	0.247938	0.280642
100	0	0	29	0	0	0	0.280642	0.282145
100	0	0	29	0	0	1	0.282145	0.353012
100	0	0	29	0	0	0	0.353012	0.364669
100	0	0	29	0	0	1	0.364669	0.403546
100	0	0	29	0	0	0	0.403546	0.410915
100	0	0	29	0	0	1	0.410915	0.427
##	100	0	0	29	0	0	0.2
100	0	0	29	0	1	1	0	0.0167072
100	0	0	29	0	1	0	0.0167072	0.0588738
100	0	0	29	0	1	1	0.0588738	0.0930996
100	0	0	29	0	1	0	0.0930996	0.15334
100	0	0	29	0	1	1	0.15334	0.27914
100	0	0	29	0	1	0	0.27914	0.293181
100	0	0	29	0	1	1	0.293181	0.375038
100	0	0	29	0	1	0	0.375038	0.388889
100	0	0	29	0	1	1	0.388889	0.427
##	100	0	0	29	0	1	0.2
##	100	0	0	29	mtdna	1
100	0	0	30	0	0	1	0	0.0377127
100	0	0	30	0	0	0	0.0377127	0.0403062
100	0	0	30	0	0	1	0.0403062	0.0698819
100	0	0	30	0	0	0	0.0698819	0.0714646
100	0	0	30	0	0	1	0.0714646	0.175911
100	0	0	30	0	0	0	0.175911	0.194635
100	0	0	30	0	0	1	0.194635	0.206917
100	0	0	30	0	0	0	0.206917	0.211691
100	0	0	30	0	0	1	0.211691	0.21648
100	0	0	30	0	0	0	0.21648	0.253856
100	0	0	30	0	0	1	0.253856	0.416473
100	0	0	30	0	0	0	0.416473	0.418524
100	0	0	30	0	0	1	0.418524	0.427
##	100	0	0	30	0	0	0.2
100	0	0	30	0	1	1	0	0.0723943
100	0	0	30	0	1	0	0.0723943	0.0822429
100	0	0	30	0	1	1	0.0822429	0.427
##	100	0	0	30	0	1	0.2
##	100	0	0	30	mtdna	1
100	0	0	31	0	0	1	0	0.19219
100	0	0	31	0	0	0	0.19219	0.201001
100	0	0	31	0	0	1	0.201001	0.286611
100	0	0	31	0	0	0	0.286611	0.307656
100	0	0	31	0	0	1	0.307656	0.332027
100	0	0	31	0	0	0	0.332027	0.334299
100	0	0	31	0	0	1	0.334299	0.427
##	100	0	0	31	0	0
100	0	0	31	0	1	1	0	0.165938
100	0	0	31	0	1	0	0.165938	0.175332
100	0	0	31	0	1	1	0.175332	0.224997
100	0	0	31	0	1	0	0.224997	0.228566
100	0	0	31	0	1	1	0.228566	0.427
##	100	0	0	31	0	1	0.2
##	100	0	0	31	mtdna	1
100	0	0	32	0	0	1	0	0.15202
100	0	0	32	0	0	0	0.15202	0.169151
100	0	0	32	0	0	1	0.169151	0.170676
100	0	0	32	0	0	0	0.170676	0.18117
100	0	0	32	0	0	1	0.18117	0.197954
100	0	0	32	0	0	0	0.197954	0.203112
100	0	0	32	0	0	1	0.203112	0.218071
100	0	0	32	0	0	0	0.218071	0.233242
100	0	0	32	0	0	1	0.233242	0.348581
100	0	0	32	0	0	0	0.348581	0.36087
100	0	0	32	0	0	1	0.36087	0.364518
100	0	0	32	0	0	0	0.364518	0.364687
100	0	0	32	0	0	1	0.364687	0.427
##	100	0	0	32	0	0
100	0	0	32	0	1	0	0	0.00562824
100	0	0	32	0	1	1	0.00562824	0.0405231
100	0	0	32	0	1	0	0.0405231	0.0930611
100	0	0	32	0	1	1	0.0930611	0.119993
100	0	0	32	0	1	0	0.119993	0.121838
100	0	0	32	0	1	1	0.121838	0.286774
100	0	0	32	0	1	0	0.286774	0.310146
100	0	0	32	0	1	1	0.310146	0.427
##	100	0	0	32	0	1	0.2
##	100	0	0	32	mtdna	1
100	0	0	33	0	0	1	0	0.181917
100	0	0	33	0	0	0	0.181917	0.186809
100	0	0	33	0	0	1	0.186809	0.190222
100	0	0	33	0	0	0	0.190222	0.20277
100	0	0	33	0	0	1	0.20277	0.283704
100	0	0	33	0	0	0	0.283704	0.313045
100	0	0	33	0	0	1	0.313045	0.427
##	100	0	0	33	0	0
100	0	0	33	0	1	1	0	0.00278503
100	0	0	33	0	1	0	0.00278503	0.0191129
100	0	0	33	0	1	1	0.0191129	0.232692
100	0	0	33	0	1	0	0.232692	0.24912
100	0	0	33	0	1	1	0.24912	0.329213
100	0	0	33	0	1	0	0.329213	0.355909
100	0	0	33	0	1	1	0.355909	0.427
##	100	0	0	33	0	1	0.2
##	100	0	0	33	mtdna	1
100	0	0	34	0	0	1	0	0.109104
100	0	0	34	0	0	0	0.109104	0.122917
100	0	0	34	0	0	1	0.122917	0.355026
100	0	0	34	0	0	0	0.355026	0.366567
100	0	0	34	0	0	1	0.366567	0.372015
100	0	0	34	0	0	0	0.372015	0.395315
100	0	0	34	0	0	1	0.395315	0.42671
100	0	0	34	0	0	0	0.42671	0.427
##	100	0	0	34	0	0	0.2
100	0	0	34	0	1	1	0	0.231052
100	0	0	34	0	1	0	0.231052	0.241655
100	0	0	34	0	1	1	0.241655	0.3519
100	0	0	34	0	1	0	0.3519	0.353268
100	0	0	34	0	1	1	0.353268	0.427
##	100	0	0	34	0	1	0.2
##	100	0	0	34	mtdna	1
100	0	0	35	0	0	1	0	0.0500865
100	0	0	35	0	0	0	0.0500865	0.108999
100	0	0	35	0	0	1	0.108999	0.222664
100	0	0	35	0	0	0	0.222664	0.239066
100	0	0	35	0	0	1	0.239066	0.253998
100	0	0	35	0	0	0	0.253998	0.259753
100	0	0	35	0	0	1	0.259753	0.290434
100	0	0	35	0	0	0	0.290434	0.291439
100	0	0	35	0	0	1	0.291439	0.427
##	100	0	0	35	0	0	0.2
100	0	0	35	0	1	1	0	0.427
##	100	0	0	35	0	1	0.2
##	100	0	0	35	mtdna	1
100	0	0	36	0	0	1	0	0.0214166
100	0	0	36	0	0	0	0.0214166	0.0261638
100	0	0	36	0	0	1	0.0261638	0.114818
100	0	0	36	0	0	0	0.114818	0.14414
100	0	0	36	0	0	1	0.14414	0.19051
100	0	0	36	0	0	0	0.19051	0.194574
100	0	0	36	0	0	1	0.194574	0.252275
100	0	0	36	0	0	0	0.252275	0.257312
100	0	0	36	0	0	1	0.257312	0.332993
100	0	0	36	0	0	0	0.332993	0.343822
100	0	0	36	0	0	1	0.343822	0.354073
100	0	0	36	0	0	0	0.354073	0.359546
100	0	0	36	0	0	1	0.359546	0.386847
100	0	0	36	0	0	0	0.386847	0.402436
100	0	0	36	0	0	1	0.402436	0.427
##	100	0	0	36	0	0	0.2
100	0	0	36	0	1	1	0	0.0123521
100	0	0	36	0	1	0	0.0123521	0.0173002
100	0	0	36	0	1	1	0.0173002	0.109402
100	0	0	36	0	1	0	0.109402	0.116967
100	0	0	36	0	1	1	0.116967	0.237456
100	0	0	36	0	1	0	0.237456	0.249391
100	0	0	36	0	1	1	0.249391	0.392945
100	0	0	36	0	1	0	0.392945	0.395796
100	0	0	36	0	1	1	0.395796	0.415391
100	0	0	36	0	1	0	0.415391	0.419023
100	0	0	36	0	1	1	0.419023	0.427
##	100	0	0	36	0	1	0.2
##	100	0	0	36	mtdna	1
100	0	0	37	0	0	1	0	0.126193
100	0	0	37	0	0	0	0.126193	0.132208
100	0	0	37	0	0	1	0.132208	0.185064
100	0	0	37	0	0	0	0.185064	0.196938
100	0	0	37	0	0	1	0.196938	0.259906
100	0	0	37	0	0	0	0.259906	0.280394
100	0	0	37	0	0	1	0.280394	0.427
##	100	0	0	37	0	0	0.2
100	0	0	37	0	1	0	0	0.00134243
100	0	0	37	0	1	1	0.00134243	0.117723
100	0	0	37	0	1	0	0.117723	0.125256
100	0	0	37	0	1	1	0.125256	0.258256
100	0	0	37	0	1	0	0.258256	0.28203
100	0	0	37	0	1	1	0.28203	0.28262
100	0	0	37	0	1	0	0.28262	0.289204
100	0	0	37	0	1	1	0.289204	0.302261
100	0	0	37	0	1	0	0.302261	0.333329
100	0	0	37	0	1	1	0.333329	0.406837
100	0	0	37	0	1	0	0.406837	0.427
##	100	0	0	37	0	1	0.2
##	100	0	0	37	mtdna	1
100	0	0	38	0	0	1	0	0.0463712
100	0	0	38	0	0	0	0.0463712	0.071878
100	0	0	38	0	0	1	0.071878	0.122668
100	0	0	38	0	0	0	0.122668	0.122965
100	0	0	38	0	0	1	0.122965	0.210633
100	0	0	38	0	0	0	0.210633	0.218536
100	0	0	38	0	0	1	0.218536	0.312176
100	0	0	38	0	0	0	0.312176	0.338493
100	0	0	38	0	0	1	0.338493	0.388259
100	0	0	38	0	0	0	0.388259	0.411573
100	0	0	38	0	0	1	0.411573	0.427
##	100	0	0	38	0	0	0.2
100	0	0	38	0	1	1	0	0.106158
100	0	0	38	0	1	0	0.106158	0.12962
100	0	0	38	0	1	1	0.12962	0.200264
100	0	0	38	0	1	0	0.200264	0.206004
100	0	0	38	0	1	1	0.206004	0.283962
100	0	0	38	0	1	0	0.283962	0.310835
100	0	0	38	0	1	1	0.310835	0.427
##	100	0	0	38	0	1	0.2
##	100	0	0	38	mtdna	1
100	0	0	39	0	0	0	0	0.00459415
100	0	0	39	0	0	1	0.00459415	0.0264171
100	0	0	39	0	0	0	0.0264171	0.0326184
100	0	0	39	0	0	1	0.0326184	0.0942643
100	0	0	39	0	0	0	0.0942643	0.103369
100	0	0	39	0	0	1	0.103369	0.226894
100	0	0	39	0	0	0	0.226894	0.234967
100	0	0	39	0	0	1	0.234967	0.243811
100	0	0	39	0	0	0	0.243811	0.247733
100	0	0	39	0	0	1	0.247733	0.25088
100	0	0	39	0	0	0	0.25088	0.263669
100	0	0	39	0	0	1	0.263669	0.427
##	100	0	0	39	0	0	0.2
100	0	0	39	0	1	1	0	0.0207212
100	0	0	39	0	1	0	0.0207212	0.0334943
100	0	0	39	0	1	1	0.0334943	0.195445
100	0	0	39	0	1	0	0.195445	0.20389
100	0	0	39	0	1	1	0.20389	0.214254
100	0	0	39	0	1	0	0.214254	0.220009
100	0	0	39	0	1	1	0.220009	0.246304
100	0	0	39	0	1	0	0.246304	0.249946
100	0	0	39	0	1	1	0.249946	0.26435
100	0	0	39	0	1	0	0.26435	0.270926
100	0	0	39	0	1	1	0.270926	0.307748
100	0	0	39	0	1	0	0.307748	0.326438
100	0	0	39	0	1	1	0.326438	0.427
##	100	0	0	39	0	1
##	100	0	0	39	mtdna	1
100	0	0	40	0	0	1	0	0.0246498
100	0	0	40	0	0	0	0.0246498	0.0404713
100	0	0	40	0	0	1	0.0404713	0.230253
100	0	0	40	0	0	0	0.230253	0.246139
100	0	0	40	0	0	1	0.246139	0.301915
100	0	0	40	0	0	0	0.301915	0.302348
100	0	0	40	0	0	1	0.302348	0.427
##	100	0	0	40	0	0	0.2
100	0	0	40	0	1	1	0	0.0701581
100	0	0	40	0	1	0	0.0701581	0.0963913
100	0	0	40	0	1	1	0.0963913	0.19839
100	0	0	40	0	1	0	0.19839	0.202768
100	0	0	40	0	1	1	0.202768	0.248757
100	0	0	40	0	1	0	0.248757	0.254731
100	0	0	40	0	1	1	0.254731	0.427
##	100	0	0	40	0	1
##	100	0	0	40	mtdna	1
100	0	0	41	0	0	0	0	0.0141216
100	0	0	41	0	0	1	0.0141216	0.0639449
100	0	0	41	0	0	0	0.0639449	0.0757187
100	0	0	41	0	0	1	0.0757187	0.0980969
100	0	0	41	0	0	0	0.0980969	0.101361
100	0	0	41	0	0	1	0.101361	0.159622
100	0	0	41	0	0	0	0.159622	0.172561
100	0	0	41	0	0	1	0.172561	0.297542
100	0	0	41	0	0	0	0.297542	0.30485
100	0	0	41	0	0	1	0.30485	0.341056
100	0	0	41	0	0	0	0.341056	0.356597
100	0	0	41	0	0	1	0.356597	0.360695
100	0	0	41	0	0	0	0.360695	0.390547
100	0	0	41	0	0	1	0.390547	0.427
##	100	0	0	41	0	0	0.2
100	0	0	41	0	1	1	0	0.0993498
100	0	0	41	0	1	0	0.0993498	0.118607
100	0	0	41	0	1	1	0.118607	0.268987
100	0	0	41	0	1	0	0.268987	0.281027
100	0	0	41	0	1	1	0.281027	0.322699
100	0	0	41	0	1	0	0.322699	0.339432
100	0	0	41	0	1	1	0.339432	0.427
##	100	0	0	41	0	1	0.2
##	100	0	0	41	mtdna	1
100	0	0	42	0	0	1	0	0.0954896
100	0	0	42	0	0	0	0.0954896	0.11706
100	0	0	42	0	0	1	0.11706	0.137279
100	0	0	42	0	0	0	0.137279	0.150985
100	0	0	42	0	0	1	0.150985	0.221354
100	0	0	42	0	0	0	0.221354	0.226036
100	0	0	42	0	0	1	0.226036	0.23838
100	0	0	42	0	0	0	0.23838	0.246578
100	0	0	42	0	0	1	0.246578	0.269476
100	0	0	42	0	0	0	0.269476	0.270069
100	0	0	42	0	0	1	0.270069	0.427
##	100	0	0	42	0	0	0.2
100	0	0	42	0	1	1	0	0.065015
100	0	0	42	0	1	0	0.065015	0.0696694
100	0	0	42	0	1	1	0.0696694	0.2564
100	0	0	42	0	1	0	0.2564	0.261385
100	0	0	42	0	1	1	0.261385	0.27186
100	0	0	42	0	1	0	0.27186	0.273947
100	0	0	42	0	1	1	0.273947	0.424871
100	0	0	42	0	1	0	0.424871	0.427
##	100	0	0	42	0	1	0.2
##	100	0	0	42	mtdna	1
100	0	0	43	0	0	1	0	0.117542
100	0	0	43	0	0	0	0.117542	0.1216
100	0	0	43	0	0	1	0.1216	0.145238
100	0	0	43	0	0	0	0.145238	0.174231
100	0	0	43	0	0	1	0.174231	0.252827
100	0	0	43	0	0	0	0.252827	0.253592
100	0	0	43	0	0	1	0.253592	0.253728
100	0	0	43	0	0	0	0.253728	0.271283
100	0	0	43	0	0	1	0.271283	0.286111
100	0	0	43	0	0	0	0.286111	0.288243
100	0	0	43	0	0	1	0.288243	0.331398
100	0	0	43	0	0	0	0.331398	0.336663
100	0	0	43	0	0	1	0.336663	0.416257
100	0	0	43	0	0	0	0.416257	0.422776
100	0	0	43	0	0	1	0.422776	0.427
##	100	0	0	43	0	0	0.2
100	0	0	43	0	1	1	0	0.166009
100	0	0	43	0	1	0	0.166009	0.167457
100	0	0	43	0	1	1	0.167457	0.427
##	100	0	0	43	0	1	0.2
##	100	0	0	43	mtdna	1
100	0	0	44	0	0	1	0	0.0472698
100	0	0	44	0	0	0	0.0472698	0.0506746
100	0	0	44	0	0	1	0.0506746	0.06278
100	0	0	44	0	0	0	0.06278	0.0755006
100	0	0	44	0	0	1	0.0755006	0.109312
100	0	0	44	0	0	0	0.109312	0.110809
100	0	0	44	0	0	1	0.110809	0.142561
100	0	0	44	0	0	0	0.142561	0.158864
100	0	0	44	0	0	1	0.158864	0.171358
100	0	0	44	0	0	0	0.171358	0.174568
100	0	0	44	0	0	1	0.174568	0.290229
100	0	0	44	0	0	0	0.290229	0.324368
100	0	0	44	0	0	1	0.324368	0.427
##	100	0	0	44	0	0	0.2
100	0	0	44	0	1	1	0	0.109104
100	0	0	44	0	1	0	0.109104	0.122917
100	0	0	44	0	1	1	0.122917	0.222664
100	0	0	44	0	1	0	0.222664	0.239066
100	0	0	44	0	1	1	0.239066	0.253998
100	0	0	44	0	1	0	0.253998	0.259753
100	0	0	44	0	1	1	0.259753	0.290434
100	0	0	44	0	1	0	0.290434	0.291439
100	0	0	44	0	1	1	0.291439	0.427
##	100	0	0	44	0	1	0.2
##	100	0	0	44	mtdna	1
100	0	0	45	0	0	1	0	0.158353
100	0	0	45	0	0	0	0.158353	0.159601
100	0	0	45	0	0	1	0.159601	0.160351
100	0	0	45	0	0	0	0.160351	0.16334
100	0	0	45	0	0	1	0.16334	0.286441
100	0	0	45	0	0	0	0.286441	0.286983
100	0	0	45	0	0	1	0.286983	0.365668
100	0	0	45	0	0	0	0.365668	0.372852
100	0	0	45	0	0	1	0.372852	0.383093
100	0	0	45	0	0	0	0.383093	0.403418
100	0	0	45	0	0	1	0.403418	0.427
##	100	0	0	45	0	0	0.2
100	0	0	45	0	1	1	0	0.214108
100	0	0	45	0	1	0	0.214108	0.257664
100	0	0	45	0	1	1	0.257664	0.361282
100	0	0	45	0	1	0	0.361282	0.367695
100	0	0	45	0	1	1	0.367695	0.427
##	100	0	0	45	0	1	0.2
##	100	0	0	45	mtdna	1
100	0	0	46	0	0	1	0	0.0129986
100	0	0	46	0	0	0	0.0129986	0.0155345
100	0	0	46	0	0	1	0.0155345	0.033198
100	0	0	46	0	0	0	0.033198	0.0387707
100	0	0	46	0	0	1	0.0387707	0.23467
100	0	0	46	0	0	0	0.23467	0.237878
100	0	0	46	0	0	1	0.237878	0.328567
100	0	0	46	0	0	0	0.328567	0.344441
100	0	0	46	0	0	1	0.344441	0.427
##	100	0	0	46	0	0	0.2
100	0	0	46	0	1	1	0	0.0119433
100	0	0	46	0	1	0	0.0119433	0.0311635
100	0	0	46	0	1	1	0.0311635	0.232754
100	0	0	46	0	1	0	0.232754	0.254067
100	0	0	46	0	1	1	0.254067	0.427
##	100	0	0	46	0	1	0.2
##	100	0	0	46	mtdna	1
100	0	0	47	0	0	1	0	0.0851667
100	0	0	47	0	0	0	0.0851667	0.0851921
100	0	0	47	0	0	1	0.0851921	0.205769
100	0	0	47	0	0	0	0.205769	0.218151
100	0	0	47	0	0	1	0.218151	0.278839
100	0	0	47	0	0	0	0.278839	0.281819
100	0	0	47	0	0	1	0.281819	0.32408
100	0	0	47	0	0	0	0.32408	0.329194
100	0	0	47	0	0	1	0.329194	0.339427
100	0	0	47	0	0	0	0.339427	0.352689
100	0	0	47	0	0	1	0.352689	0.363551
100	0	0	47	0	0	0	0.363551	0.381193
100	0	0	47	0	0	1	0.381193	0.403801
100	0	0	47	0	0	0	0.403801	0.427
##	100	0	0	47	0	0	0.2
100	0	0	47	0	1	1	0	0.00506339
100	0	0	47	0	1	0	0.00506339	0.0184485
100	0	0	47	0	1	1	0.0184485	0.134019
100	0	0	47	0	1	0	0.134019	0.137147
100	0	0	47	0	1	1	0.137147	0.265686
100	0	0	47	0	1	0	0.265686	0.267711
100	0	0	47	0	1	1	0.267711	0.316499
100	0	0	47	0	1	0	0.316499	0.327976
100	0	0	47	0	1	1	0.327976	0.427
##	100	0	0	47	0	1	0.2
##	100	0	0	47	mtdna	1
100	0	0	48	0	0	1	0	0.0323989
100	0	0	48	0	0	0	0.0323989	0.0373661
100	0	0	48	0	0	1	0.0373661	0.263428
100	0	0	48	0	0	0	0.263428	0.269615
100	0	0	48	0	0	1	0.269615	0.289689
100	0	0	48	0	0	0	0.289689	0.30078
100	0	0	48	0	0	1	0.30078	0.369332
100	0	0	48	0	0	0	0.369332	0.372816
100	0	0	48	0	0	1	0.372816	0.380092
100	0	0	48	0	0	0	0.380092	0.380889
100	0	0	48	0	0	1	0.380889	0.427
##	100	0	0	48	0	0	0.2
100	0	0	48	0	1	1	0	0.0874809
100	0	0	48	0	1	0	0.0874809	0.099047
100	0	0	48	0	1	1	0.099047	0.220058
100	0	0	48	0	1	0	0.220058	0.231558
100	0	0	48	0	1	1	0.231558	0.232138
100	0	0	48	0	1	0	0.232138	0.245967
100	0	0	48	0	1	1	0.245967	0.427
##	100	0	0	48	0	1	0.2
##	100	0	0	48	mtdna	1
100	0	0	49	0	0	1	0	0.0240175
100	0	0	49	0	0	0	0.0240175	0.0386217
100	0	0	49	0	0	1	0.0386217	0.193714
100	0	0	49	0	0	0	0.193714	0.203223
100	0	0	49	0	0	1	0.203223	0.386267
100	0	0	49	0	0	0	0.386267	0.388162
100	0	0	49	0	0	1	0.388162	0.427
##	100	0	0	49	0	0
100	0	0	49	0	1	1	0	0.00823522
100	0	0	49	0	1	0	0.00823522	0.026209
100	0	0	49	0	1	1	0.026209	0.0487025
100	0	0	49	0	1	0	0.0487025	0.0499437
100	0	0	49	0	1	1	0.0499437	0.276964
100	0	0	49	0	1	0	0.276964	0.296311
100	0	0	49	0	1	1	0.296311	0.329025
100	0	0	49	0	1	0	0.329025	0.338467
100	0	0	49	0	1	1	0.338467	0.427
##	100	0	0	49	0	1	0.2
##	100	0	0	49	mtdna	1
100	0	0	50	0	0	0	0	0.0482118
100	0	0	50	0	0	1	0.0482118	0.0564979
100	0	0	50	0	0	0	0.0564979	0.0599304
100	0	0	50	0	0	1	0.0599304	0.139271
100	0	0	50	0	0	0	0.139271	0.139866
100	0	0	50	0	0	1	0.139866	0.177157
100	0	0	50	0	0	0	0.177157	0.183587
100	0	0	50	0	0	1	0.183587	0.212581
100	0	0	50	0	0	0	0.212581	0.243798
100	0	0	50	0	0	1	0.243798	0.297315
100	0	0	50	0	0	0	0.297315	0.323812
100	0	0	50	0	0	1	0.323812	0.332027
100	0	0	50	0	0	0	0.332027	0.334299
100	0	0	50	0	0	1	0.334299	0.427
##	100	0	0	50	0	0	0.2
100	0	0	50	0	1	1	0	0.00862017
100	0	0	50	0	1	0	0.00862017	0.0125258
100	0	0	50	0	1	1	0.0125258	0.139271
100	0	0	50	0	1	0	0.139271	0.142059
100	0	0	50	0	1	1	0.142059	0.17509
100	0	0	50	0	1	0	0.17509	0.177345
100	0	0	50	0	1	1	0.177345	0.364428
100	0	0	50	0	1	0	0.364428	0.366458
100	0	0	50	0	1	1	0.366458	0.371506
100	0	0	50	0	1	0	0.371506	0.389703
100	0	0	50	0	1	1	0.389703	0.427
##	100	0	0	50	0	1	0.2
##	100	0	0	50	mtdna	1
100	0	0	51	0	0	1	0	0.0365895
100	0	0	51	0	0	0	0.0365895	0.061287
100	0	0	51	0	0	1	0.061287	0.221448
100	0	0	51	0	0	0	0.221448	0.229163
100	0	0	51	0	0	1	0.229163	0.250451
100	0	0	51	0	0	0	0.250451	0.264332
100	0	0	51	0	0	1	0.264332	0.288134
100	0	0	51	0	0	0	0.288134	0.312472
100	0	0	51	0	0	1	0.312472	0.420539
100	0	0	51	0	0	0	0.420539	0.422557
100	0	0	51	0	0	1	0.422557	0.427
##	100	0	0	51	0	0	0.2
100	0	0	51	0	1	1	0	0.203597
100	0	0	51	0	1	0	0.203597	0.262872
100	0	0	51	0	1	1	0.262872	0.26723
100	0	0	51	0	1	0	0.26723	0.298622
100	0	0	51	0	1	1	0.298622	0.359099
100	0	0	51	0	1	0	0.359099	0.365979
100	0	0	51	0	1	1	0.365979	0.371071
100	0	0	51	0	1	0	0.371071	0.418924
100	0	0	51	0	1	1	0.418924	0.427
##	100	0	0	51	0	1	0.2
##	100	0	0	51	mtdna	1
100	0	0	52	0	0	1	0	0.189274
100	0	0	52	0	0	0	0.189274	0.217415
100	0	0	52	0	0	1	0.217415	0.397859
100	0	0	52	0	0	0	0.397859	0.403618
100	0	0	52	0	0	1	0.403618	0.427
##	100	0	0	52	0	0
100	0	0	52	0	1	1	0	0.0383005
100	0	0	52	0	1	0	0.0383005	0.061287
100	0	0	52	0	1	1	0.061287	0.170117
100	0	0	52	0	1	0	0.170117	0.181615
100	0	0	52	0	1	1	0.181615	0.190309
100	0	0	52	0	1	0	0.190309	0.20545
100	0	0	52	0	1	1	0.20545	0.319793
100	0	0	52	0	1	0	0.319793	0.324962
100	0	0	52	0	1	1	0.324962	0.427
##	100	0	0	52	0	1
##	100	0	0	52	mtdna	1
100	0	0	53	0	0	1	0	0.113529
100	0	0	53	0	0	0	0.113529	0.139589
100	0	0	53	0	0	1	0.139589	0.226947
100	0	0	53	0	0	0	0.226947	0.237503
100	0	0	53	0	0	1	0.237503	0.297015
100	0	0	53	0	0	0	0.297015	0.297276
100	0	0	53	0	0	1	0.297276	0.427
##	100	0	0	53	0	0	0.2
100	0	0	53	0	1	0	0	0.00581269
100	0	0	53	0	1	1	0.00581269	0.12406
100	0	0	53	0	1	0	0.12406	0.135866
100	0	0	53	0	1	1	0.135866	0.299177
100	0	0	53	0	1	0	0.299177	0.320964
100	0	0	53	0	1	1	0.320964	0.39882
100	0	0	53	0	1	0	0.39882	0.400626
100	0	0	53	0	1	1	0.400626	0.427
##	100	0	0	53	0	1	0.2
##	100	0	0	53	mtdna	1
100	0	0	54	0	0	1	0	0.0258409
100	0	0	54	0	0	0	0.0258409	0.0326433
100	0	0	54	0	0	1	0.0326433	0.134585
100	0	0	54	0	0	0	0.134585	0.136474
100	0	0	54	0	0	1	0.136474	0.189505
100	0	0	54	0	0	0	0.189505	0.189859
100	0	0	54	0	0	1	0.189859	0.265698
100	0	0	54	0	0	0	0.265698	0.273925
100	0	0	54	0	0	1	0.273925	0.277084
100	0	0	54	0	0	0	0.277084	0.342956
100	0	0	54	0	0	1	0.342956	0.427
##	100	0	0	54	0	0	0.2
100	0	0	54	0	1	0	0	0.0126427
100	0	0	54	0	1	1	0.0126427	0.0306292
100	0	0	54	0	1	0	0.0306292	0.0436011
100	0	0	54	0	1	1	0.0436011	0.13317
100	0	0	54	0	1	0	0.13317	0.134902
100	0	0	54	0	1	1	0.134902	0.264038
100	0	0	54	0	1	0	0.264038	0.275211
100	0	0	54	0	1	1	0.275211	0.427
##	100	0	0	54	0	1	0.2
##	100	0	0	54	mtdna	1
100	0	0	55	0	0	1	0	0.0137233
100	0	0	55	0	0	0	0.0137233	0.0255162
100	0	0	55	0	0	1	0.0255162	0.28113
100	0	0	55	0	0	0	0.28113	0.293181
100	0	0	55	0	0	1	0.293181	0.318342
100	0	0	55	0	0	0	0.318342	0.32755
100	0	0	55	0	0	1	0.32755	0.36972
100	0	0	55	0	0	0	0.36972	0.379156
100	0	0	55	0	0	1	0.379156	0.387251
100	0	0	55	0	0	0	0.387251	0.388301
100	0	0	55	0	0	1	0.388301	0.388437
100	0	0	55	0	0	0	0.388437	0.391855
100	0	0	55	0	0	1	0.391855	0.427
##	100	0	0	55	0	0	0.2
100	0	0	55	0	1	1	0	0.0776588
100	0	0	55	0	1	0	0.0776588	0.0781726
100	0	0	55	0	1	1	0.0781726	0.0967235
100	0	0	55	0	1	0	0.0967235	0.100039
100	0	0	55	0	1	1	0.100039	0.14984
100	0	0	55	0	1	0	0.14984	0.150956
100	0	0	55	0	1	1	0.150956	0.172672
100	0	0	55	0	1	0	0.172672	0.1893
100	0	0	55	0	1	1	0.1893	0.230152
100	0	0	55	0	1	0	0.230152	0.231512
100	0	0	55	0	1	1	0.231512	0.276449
100	0	0	55	0	1	0	0.276449	0.280715
100	0	0	55	0	1	1	0.280715	0.371993
100	0	0	55	0	1	0	0.371993	0.378919
100	0	0	55	0	1	1	0.378919	0.427
##	100	0	0	55	0	1	0.2
##	100	0	0	55	mtdna	1
100	0	0	56	0	0	1	0	0.012139
100	0	0	56	0	0	0	0.012139	0.0397912
100	0	0	56	0	0	1	0.0397912	0.0558371
100	0	0	56	0	0	0	0.0558371	0.0660414
100	0	0	56	0	0	1	0.0660414	0.151046
100	0	0	56	0	0	0	0.151046	0.172668
100	0	0	56	0	0	1	0.172668	0.184221
100	0	0	56	0	0	0	0.184221	0.236058
100	0	0	56	0	0	1	0.236058	0.2443
100	0	0	56	0	0	0	0.2443	0.26084
100	0	0	56	0	0	1	0.26084	0.314784
100	0	0	56	0	0	0	0.314784	0.33821
100	0	0	56	0	0	1	0.33821	0.366754
100	0	0	56	0	0	0	0.366754	0.373977
100	0	0	56	0	0	1	0.373977	0.427
##	100	0	0	56	0	0
100	0	0	56	0	1	1	0	0.012139
100	0	0	56	0	1	0	0.012139	0.0179372
100	0	0	56	0	1	1	0.0179372	0.120036
100	0	0	56	0	1	0	0.120036	0.127025
100	0	0	56	0	1	1	0.127025	0.174604
100	0	0	56	0	1	0	0.174604	0.179875
100	0	0	56	0	1	1	0.179875	0.427
##	100	0	0	56	0	1	0.2
##	100	0	0	56	mtdna	1
100	0	0	57	0	0	1	0	0.230506
100	0	0	57	0	0	0	0.230506	0.243054
100	0	0	57	0	0	1	0.243054	0.252171
100	0	0	57	0	0	0	0.252171	0.29989
100	0	0	57	0	0	1	0.29989	0.371629
100	0	0	57	0	0	0	0.371629	0.381857
100	0	0	57	0	0	1	0.381857	0.427
##	100	0	0	57	0	0	0.2
100	0	0	57	0	1	1	0	0.271468
100	0	0	57	0	1	0	0.271468	0.279485
100	0	0	57	0	1	1	0.279485	0.343245
100	0	0	57	0	1	0	0.343245	0.36329
100	0	0	57	0	1	1	0.36329	0.427
##	100	0	0	57	0	1	0.2
##	100	0	0	57	mtdna	1
100	0	0	58	0	0	1	0	0.25009
100	0	0	58	0	0	0	0.25009	0.259499
100	0	0	58	0	0	1	0.259499	0.364176
100	0	0	58	0	0	0	0.364176	0.368729
100	0	0	58	0	0	1	0.368729	0.427
##	100	0	0	58	0	0	0.2
100	0	0	58	0	1	0	0	0.00320686
100	0	0	58	0	1	1	0.00320686	0.0565747
100	0	0	58	0	1	0	0.0565747	0.0663616
100	0	0	58	0	1	1	0.0663616	0.13134
100	0	0	58	0	1	0	0.13134	0.133031
100	0	0	58	0	1	1	0.133031	0.265686
100	0	0	58	0	1	0	0.265686	0.267711
100	0	0	58	0	1	1	0.267711	0.316499
100	0	0	58	0	1	0	0.316499	0.327976
100	0	0	58	0	1	1	0.327976	0.427
##	100	0	0	58	0	1	0.2
##	100	0	0	58	mtdna	1
100	0	0	59	0	0	1	0	0.0929099
100	0	0	59	0	0	0	0.0929099	0.118586
100	0	0	59	0	0	1	0.118586	0.199186
100	0	0	59	0	0	0	0.199186	0.203641
100	0	0	59	0	0	1	0.203641	0.313106
100	0	0	59	0	0	0	0.313106	0.346591
100	0	0	59	0	0	1	0.346591	0.427
##	100	0	0	59	0	0
100	0	0	59	0	1	1	0	0.0460713
100	0	0	59	0	1	0	0.0460713	0.0506354
100	0	0	59	0	1	1	0.0506354	0.0557947
100	0	0	59	0	1	0	0.0557947	0.0559755
100	0	0	59	0	1	1	0.0559755	0.101574
100	0	0	59	0	1	0	0.101574	0.112021
100	0	0	59	0	1	1	0.112021	0.265548
100	0	0	59	0	1	0	0.265548	0.274823
100	0	0	59	0	1	1	0.274823	0.280837
100	0	0	59	0	1	0	0.280837	0.29687
100	0	0	59	0	1	1	0.29687	0.427
##	100	0	0	59	0	1	0.2
##	100	0	0	59	mtdna	0
100	0	0	60	0	0	1	0	0.0355313
100	0	0	60	0	0	0	0.0355313	0.037369
100	0	0	60	0	0	1	0.037369	0.0922821
100	0	0	60	0	0	0	0.0922821	0.110778
100	0	0	60	0	0	1	0.110778	0.114345
100	0	0	60	0	0	0	0.114345	0.146032
100	0	0	60	0	0	1	0.146032	0.182991
100	0	0	60	0	0	0	0.182991	0.199836
100	0	0	60	0	0	1	0.199836	0.295562
100	0	0	60	0	0	0	0.295562	0.296324
100	0	0	60	0	0	1	0.296324	0.310017
100	0	0	60	0	0	0	0.310017	0.320861
100	0	0	60	0	0	1	0.320861	0.369085
100	0	0	60	0	0	0	0.369085	0.375427
100	0	0	60	0	0	1	0.375427	0.427
##	100	0	0	60	0	0	0.2
100	0	0	60	0	1	1	0	0.0142026
100	0	0	60	0	1	0	0.0142026	0.0247323
100	0	0	60	0	1	1	0.0247323	0.0463712
100	0	0	60	0	1	0	0.0463712	0.0577047
100	0	0	60	0	1	1	0.0577047	0.0840046
100	0	0	60	0	1	0	0.0840046	0.0925696
100	0	0	60	0	1	1	0.0925696	0.105142
100	0	0	60	0	1	0	0.105142	0.106011
100	0	0	60	0	1	1	0.106011	0.106385
100	0	0	60	0	1	0	0.106385	0.107467
100	0	0	60	0	1	1	0.107467	0.167673
100	0	0	60	0	1	0	0.167673	0.183587
100	0	0	60	0	1	1	0.183587	0.365858
100	0	0	60	0	1	0	0.365858	0.372312
100	0	0	60	0	1	1	0.372312	0.427
##	100	0	0	60	0	1	0.2
##	100	0	0	60	mtdna	1
100	0	0	61	0	0	1	0	0.0750673
100	0	0	61	0	0	0	0.0750673	0.0797932
100	0	0	61	0	0	1	0.0797932	0.115678
100	0	0	61	0	0	0	0.115678	0.121446
100	0	0	61	0	0	1	0.121446	0.229745
100	0	0	61	0	0	0	0.229745	0.231795
100	0	0	61	0	0	1	0.231795	0.28055
100	0	0	61	0	0	0	0.28055	0.291166
100	0	0	61	0	0	1	0.291166	0.30917
100	0	0	61	0	0	0	0.30917	0.31694
100	0	0	61	0	0	1	0.31694	0.323724
100	0	0	61	0	0	0	0.323724	0.329281
100	0	0	61	0	0	1	0.329281	0.423889
100	0	0	61	0	0	0	0.423889	0.425505
100	0	0	61	0	0	1	0.425505	0.427
##	100	0	0	61	0	0	0.2
100	0	0	61	0	1	1	0	0.0116631
100	0	0	61	0	1	0	0.0116631	0.0223261
100	0	0	61	0	1	1	0.0223261	0.0584818
100	0	0	61	0	1	0	0.0584818	0.0763886
100	0	0	61	0	1	1	0.0763886	0.0967235
100	0	0	61	0	1	0	0.0967235	0.100039
100	0	0	61	0	1	1	0.100039	0.139962
100	0	0	61	0	1	0	0.139962	0.147212
100	0	0	61	0	1	1	0.147212	0.216353
100	0	0	61	0	1	0	0.216353	0.232213
100	0	0	61	0	1	1	0.232213	0.252202
100	0	0	61	0	1	0	0.252202	0.265755
100	0	0	61	0	1	1	0.265755	0.364525
100	0	0	61	0	1	0	0.364525	0.367109
100	0	0	61	0	1	1	0.367109	0.381479
100	0	0	61	0	1	0	0.381479	0.388099
100	0	0	61	0	1	1	0.388099	0.408729
100	0	0	61	0	1	0	0.408729	0.409197
100	0	0	61	0	1	1	0.409197	0.427
##	100	0	0	61	0	1	0.2
##	100	0	0	61	mtdna	1
100	0	0	62	0	0	1	0	0.00715362
100	0	0	62	0	0	0	0.00715362	0.0143743
100	0	0	62	0	0	1	0.0143743	0.0768474
100	0	0	62	0	0	0	0.0768474	0.108999
100	0	0	62	0	0	1	0.108999	0.274196
100	0	0	62	0	0	0	0.274196	0.289317
100	0	0	62	0	0	1	0.289317	0.427
##	100	0	0	62	0	0	0.2
100	0	0	62	0	1	1	0	0.0348638
100	0	0	62	0	1	0	0.0348638	0.0382986
100	0	0	62	0	1	1	0.0382986	0.102531
100	0	0	62	0	1	0	0.102531	0.114988
100	0	0	62	0	1	1	0.114988	0.1625
100	0	0	62	0	1	0	0.1625	0.16943
100	0	0	62	0	1	1	0.16943	0.217041
100	0	0	62	0	1	0	0.217041	0.235185
100	0	0	62	0	1	1	0.235185	0.272983
100	0	0	62	0	1	0	0.272983	0.280044
100	0	0	62	0	1	1	0.280044	0.340753
100	0	0	62	0	1	0	0.340753	0.36279
100	0	0	62	0	1	1	0.36279	0.404297
100	0	0	62	0	1	0	0.404297	0.406846
100	0	0	62	0	1	1	0.406846	0.427
##	100	0	0	62	0	1	0.2
##	100	0	0	62	mtdna	1
100	0	0	63	0	0	1	0	0.0607654
100	0	0	63	0	0	0	0.0607654	0.0613313
100	0	0	63	0	0	1	0.0613313	0.405701
100	0	0	63	0	0	0	0.405701	0.415183
100	0	0	63	0	0	1	0.415183	0.427
##	100	0	0	63	0	0	0.2
100	0	0	63	0	1	1	0	0.00270795
100	0	0	63	0	1	0	0.00270795	0.0066689
100	0	0	63	0	1	1	0.0066689	0.013801
100	0	0	63	0	1	0	0.013801	0.0185792
100	0	0	63	0	1	1	0.0185792	0.0766383
100	0	0	63	0	1	0	0.0766383	0.099047
100	0	0	63	0	1	1	0.099047	0.294284
100	0	0	63	0	1	0	0.294284	0.308189
100	0	0	63	0	1	1	0.308189	0.392056
100	0	0	63	0	1	0	0.392056	0.411707
100	0	0	63	0	1	1	0.411707	0.420651
100	0	0	63	0	1	0	0.420651	0.427
##	100	0	0	63	0	1	0.2
##	100	0	0	63	mtdna	1
100	0	0	64	0	0	1	0	0.276025
100	0	0	64	0	0	0	0.276025	0.288769
100	0	0	64	0	0	1	0.288769	0.329654
100	0	0	64	0	0	0	0.329654	0.337939
100	0	0	64	0	0	1	0.337939	0.427
##	100	0	0	64	0	0	0.2
100	0	0	64	0	1	1	0	0.11856
100	0	0	64	0	1	0	0.11856	0.12356
100	0	0	64	0	1	1	0.12356	0.125507
100	0	0	64	0	1	0	0.125507	0.134275
100	0	0	64	0	1	1	0.134275	0.196965
100	0	0	64	0	1	0	0.196965	0.205936
100	0	0	64	0	1	1	0.205936	0.264285
100	0	0	64	0	1	0	0.264285	0.266557
100	0	0	64	0	1	1	0.266557	0.275969
100	0	0	64	0	1	0	0.275969	0.282926
100	0	0	64	0	1	1	0.282926	0.364518
100	0	0	64	0	1	0	0.364518	0.392418
100	0	0	64	0	1	1	0.392418	0.427
##	100	0	0	64	0	1
##	100	0	0	64	mtdna	1
100	0	0	65	0	0	1	0	0.0340349
100	0	0	65	0	0	0	0.0340349	0.0411683
100	0	0	65	0	0	1	0.0411683	0.108889
100	0	0	65	0	0	0	0.108889	0.117843
100	0	0	65	0	0	1	0.117843	0.288245
100	0	0	65	0	0	0	0.288245	0.292673
100	0	0	65	0	0	1	0.292673	0.427
##	100	0	0	65	0	0	0.2
100	0	0	65	0	1	1	0	0.102246
100	0	0	65	0	1	0	0.102246	0.102287
100	0	0	65	0	1	1	0.102287	0.116476
100	0	0	65	0	1	0	0.116476	0.120804
100	0	0	65	0	1	1	0.120804	0.192876
100	0	0	65	0	1	0	0.192876	0.201207
100	0	0	65	0	1	1	0.201207	0.216577
100	0	0	65	0	1	0	0.216577	0.220847
100	0	0	65	0	1	1	0.220847	0.243952
100	0	0	65	0	1	0	0.243952	0.247226
100	0	0	65	0	1	1	0.247226	0.263635
100	0	0	65	0	1	0	0.263635	0.269266
100	0	0	65	0	1	1	0.269266	0.277891
100	0	0	65	0	1	0	0.277891	0.299406
100	0	0	65	0	1	1	0.299406	0.39472
100	0	0	65	0	1	0	0.39472	0.405129
100	0	0	65	0	1	1	0.405129	0.427
##	100	0	0	65	0	1
##	100	0	0	65	mtdna	1
100	0	0	66	0	0	1	0	0.0940912
100	0	0	66	0	0	0	0.0940912	0.0960442
100	0	0	66	0	0	1	0.0960442	0.191806
100	0	0	66	0	0	0	0.191806	0.205892
100	0	0	66	0	0	1	0.205892	0.243986
100	0	0	66	0	0	0	0.243986	0.244116
100	0	0	66	0	0	1	0.244116	0.3773
100	0	0	66	0	0	0	0.3773	0.38827
100	0	0	66	0	0	1	0.38827	0.427
##	100	0	0	66	0	0
100	0	0	66	0	1	1	0	0.0406746
100	0	0	66	0	1	0	0.0406746	0.0483826
100	0	0	66	0	1	1	0.0483826	0.271073
100	0	0	66	0	1	0	0.271073	0.271161
100	0	0	66	0	1	1	0.271161	0.275491
100	0	0	66	0	1	0	0.275491	0.305868
100	0	0	66	0	1	1	0.305868	0.375398
100	0	0	66	0	1	0	0.375398	0.389425
100	0	0	66	0	1	1	0.389425	0.395011
100	0	0	66	0	1	0	0.395011	0.410191
100	0	0	66	0	1	1	0.410191	0.427
##	100	0	0	66	0	1	0.2
##	100	0	0	66	mtdna	1
100	0	0	67	0	0	1	0	0.0550365
100	0	0	67	0	0	0	0.0550365	0.0568957
100	0	0	67	0	0	1	0.0568957	0.241932
100	0	0	67	0	0	0	0.241932	0.269129
100	0	0	67	0	0	1	0.269129	0.293352
100	0	0	67	0	0	0	0.293352	0.302577
100	0	0	67	0	0	1	0.302577	0.427
##	100	0	0	67	0	0	0.2
100	0	0	67	0	1	1	0	0.0432369
100	0	0	67	0	1	0	0.0432369	0.0507065
100	0	0	67	0	1	1	0.0507065	0.0571966
100	0	0	67	0	1	0	0.0571966	0.100039
100	0	0	67	0	1	1	0.100039	0.103934
100	0	0	67	0	1	0	0.103934	0.118154
100	0	0	67	0	1	1	0.118154	0.229656
100	0	0	67	0	1	0	0.229656	0.24521
100	0	0	67	0	1	1	0.24521	0.270312
100	0	0	67	0	1	0	0.270312	0.271102
100	0	0	67	0	1	1	0.271102	0.275229
100	0	0	67	0	1	0	0.275229	0.279019
100	0	0	67	0	1	1	0.279019	0.32939
100	0	0	67	0	1	0	0.32939	0.331564
100	0	0	67	0	1	1	0.331564	0.427
##	100	0	0	67	0	1	0.2
##	100	0	0	67	mtdna	1
100	0	0	68	0	0	1	0	0.181394
100	0	0	68	0	0	0	0.181394	0.184517
100	0	0	68	0	0	1	0.184517	0.427
##	100	0	0	68	0	0	0.2
100	0	0	68	0	1	1	0	0.00034054
100	0	0	68	0	1	0	0.00034054	0.0312744
100	0	0	68	0	1	1	0.0312744	0.198727
100	0	0	68	0	1	0	0.198727	0.207705
100	0	0	68	0	1	1	0.207705	0.209762
100	0	0	68	0	1	0	0.209762	0.220847
100	0	0	68	0	1	1	0.220847	0.222437
100	0	0	68	0	1	0	0.222437	0.239264
100	0	0	68	0	1	1	0.239264	0.382528
100	0	0	68	0	1	0	0.382528	0.391737
100	0	0	68	0	1	1	0.391737	0.427
##	100	0	0	68	0	1
##	100	0	0	68	mtdna	1
100	0	0	69	0	0	1	0	0.0515312
100	0	0	69	0	0	0	0.0515312	0.0632658
100	0	0	69	0	0	1	0.0632658	0.105043
100	0	0	69	0	0	0	0.105043	0.134393
100	0	0	69	0	0	1	0.134393	0.175623
100	0	0	69	0	0	0	0.175623	0.205465
100	0	0	69	0	0	1	0.205465	0.427
##	100	0	0	69	0	0
100	0	0	69	0	1	1	0	0.0448684
100	0	0	69	0	1	0	0.0448684	0.0533021
100	0	0	69	0	1	1	0.0533021	0.156647
100	0	0	69	0	1	0	0.156647	0.160001
100	0	0	69	0	1	1	0.160001	0.308978
100	0	0	69	0	1	0	0.308978	0.332795
100	0	0	69	0	1	1	0.332795	0.340442
100	0	0	69	0	1	0	0.340442	0.346625
100	0	0	69	0	1	1	0.346625	0.427
##	100	0	0	69	0	1	0.2
##	100	0	0	69	mtdna	1
100	0	0	70	0	0	1	0	0.20176
100	0	0	70	0	0	0	0.20176	0.20949
100	0	0	70	0	0	1	0.20949	0.225667
100	0	0	70	0	0	0	0.225667	0.246114
100	0	0	70	0	0	1	0.246114	0.427
##	100	0	0	70	0	0	0.2
100	0	0	70	0	1	1	0	0.0455581
100	0	0	70	0	1	0	0.0455581	0.0730837
100	0	0	70	0	1	1	0.0730837	0.100178
100	0	0	70	0	1	0	0.100178	0.100438
100	0	0	70	0	1	1	0.100438	0.104296
100	0	0	70	0	1	0	0.104296	0.124109
100	0	0	70	0	1	1	0.124109	0.124226
100	0	0	70	0	1	0	0.124226	0.129318
100	0	0	70	0	1	1	0.129318	0.151046
100	0	0	70	0	1	0	0.151046	0.172505
100	0	0	70	0	1	1	0.172505	0.192316
100	0	0	70	0	1	0	0.192316	0.23891
100	0	0	70	0	1	1	0.23891	0.340298
100	0	0	70	0	1	0	0.340298	0.354614
100	0	0	70	0	1	1	0.354614	0.427
##	100	0	0	70	0	1
##	100	0	0	70	mtdna	1
100	0	0	71	0	0	0	0	0.0442209
100	0	0	71	0	0	1	0.0442209	0.19219
100	0	0	71	0	0	0	0.19219	0.201001
100	0	0	71	0	0	1	0.201001	0.243196
100	0	0	71	0	0	0	0.243196	0.268052
100	0	0	71	0	0	1	0.268052	0.301979
100	0	0	71	0	0	0	0.301979	0.316218
100	0	0	71	0	0	1	0.316218	0.376574
100	0	0	71	0	0	0	0.376574	0.385406
100	0	0	71	0	0	1	0.385406	0.427
##	100	0	0	71	0	0
100	0	0	71	0	1	1	0	0.162811
100	0	0	71	0	1	0	0.162811	0.191256
100	0	0	71	0	1	1	0.191256	0.246605
100	0	0	71	0	1	0	0.246605	0.29994
100	0	0	71	0	1	1	0.29994	0.38932
100	0	0	71	0	1	0	0.38932	0.405126
100	0	0	71	0	1	1	0.405126	0.408568
100	0	0	71	0	1	0	0.408568	0.427
##	100	0	0	71	0	1	0.2
##	100	0	0	71	mtdna	0
100	0	0	72	0	0	0	0	0.0273043
100	0	0	72	0	0	1	0.0273043	0.0470664
100	0	0	72	0	0	0	0.0470664	0.0506602
100	0	0	72	0	0	1	0.0506602	0.101203
100	0	0	72	0	0	0	0.101203	0.104375
100	0	0	72	0	0	1	0.104375	0.359056
100	0	0	72	0	0	0	0.359056	0.368926
100	0	0	72	0	0	1	0.368926	0.427
##	100	0	0	72	0	0	0.2
100	0	0	72	0	1	1	0	0.0633123
100	0	0	72	0	1	0	0.0633123	0.0638738
100	0	0	72	0	1	1	0.0638738	0.195922
100	0	0	72	0	1	0	0.195922	0.21391
100	0	0	72	0	1	1	0.21391	0.281417
100	0	0	72	0	1	0	0.281417	0.291941
100	0	0	72	0	1	1	0.291941	0.348839
100	0	0	72	0	1	0	0.348839	0.383337
100	0	0	72	0	1	1	0.383337	0.417107
100	0	0	72	0	1	0	0.417107	0.418524
100	0	0	72	0	1	1	0.418524	0.427
##	100	0	0	72	0	1
##	100	0	0	72	mtdna	1
100	0	0	73	0	0	1	0	0.0131239
100	0	0	73	0	0	0	0.0131239	0.0208945
100	0	0	73	0	0	1	0.0208945	0.205355
100	0	0	73	0	0	0	0.205355	0.22278
100	0	0	73	0	0	1	0.22278	0.306687
100	0	0	73	0	0	0	0.306687	0.338307
100	0	0	73	0	0	1	0.338307	0.374923
100	0	0	73	0	0	0	0.374923	0.377438
100	0	0	73	0	0	1	0.377438	0.40714
100	0	0	73	0	0	0	0.40714	0.424091
100	0	0	73	0	0	1	0.424091	0.427
##	100	0	0	73	0	0	0.2
100	0	0	73	0	1	0	0	0.0250139
100	0	0	73	0	1	1	0.0250139	0.0466321
100	0	0	73	0	1	0	0.0466321	0.052697
100	0	0	73	0	1	1	0.052697	0.231812
100	0	0	73	0	1	0	0.231812	0.237452
100	0	0	73	0	1	1	0.237452	0.252202
100	0	0	73	0	1	0	0.252202	0.255793
100	0	0	73	0	1	1	0.255793	0.256536
100	0	0	73	0	1	0	0.256536	0.292632
100	0	0	73	0	1	1	0.292632	0.390184
100	0	0	73	0	1	0	0.390184	0.392418
100	0	0	73	0	1	1	0.392418	0.427
##	100	0	0	73	0	1	0.2
##	100	0	0	73	mtdna	1
100	0	0	74	0	0	1	0	0.0515312
100	0	0	74	0	0	0	0.0515312	0.0614547
100	0	0	74	0	0	1	0.0614547	0.125207
100	0	0	74	0	0	0	0.125207	0.175689
100	0	0	74	0	0	1	0.175689	0.250795
100	0	0	74	0	0	0	0.250795	0.276544
100	0	0	74	0	0	1	0.276544	0.34814
100	0	0	74	0	0	0	0.34814	0.367329
100	0	0	74	0	0	1	0.367329	0.41239
100	0	0	74	0	0	0	0.41239	0.427
##	100	0	0	74	0	0	0.2
100	0	0	74	0	1	1	0	0.177542
100	0	0	74	0	1	0	0.177542	0.186547
100	0	0	74	0	1	1	0.186547	0.193962
100	0	0	74	0	1	0	0.193962	0.220211
100	0	0	74	0	1	1	0.220211	0.229656
100	0	0	74	0	1	0	0.229656	0.23481
100	0	0	74	0	1	1	0.23481	0.299411
100	0	0	74	0	1	0	0.299411	0.311401
100	0	0	74	0	1	1	0.311401	0.32836
100	0	0	74	0	1	0	0.32836	0.33005
100	0	0	74	0	1	1	0.33005	0.427
##	100	0	0	74	0	1
##	100	0	0	74	mtdna	1
100	0	0	75	0	0	1	0	0.0103601
100	0	0	75	0	0	0	0.0103601	0.0168315
100	0	0	75	0	0	1	0.0168315	0.115698
100	0	0	75	0	0	0	0.115698	0.161036
100	0	0	75	0	0	1	0.161036	0.195125
100	0	0	75	0	0	0	0.195125	0.20367
100	0	0	75	0	0	1	0.20367	0.228988
100	0	0	75	0	0	0	0.228988	0.235505
100	0	0	75	0	0	1	0.235505	0.273276
100	0	0	75	0	0	0	0.273276	0.302075
100	0	0	75	0	0	1	0.302075	0.319427
100	0	0	75	0	0	0	0.319427	0.320644
100	0	0	75	0	0	1	0.320644	0.324859
100	0	0	75	0	0	0	0.324859	0.333504
100	0	0	75	0	0	1	0.333504	0.356156
100	0	0	75	0	0	0	0.356156	0.362427
100	0	0	75	0	0	1	0.362427	0.417309
100	0	0	75	0	0	0	0.417309	0.42265
100	0	0	75	0	0	1	0.42265	0.427
##	100	0	0	75	0	0
100	0	0	75	0	1	1	0	0.0622822
100	0	0	75	0	1	0	0.0622822	0.0796787
100	0	0	75	0	1	1	0.0796787	0.0995474
100	0	0	75	0	1	0	0.0995474	0.10128
100	0	0	75	0	1	1	0.10128	0.132841
100	0	0	75	0	1	0	0.132841	0.150956
100	0	0	75	0	1	1	0.150956	0.184927
100	0	0	75	0	1	0	0.184927	0.187626
100	0	0	75	0	1	1	0.187626	0.282985
100	0	0	75	0	1	0	0.282985	0.303184
100	0	0	75	0	1	1	0.303184	0.311952
100	0	0	75	0	1	0	0.311952	0.328597
100	0	0	75	0	1	1	0.328597	0.382223
100	0	0	75	0	1	0	0.382223	0.40301
100	0	0	75	0	1	1	0.40301	0.427
##	100	0	0	75	0	1	0.2
##	100	0	0	75	mtdna	1
100	0	0	76	0	0	1	0	0.0505389
100	0	0	76	0	0	0	0.0505389	0.0640343
100	0	0	76	0	0	1	0.0640343	0.10907
100	0	0	76	0	0	0	0.10907	0.1322
100	0	0	76	0	0	1	0.1322	0.178128
100	0	0	76	0	0	0	0.178128	0.186509
100	0	0	76	0	0	1	0.186509	0.274587
100	0	0	76	0	0	0	0.274587	0.301766
100	0	0	76	0	0	1	0.301766	0.304478
100	0	0	76	0	0	0	0.304478	0.311401
100	0	0	76	0	0	1	0.311401	0.427
##	100	0	0	76	0	0	0.2
100	0	0	76	0	1	1	0	0.167183
100	0	0	76	0	1	0	0.167183	0.194597
100	0	0	76	0	1	1	0.194597	0.217923
100	0	0	76	0	1	0	0.217923	0.219169
100	0	0	76	0	1	1	0.219169	0.24525
100	0	0	76	0	1	0	0.24525	0.334452
100	0	0	76	0	1	1	0.334452	0.426683
100	0	0	76	0	1	0	0.426683	0.427
##	100	0	0	76	0	1	0.2
##	100	0	0	76	mtdna	1
100	0	0	77	0	0	1	0	0.0106635
100	0	0	77	0	0	0	0.0106635	0.0264318
100	0	0	77	0	0	1	0.0264318	0.0364013
100	0	0	77	0	0	0	0.0364013	0.0369853
100	0	0	77	0	0	1	0.0369853	0.427
##	100	0	0	77	0	0	0.2
100	0	0	77	0	1	1	0	0.287072
100	0	0	77	0	1	0	0.287072	0.301011
100	0	0	77	0	1	1	0.301011	0.323965
100	0	0	77	0	1	0	0.323965	0.330773
100	0	0	77	0	1	1	0.330773	0.383652
100	0	0	77	0	1	0	0.383652	0.390199
100	0	0	77	0	1	1	0.390199	0.427
##	100	0	0	77	0	1	0.2
##	100	0	0	77	mtdna	1
100	0	0	78	0	0	1	0	0.0305211
100	0	0	78	0	0	0	0.0305211	0.0331735
100	0	0	78	0	0	1	0.0331735	0.20355
100	0	0	78	0	0	0	0.20355	0.208549
100	0	0	78	0	0	1	0.208549	0.293131
100	0	0	78	0	0	0	0.293131	0.312926
100	0	0	78	0	0	1	0.312926	0.386628
100	0	0	78	0	0	0	0.386628	0.3905
100	0	0	78	0	0	1	0.3905	0.427
##	100	0	0	78	0	0	0.2
100	0	0	78	0	1	1	0	0.0376863
100	0	0	78	0	1	0	0.0376863	0.0468447
100	0	0	78	0	1	1	0.0468447	0.0508741
100	0	0	78	0	1	0	0.0508741	0.0660414
100	0	0	78	0	1	1	0.0660414	0.213074
100	0	0	78	0	1	0	0.213074	0.215525
100	0	0	78	0	1	1	0.215525	0.322926
100	0	0	78	0	1	0	0.322926	0.341247
100	0	0	78	0	1	1	0.341247	0.400081
100	0	0	78	0	1	0	0.400081	0.418924
100	0	0	78	0	1	1	0.418924	0.427
##	100	0	0	78	0	1	0.2
##	100	0	0	78	mtdna	1
100	0	0	79	0	0	1	0	0.0251786
100	0	0	79	0	0	0	0.0251786	0.037487
100	0	0	79	0	0	1	0.037487	0.241568
100	0	0	79	0	0	0	0.241568	0.252482
100	0	0	79	0	0	1	0.252482	0.358778
100	0	0	79	0	0	0	0.358778	0.390894
100	0	0	79	0	0	1	0.390894	0.390898
100	0	0	79	0	0	0	0.390898	0.392441
100	0	0	79	0	0	1	0.392441	0.413305
100	0	0	79	0	0	0	0.413305	0.414662
100	0	0	79	0	0	1	0.414662	0.427
##	100	0	0	79	0	0	0.2
100	0	0	79	0	1	1	0	0.0183171
100	0	0	79	0	1	0	0.0183171	0.034592
100	0	0	79	0	1	1	0.034592	0.191523
100	0	0	79	0	1	0	0.191523	0.193253
100	0	0	79	0	1	1	0.193253	0.224144
100	0	0	79	0	1	0	0.224144	0.231359
100	0	0	79	0	1	1	0.231359	0.238879
100	0	0	79	0	1	0	0.238879	0.246228
100	0	0	79	0	1	1	0.246228	0.270794
100	0	0	79	0	1	0	0.270794	0.281676
100	0	0	79	0	1	1	0.281676	0.386938
100	0	0	79	0	1	0	0.386938	0.387015
100	0	0	79	0	1	1	0.387015	0.427
##	100	0	0	79	0	1	0.2
##	100	0	0	79	mtdna	1
100	0	0	80	0	0	1	0	0.107124
100	0	0	80	0	0	0	0.107124	0.119384
100	0	0	80	0	0	1	0.119384	0.271835
100	0	0	80	0	0	0	0.271835	0.283946
100	0	0	80	0	0	1	0.283946	0.351507
100	0	0	80	0	0	0	0.351507	0.362286
100	0	0	80	0	0	1	0.362286	0.427
##	100	0	0	80	0	0	0.2
100	0	0	80	0	1	1	0	0.065541
100	0	0	80	0	1	0	0.065541	0.0713855
100	0	0	80	0	1	1	0.0713855	0.206468
100	0	0	80	0	1	0	0.206468	0.236543
100	0	0	80	0	1	1	0.236543	0.255242
100	0	0	80	0	1	0	0.255242	0.262356
100	0	0	80	0	1	1	0.262356	0.40102
100	0	0	80	0	1	0	0.40102	0.41622
100	0	0	80	0	1	1	0.41622	0.427
##	100	0	0	80	0	1	0.2
##	100	0	0	80	mtdna	1
100	0	0	81	0	0	1	0	0.127793
100	0	0	81	0	0	0	0.127793	0.15334
100	0	0	81	0	0	1	0.15334	0.271848
100	0	0	81	0	0	0	0.271848	0.286849
100	0	0	81	0	0	1	0.286849	0.427
##	100	0	0	81	0	0	0.2
100	0	0	81	0	1	0	0	0.0148423
100	0	0	81	0	1	1	0.0148423	0.0637274
100	0	0	81	0	1	0	0.0637274	0.0796351
100	0	0	81	0	1	1	0.0796351	0.173261
100	0	0	81	0	1	0	0.173261	0.179941
100	0	0	81	0	1	1	0.179941	0.225999
100	0	0	81	0	1	0	0.225999	0.232406
100	0	0	81	0	1	1	0.232406	0.271983
100	0	0	81	0	1	0	0.271983	0.292237
100	0	0	81	0	1	1	0.292237	0.319824
100	0	0	81	0	1	0	0.319824	0.333927
100	0	0	81	0	1	1	0.333927	0.39071
100	0	0	81	0	1	0	0.39071	0.399814
100	0	0	81	0	1	1	0.399814	0.427
##	100	0	0	81	0	1	0.2
##	100	0	0	81	mtdna	1
100	0	0	82	0	0	1	0	0.079042
100	0	0	82	0	0	0	0.079042	0.110422
100	0	0	82	0	0	1	0.110422	0.134867
100	0	0	82	0	0	0	0.134867	0.177212
100	0	0	82	0	0	1	0.177212	0.187355
100	0	0	82	0	0	0	0.187355	0.197322
100	0	0	82	0	0	1	0.197322	0.310206
100	0	0	82	0	0	0	0.310206	0.315574
100	0	0	82	0	0	1	0.315574	0.356402
100	0	0	82	0	0	0	0.356402	0.358215
100	0	0	82	0	0	1	0.358215	0.363823
100	0	0	82	0	0	0	0.363823	0.368401
100	0	0	82	0	0	1	0.368401	0.370837
100	0	0	82	0	0	0	0.370837	0.375382
100	0	0	82	0	0	1	0.375382	0.427
##	100	0	0	82	0	0	0.2
100	0	0	82	0	1	1	0	0.025267
100	0	0	82	0	1	0	0.025267	0.0549645
100	0	0	82	0	1	1	0.0549645	0.196831
100	0	0	82	0	1	0	0.196831	0.202747
100	0	0	82	0	1	1	0.202747	0.205014
100	0	0	82	0	1	0	0.205014	0.228855
100	0	0	82	0	1	1	0.228855	0.361108
100	0	0	82	0	1	0	0.361108	0.375255
100	0	0	82	0	1	1	0.375255	0.427
##	100	0	0	82	0	1
##	100	0	0	82	mtdna	1
100	0	0	83	0	0	1	0	0.00965913
100	0	0	83	0	0	0	0.00965913	0.0204356
100	0	0	83	0	0	1	0.0204356	0.102896
100	0	0	83	0	0	0	0.102896	0.135839
100	0	0	83	0	0	1	0.135839	0.342576
100	0	0	83	0	0	0	0.342576	0.347616
100	0	0	83	0	0	1	0.347616	0.427
##	100	0	0	83	0	0	0.2
100	0	0	83	0	1	1	0	0.14953
100	0	0	83	0	1	0	0.14953	0.180296
100	0	0	83	0	1	1	0.180296	0.220058
100	0	0	83	0	1	0	0.220058	0.231558
100	0	0	83	0	1	1	0.231558	0.232138
100	0	0	83	0	1	0	0.232138	0.236128
100	0	0	83	0	1	1	0.236128	0.427
##	100	0	0	83	0	1	0.2
##	100	0	0	83	mtdna	1
100	0	0	84	0	0	1	0	0.135283
100	0	0	84	0	0	0	0.135283	0.154202
100	0	0	84	0	0	1	0.154202	0.179697
100	0	0	84	0	0	0	0.179697	0.20367
100	0	0	84	0	0	1	0.20367	0.237038
100	0	0	84	0	0	0	0.237038	0.266599
100	0	0	84	0	0	1	0.266599	0.286466
100	0	0	84	0	0	0	0.286466	0.294455
100	0	0	84	0	0	1	0.294455	0.375578
100	0	0	84	0	0	0	0.375578	0.379807
100	0	0	84	0	0	1	0.379807	0.389067
100	0	0	84	0	0	0	0.389067	0.398164
100	0	0	84	0	0	1	0.398164	0.427
##	100	0	0	84	0	0
100	0	0	84	0	1	1	0	0.095813
100	0	0	84	0	1	0	0.095813	0.103775
100	0	0	84	0	1	1	0.103775	0.12407
100	0	0	84	0	1	0	0.12407	0.132575
100	0	0	84	0	1	1	0.132575	0.426234
100	0	0	84	0	1	0	0.426234	0.427
##	100	0	0	84	0	1	0.2
##	100	0	0	84	mtdna	1
100	0	0	85	0	0	1	0	0.0722373
100	0	0	85	0	0	0	0.0722373	0.082586
100	0	0	85	0	0	1	0.082586	0.24606
100	0	0	85	0	0	0	0.24606	0.264184
100	0	0	85	0	0	1	0.264184	0.281263
100	0	0	85	0	0	0	0.281263	0.290436
100	0	0	85	0	0	1	0.290436	0.331087
100	0	0	85	0	0	0	0.331087	0.336379
100	0	0	85	0	0	1	0.336379	0.427
##	100	0	0	85	0	0	0.2
100	0	0	85	0	1	1	0	0.0296755
100	0	0	85	0	1	0	0.0296755	0.0349153
100	0	0	85	0	1	1	0.0349153	0.139962
100	0	0	85	0	1	0	0.139962	0.144392
100	0	0	85	0	1	1	0.144392	0.196556
100	0	0	85	0	1	0	0.196556	0.206411
100	0	0	85	0	1	1	0.206411	0.287404
100	0	0	85	0	1	0	0.287404	0.295759
100	0	0	85	0	1	1	0.295759	0.324304
100	0	0	85	0	1	0	0.324304	0.337599
100	0	0	85	0	1	1	0.337599	0.427
##	100	0	0	85	0	1
##	100	0	0	85	mtdna	1
100	0	0	86	0	0	1	0	0.187956
100	0	0	86	0	0	0	0.187956	0.189735
100	0	0	86	0	0	1	0.189735	0.210051
100	0	0	86	0	0	0	0.210051	0.210965
100	0	0	86	0	0	1	0.210965	0.307842
100	0	0	86	0	0	0	0.307842	0.310677
100	0	0	86	0	0	1	0.310677	0.408729
100	0	0	86	0	0	0	0.408729	0.409197
100	0	0	86	0	0	1	0.409197	0.427
##	100	0	0	86	0	0	0.2
100	0	0	86	0	1	1	0	0.0915485
100	0	0	86	0	1	0	0.0915485	0.111769
100	0	0	86	0	1	1	0.111769	0.180501
100	0	0	86	0	1	0	0.180501	0.184197
100	0	0	86	0	1	1	0.184197	0.26143
100	0	0	86	0	1	0	0.26143	0.285506
100	0	0	86	0	1	1	0.285506	0.394684
100	0	0	86	0	1	0	0.394684	0.39897
100	0	0	86	0	1	1	0.39897	0.427
##	100	0	0	86	0	1	0.2
##	100	0	0	86	mtdna	0
100	0	0	87	0	0	1	0	0.00221964
100	0	0	87	0	0	0	0.00221964	0.00431955
100	0	0	87	0	0	1	0.00431955	0.0429514
100	0	0	87	0	0	0	0.0429514	0.0517554
100	0	0	87	0	0	1	0.0517554	0.0799223
100	0	0	87	0	0	0	0.0799223	0.0880444
100	0	0	87	0	0	1	0.0880444	0.191603
100	0	0	87	0	0	0	0.191603	0.193252
100	0	0	87	0	0	1	0.193252	0.251759
100	0	0	87	0	0	0	0.251759	0.257786
100	0	0	87	0	0	1	0.257786	0.265403
100	0	0	87	0	0	0	0.265403	0.324164
100	0	0	87	0	0	1	0.324164	0.427
##	100	0	0	87	0	0	0.2
100	0	0	87	0	1	1	0	0.0324009
100	0	0	87	0	1	0	0.0324009	0.0431047
100	0	0	87	0	1	1	0.0431047	0.0999824
100	0	0	87	0	1	0	0.0999824	0.10164
100	0	0	87	0	1	1	0.10164	0.111512
100	0	0	87	0	1	0	0.111512	0.11504
100	0	0	87	0	1	1	0.11504	0.145236
100	0	0	87	0	1	0	0.145236	0.154499
100	0	0	87	0	1	1	0.154499	0.240973
100	0	0	87	0	1	0	0.240973	0.255239
100	0	0	87	0	1	1	0.255239	0.292594
100	0	0	87	0	1	0	0.292594	0.301312
100	0	0	87	0	1	1	0.301312	0.310071
100	0	0	87	0	1	0	0.310071	0.326106
100	0	0	87	0	1	1	0.326106	0.427
##	100	0	0	87	0	1	0.2
##	100	0	0	87	mtdna	1
100	0	0	88	0	0	1	0	0.13495
100	0	0	88	0	0	0	0.13495	0.145789
100	0	0	88	0	0	1	0.145789	0.247565
100	0	0	88	0	0	0	0.247565	0.248466
100	0	0	88	0	0	1	0.248466	0.368722
100	0	0	88	0	0	0	0.368722	0.385605
100	0	0	88	0	0	1	0.385605	0.427
##	100	0	0	88	0	0	0.2
100	0	0	88	0	1	1	0	0.0558371
100	0	0	88	0	1	0	0.0558371	0.0618107
100	0	0	88	0	1	1	0.0618107	0.0685587
100	0	0	88	0	1	0	0.0685587	0.0690364
100	0	0	88	0	1	1	0.0690364	0.0901276
100	0	0	88	0	1	0	0.0901276	0.110553
100	0	0	88	0	1	1	0.110553	0.235249
100	0	0	88	0	1	0	0.235249	0.240074
100	0	0	88	0	1	1	0.240074	0.345681
100	0	0	88	0	1	0	0.345681	0.362441
100	0	0	88	0	1	1	0.362441	0.375648
100	0	0	88	0	1	0	0.375648	0.384234
100	0	0	88	0	1	1	0.384234	0.427
##	100	0	0	88	0	1	0.2
##	100	0	0	88	mtdna	1
100	0	0	89	0	0	1	0	0.1295
100	0	0	89	0	0	0	0.1295	0.131567
100	0	0	89	0	0	1	0.131567	0.140328
100	0	0	89	0	0	0	0.140328	0.146675
100	0	0	89	0	0	1	0.146675	0.225842
100	0	0	89	0	0	0	0.225842	0.233606
100	0	0	89	0	0	1	0.233606	0.427
##	100	0	0	89	0	0	0.2
100	0	0	89	0	1	0	0	0.00134243
100	0	0	89	0	1	1	0.00134243	0.0820947
100	0	0	89	0	1	0	0.0820947	0.108999
100	0	0	89	0	1	1	0.108999	0.186795
100	0	0	89	0	1	0	0.186795	0.202247
100	0	0	89	0	1	1	0.202247	0.228222
100	0	0	89	0	1	0	0.228222	0.233173
100	0	0	89	0	1	1	0.233173	0.328904
100	0	0	89	0	1	0	0.328904	0.355413
100	0	0	89	0	1	1	0.355413	0.4045
100	0	0	89	0	1	0	0.4045	0.407115
100	0	0	89	0	1	1	0.407115	0.415811
100	0	0	89	0	1	0	0.415811	0.426594
100	0	0	89	0	1	1	0.426594	0.427
##	100	0	0	89	0	1
##	100	0	0	89	mtdna	1
100	0	0	90	0	0	1	0	0.0194669
100	0	0	90	0	0	0	0.0194669	0.0203305
100	0	0	90	0	0	1	0.0203305	0.0216776
100	0	0	90	0	0	0	0.0216776	0.0229905
100	0	0	90	0	0	1	0.0229905	0.0355128
100	0	0	90	0	0	0	0.0355128	0.042324
100	0	0	90	0	0	1	0.042324	0.0690399
100	0	0	90	0	0	0	0.0690399	0.0729486
100	0	0	90	0	0	1	0.0729486	0.152954
100	0	0	90	0	0	0	0.152954	0.153262
100	0	0	90	0	0	1	0.153262	0.312176
100	0	0	90	0	0	0	0.312176	0.338493
100	0	0	90	0	0	1	0.338493	0.388259
100	0	0	90	0	0	0	0.388259	0.392703
100	0	0	90	0	0	1	0.392703	0.405735
100	0	0	90	0	0	0	0.405735	0.406126
100	0	0	90	0	0	1	0.406126	0.427
##	100	0	0	90	0	0	0.2
100	0	0	90	0	1	1	0	0.0594239
100	0	0	90	0	1	0	0.0594239	0.0824255
100	0	0	90	0	1	1	0.0824255	0.228031
100	0	0	90	0	1	0	0.228031	0.263584
100	0	0	90	0	1	1	0.263584	0.277707
100	0	0	90	0	1	0	0.277707	0.286085
100	0	0	90	0	1	1	0.286085	0.397368
100	0	0	90	0	1	0	0.397368	0.427
##	100	0	0	90	0	1	0.2
##	100	0	0	90	mtdna	1
100	0	0	91	0	0	1	0	0.00034054
100	0	0	91	0	0	0	0.00034054	0.00941939
100	0	0	91	0	0	1	0.00941939	0.137197
100	0	0	91	0	0	0	0.137197	0.139333
100	0	0	91	0	0	1	0.139333	0.174604
100	0	0	91	0	0	0	0.174604	0.181667
100	0	0	91	0	0	1	0.181667	0.187205
100	0	0	91	0	0	0	0.187205	0.197157
100	0	0	91	0	0	1	0.197157	0.34443
100	0	0	91	0	0	0	0.34443	0.349281
100	0	0	91	0	0	1	0.349281	0.387535
100	0	0	91	0	0	0	0.387535	0.388849
100	0	0	91	0	0	1	0.388849	0.427
##	100	0	0	91	0	0	0.2
100	0	0	91	0	1	1	0	0.225321
100	0	0	91	0	1	0	0.225321	0.232213
100	0	0	91	0	1	1	0.232213	0.323585
100	0	0	91	0	1	0	0.323585	0.325121
100	0	0	91	0	1	1	0.325121	0.353733
100	0	0	91	0	1	0	0.353733	0.357125
100	0	0	91	0	1	1	0.357125	0.427
##	100	0	0	91	0	1	0.2
##	100	0	0	91	mtdna	1
100	0	0	92	0	0	1	0	0.0489808
100	0	0	92	0	0	0	0.0489808	0.0507465
100	0	0	92	0	0	1	0.0507465	0.0518659
100	0	0	92	0	0	0	0.0518659	0.0592818
100	0	0	92	0	0	1	0.0592818	0.349923
100	0	0	92	0	0	0	0.349923	0.350811
100	0	0	92	0	0	1	0.350811	0.392102
100	0	0	92	0	0	0	0.392102	0.405129
100	0	0	92	0	0	1	0.405129	0.427
##	100	0	0	92	0	0	0.2
100	0	0	92	0	1	1	0	0.0163206
100	0	0	92	0	1	0	0.0163206	0.0235355
100	0	0	92	0	1	1	0.0235355	0.0587303
100	0	0	92	0	1	0	0.0587303	0.0610414
100	0	0	92	0	1	1	0.0610414	0.194622
100	0	0	92	0	1	0	0.194622	0.210262
100	0	0	92	0	1	1	0.210262	0.411244
100	0	0	92	0	1	0	0.411244	0.414096
100	0	0	92	0	1	1	0.414096	0.427
##	100	0	0	92	0	1
##	100	0	0	92	mtdna	1
100	0	0	93	0	0	1	0	0.0876304
100	0	0	93	0	0	0	0.0876304	0.0979341
100	0	0	93	0	0	1	0.0979341	0.193111
100	0	0	93	0	0	0	0.193111	0.206099
100	0	0	93	0	0	1	0.206099	0.226478
100	0	0	93	0	0	0	0.226478	0.239066
100	0	0	93	0	0	1	0.239066	0.253998
100	0	0	93	0	0	0	0.253998	0.258352
100	0	0	93	0	0	1	0.258352	0.427
##	100	0	0	93	0	0
100	0	0	93	0	1	1	0	0.229745
100	0	0	93	0	1	0	0.229745	0.231795
100	0	0	93	0	1	1	0.231795	0.28055
100	0	0	93	0	1	0	0.28055	0.291166
100	0	0	93	0	1	1	0.291166	0.30917
100	0	0	93	0	1	0	0.30917	0.324368
100	0	0	93	0	1	1	0.324368	0.427
##	100	0	0	93	0	1	0.2
##	100	0	0	93	mtdna	1
100	0	0	94	0	0	1	0	0.0279028
100	0	0	94	0	0	0	0.0279028	0.0305731
100	0	0	94	0	0	1	0.0305731	0.0658037
100	0	0	94	0	0	0	0.0658037	0.0685682
100	0	0	94	0	0	1	0.0685682	0.173912
100	0	0	94	0	0	0	0.173912	0.17779
100	0	0	94	0	0	1	0.17779	0.353733
100	0	0	94	0	0	0	0.353733	0.355918
100	0	0	94	0	0	1	0.355918	0.39975
100	0	0	94	0	0	0	0.39975	0.412229
100	0	0	94	0	0	1	0.412229	0.427
##	100	0	0	94	0	0	0.2
100	0	0	94	0	1	1	0	0.0700905
100	0	0	94	0	1	0	0.0700905	0.0773322
100	0	0	94	0	1	1	0.0773322	0.196556
100	0	0	94	0	1	0	0.196556	0.210607
100	0	0	94	0	1	1	0.210607	0.403143
100	0	0	94	0	1	0	0.403143	0.407945
100	0	0	94	0	1	1	0.407945	0.427
##	100	0	0	94	0	1
##	100	0	0	94	mtdna	1
100	0	0	95	0	0	1	0	0.180933
100	0	0	95	0	0	0	0.180933	0.182568
100	0	0	95	0	0	1	0.182568	0.288804
100	0	0	95	0	0	0	0.288804	0.317039
100	0	0	95	0	0	1	0.317039	0.427
##	100	0	0	95	0	0	0.2
100	0	0	95	0	1	1	0	0.0511807
100	0	0	95	0	1	0	0.0511807	0.0533021
100	0	0	95	0	1	1	0.0533021	0.199173
100	0	0	95	0	1	0	0.199173	0.20387
100	0	0	95	0	1	1	0.20387	0.364428
100	0	0	95	0	1	0	0.364428	0.366458
100	0	0	95	0	1	1	0.366458	0.371506
100	0	0	95	0	1	0	0.371506	0.391141
100	0	0	95	0	1	1	0.391141	0.427
##	100	0	0	95	0	1
##	100	0	0	95	mtdna	1
100	0	0	96	0	0	1	0	0.226392
100	0	0	96	0	0	0	0.226392	0.239264
100	0	0	96	0	0	1	0.239264	0.399211
100	0	0	96	0	0	0	0.399211	0.402092
100	0	0	96	0	0	1	0.402092	0.427
##	100	0	0	96	0	0	0.2
100	0	0	96	0	1	1	0	0.141139
100	0	0	96	0	1	0	0.141139	0.172757
100	0	0	96	0	1	1	0.172757	0.222664
100	0	0	96	0	1	0	0.222664	0.225504
100	0	0	96	0	1	1	0.225504	0.247714
100	0	0	96	0	1	0	0.247714	0.266202
100	0	0	96	0	1	1	0.266202	0.323585
100	0	0	96	0	1	0	0.323585	0.325121
100	0	0	96	0	1	1	0.325121	0.427
##	100	0	0	96	0	1	0.2
##	100	0	0	96	mtdna	0
100	0	0	97	0	0	1	0	0.196257
100	0	0	97	0	0	0	0.196257	0.221806
100	0	0	97	0	0	1	0.221806	0.235492
100	0	0	97	0	0	0	0.235492	0.237701
100	0	0	97	0	0	1	0.237701	0.272217
100	0	0	97	0	0	0	0.272217	0.275821
100	0	0	97	0	0	1	0.275821	0.339826
100	0	0	97	0	0	0	0.339826	0.353763
100	0	0	97	0	0	1	0.353763	0.424761
100	0	0	97	0	0	0	0.424761	0.427
##	100	0	0	97	0	0
100	0	0	97	0	1	1	0	0.0292144
100	0	0	97	0	1	0	0.0292144	0.0625059
100	0	0	97	0	1	1	0.0625059	0.0820947
100	0	0	97	0	1	0	0.0820947	0.108999
100	0	0	97	0	1	1	0.108999	0.180172
100	0	0	97	0	1	0	0.180172	0.184197
100	0	0	97	0	1	1	0.184197	0.21725
100	0	0	97	0	1	0	0.21725	0.224029
100	0	0	97	0	1	1	0.224029	0.275959
100	0	0	97	0	1	0	0.275959	0.278773
100	0	0	97	0	1	1	0.278773	0.370272
100	0	0	97	0	1	0	0.370272	0.375026
100	0	0	97	0	1	1	0.375026	0.427
##	100	0	0	97	0	1	0.2
##	100	0	0	97	mtdna	1
100	0	0	98	0	0	1	0	0.0328115
100	0	0	98	0	0	0	0.0328115	0.060716
100	0	0	98	0	0	1	0.060716	0.278878
100	0	0	98	0	0	0	0.278878	0.297701
100	0	0	98	0	0	1	0.297701	0.353733
100	0	0	98	0	0	0	0.353733	0.357125
100	0	0	98	0	0	1	0.357125	0.378582
100	0	0	98	0	0	0	0.378582	0.384955
100	0	0	98	0	0	1	0.384955	0.427
##	100	0	0	98	0	0	0.2
100	0	0	98	0	1	1	0	0.250566
100	0	0	98	0	1	0	0.250566	0.265555
100	0	0	98	0	1	1	0.265555	0.287392
100	0	0	98	0	1	0	0.287392	0.304814
100	0	0	98	0	1	1	0.304814	0.427
##	100	0	0	98	0	1	0.2
##	100	0	0	98	mtdna	1
100	0	0	99	0	0	1	0	0.0402636
100	0	0	99	0	0	0	0.0402636	0.0404713
100	0	0	99	0	0	1	0.0404713	0.164606
100	0	0	99	0	0	0	0.164606	0.169378
100	0	0	99	0	0	1	0.169378	0.185973
100	0	0	99	0	0	0	0.185973	0.189371
100	0	0	99	0	0	1	0.189371	0.427
##	100	0	0	99	0	0	0.2
100	0	0	99	0	1	1	0	0.0981442
100	0	0	99	0	1	0	0.0981442	0.112199
100	0	0	99	0	1	1	0.112199	0.120511
100	0	0	99	0	1	0	0.120511	0.133633
100	0	0	99	0	1	1	0.133633	0.164712
100	0	0	99	0	1	0	0.164712	0.180941
100	0	0	99	0	1	1	0.180941	0.293131
100	0	0	99	0	1	0	0.293131	0.320125
100	0	0	99	0	1	1	0.320125	0.413351
100	0	0	99	0	1	0	0.413351	0.415899
100	0	0	99	0	1	1	0.415899	0.427
##	100	0	0	99	0	1	0.2
##	100	0	0	99	mtdna	1
100	0	0	100	0	0	1	0	0.0697284
100	0	0	100	0	0	0	0.0697284	0.0704
100	0	0	100	0	0	1	0.0704	0.090146
100	0	0	100	0	0	0	0.090146	0.0966696
100	0	0	100	0	0	1	0.0966696	0.232138
100	0	0	100	0	0	0	0.232138	0.270925
100	0	0	100	0	0	1	0.270925	0.300722
100	0	0	100	0	0	0	0.300722	0.323289
100	0	0	100	0	0	1	0.323289	0.427
##	100	0	0	100	0	0	0.2
100	0	0	100	0	1	1	0	0.0673542
100	0	0	100	0	1	0	0.0673542	0.0691691
100	0	0	100	0	1	1	0.0691691	0.110815
100	0	0	100	0	1	0	0.110815	0.118184
100	0	0	100	0	1	1	0.118184	0.163999
100	0	0	100	0	1	0	0.163999	0.165831
100	0	0	100	0	1	1	0.165831	0.176253
100	0	0	100	0	1	0	0.176253	0.178721
100	0	0	100	0	1	1	0.178721	0.187677
100	0	0	100	0	1	0	0.187677	0.192795
100	0	0	100	0	1	1	0.192795	0.193962
100	0	0	100	0	1	0	0.193962	0.208137
100	0	0	100	0	1	1	0.208137	0.228667
100	0	0	100	0	1	0	0.228667	0.256705
100	0	0	100	0	1	1	0.256705	0.427
##	100	0	0	100	0	1
##	100	0	0	100	mtdna	1
