100	0	0	1	0	0	1	0	0.1607
100	0	0	1	0	0	0	0.1607	0.177367
100	0	0	1	0	0	1	0.177367	0.220635
100	0	0	1	0	0	0	0.220635	0.226376
100	0	0	1	0	0	1	0.226376	0.327427
100	0	0	1	0	0	0	0.327427	0.330304
100	0	0	1	0	0	1	0.330304	0.394174
100	0	0	1	0	0	0	0.394174	0.407533
100	0	0	1	0	0	1	0.407533	0.427
##	100	0	0	1	0	0	0.2
100	0	0	1	0	1	1	0	0.0906354
100	0	0	1	0	1	0	0.0906354	0.0931695
100	0	0	1	0	1	1	0.0931695	0.209377
100	0	0	1	0	1	0	0.209377	0.271283
100	0	0	1	0	1	1	0.271283	0.386089
100	0	0	1	0	1	0	0.386089	0.427
##	100	0	0	1	0	1	0.2
##	100	0	0	1	mtdna	1
100	0	0	2	0	0	1	0	0.0249109
100	0	0	2	0	0	0	0.0249109	0.0326619
100	0	0	2	0	0	1	0.0326619	0.0552237
100	0	0	2	0	0	0	0.0552237	0.0571493
100	0	0	2	0	0	1	0.0571493	0.307959
100	0	0	2	0	0	0	0.307959	0.311578
100	0	0	2	0	0	1	0.311578	0.426869
100	0	0	2	0	0	0	0.426869	0.427
##	100	0	0	2	0	0	0.2
100	0	0	2	0	1	1	0	0.102123
100	0	0	2	0	1	0	0.102123	0.114827
100	0	0	2	0	1	1	0.114827	0.168539
100	0	0	2	0	1	0	0.168539	0.174841
100	0	0	2	0	1	1	0.174841	0.427
##	100	0	0	2	0	1	0.2
##	100	0	0	2	mtdna	1
100	0	0	3	0	0	1	0	0.262461
100	0	0	3	0	0	0	0.262461	0.262853
100	0	0	3	0	0	1	0.262853	0.427
##	100	0	0	3	0	0	0.2
100	0	0	3	0	1	1	0	0.0654242
100	0	0	3	0	1	0	0.0654242	0.10241
100	0	0	3	0	1	1	0.10241	0.241901
100	0	0	3	0	1	0	0.241901	0.250394
100	0	0	3	0	1	1	0.250394	0.353733
100	0	0	3	0	1	0	0.353733	0.38274
100	0	0	3	0	1	1	0.38274	0.427
##	100	0	0	3	0	1	0.2
##	100	0	0	3	mtdna	1
100	0	0	4	0	0	0	0	0.0249842
100	0	0	4	0	0	1	0.0249842	0.163633
100	0	0	4	0	0	0	0.163633	0.169365
100	0	0	4	0	0	1	0.169365	0.32087
100	0	0	4	0	0	0	0.32087	0.340344
100	0	0	4	0	0	1	0.340344	0.427
##	100	0	0	4	0	0	0.2
100	0	0	4	0	1	1	0	0.378285
100	0	0	4	0	1	0	0.378285	0.379807
100	0	0	4	0	1	1	0.379807	0.427
##	100	0	0	4	0	1	0.2
##	100	0	0	4	mtdna	1
100	0	0	5	0	0	1	0	0.0270551
100	0	0	5	0	0	0	0.0270551	0.027638
100	0	0	5	0	0	1	0.027638	0.0392323
100	0	0	5	0	0	0	0.0392323	0.062043
100	0	0	5	0	0	1	0.062043	0.174071
100	0	0	5	0	0	0	0.174071	0.184917
100	0	0	5	0	0	1	0.184917	0.427
##	100	0	0	5	0	0	0.2
100	0	0	5	0	1	1	0	0.0156024
100	0	0	5	0	1	0	0.0156024	0.0165846
100	0	0	5	0	1	1	0.0165846	0.0637439
100	0	0	5	0	1	0	0.0637439	0.0728478
100	0	0	5	0	1	1	0.0728478	0.167673
100	0	0	5	0	1	0	0.167673	0.168015
100	0	0	5	0	1	1	0.168015	0.295476
100	0	0	5	0	1	0	0.295476	0.295921
100	0	0	5	0	1	1	0.295921	0.403125
100	0	0	5	0	1	0	0.403125	0.412079
100	0	0	5	0	1	1	0.412079	0.427
##	100	0	0	5	0	1	0.2
##	100	0	0	5	mtdna	1
100	0	0	6	0	0	1	0	0.180578
100	0	0	6	0	0	0	0.180578	0.180782
100	0	0	6	0	0	1	0.180782	0.386082
100	0	0	6	0	0	0	0.386082	0.396468
100	0	0	6	0	0	1	0.396468	0.427
##	100	0	0	6	0	0	0.2
100	0	0	6	0	1	1	0	0.166826
100	0	0	6	0	1	0	0.166826	0.172821
100	0	0	6	0	1	1	0.172821	0.39765
100	0	0	6	0	1	0	0.39765	0.399585
100	0	0	6	0	1	1	0.399585	0.427
##	100	0	0	6	0	1	0.2
##	100	0	0	6	mtdna	1
100	0	0	7	0	0	1	0	0.111651
100	0	0	7	0	0	0	0.111651	0.123221
100	0	0	7	0	0	1	0.123221	0.128697
100	0	0	7	0	0	0	0.128697	0.147241
100	0	0	7	0	0	1	0.147241	0.427
##	100	0	0	7	0	0	0.2
100	0	0	7	0	1	1	0	0.228998
100	0	0	7	0	1	0	0.228998	0.231183
100	0	0	7	0	1	1	0.231183	0.254081
100	0	0	7	0	1	0	0.254081	0.264915
100	0	0	7	0	1	1	0.264915	0.427
##	100	0	0	7	0	1	0.2
##	100	0	0	7	mtdna	1
100	0	0	8	0	0	1	0	0.0830472
100	0	0	8	0	0	0	0.0830472	0.0875336
100	0	0	8	0	0	1	0.0875336	0.183739
100	0	0	8	0	0	0	0.183739	0.196117
100	0	0	8	0	0	1	0.196117	0.28377
100	0	0	8	0	0	0	0.28377	0.290497
100	0	0	8	0	0	1	0.290497	0.309528
100	0	0	8	0	0	0	0.309528	0.328804
100	0	0	8	0	0	1	0.328804	0.350114
100	0	0	8	0	0	0	0.350114	0.362441
100	0	0	8	0	0	1	0.362441	0.427
##	100	0	0	8	0	0	0.2
100	0	0	8	0	1	1	0	0.0705246
100	0	0	8	0	1	0	0.0705246	0.0805315
100	0	0	8	0	1	1	0.0805315	0.140549
100	0	0	8	0	1	0	0.140549	0.154209
100	0	0	8	0	1	1	0.154209	0.223466
100	0	0	8	0	1	0	0.223466	0.224465
100	0	0	8	0	1	1	0.224465	0.343178
100	0	0	8	0	1	0	0.343178	0.357298
100	0	0	8	0	1	1	0.357298	0.427
##	100	0	0	8	0	1	0.2
##	100	0	0	8	mtdna	0
100	0	0	9	0	0	1	0	0.0163381
100	0	0	9	0	0	0	0.0163381	0.0332416
100	0	0	9	0	0	1	0.0332416	0.0425653
100	0	0	9	0	0	0	0.0425653	0.0518757
100	0	0	9	0	0	1	0.0518757	0.10029
100	0	0	9	0	0	0	0.10029	0.100524
100	0	0	9	0	0	1	0.100524	0.113529
100	0	0	9	0	0	0	0.113529	0.130929
100	0	0	9	0	0	1	0.130929	0.229312
100	0	0	9	0	0	0	0.229312	0.240866
100	0	0	9	0	0	1	0.240866	0.297166
100	0	0	9	0	0	0	0.297166	0.305149
100	0	0	9	0	0	1	0.305149	0.312114
100	0	0	9	0	0	0	0.312114	0.321672
100	0	0	9	0	0	1	0.321672	0.427
##	100	0	0	9	0	0	0.2
100	0	0	9	0	1	0	0	0.00134243
100	0	0	9	0	1	1	0.00134243	0.0768474
100	0	0	9	0	1	0	0.0768474	0.108999
100	0	0	9	0	1	1	0.108999	0.166496
100	0	0	9	0	1	0	0.166496	0.176104
100	0	0	9	0	1	1	0.176104	0.307908
100	0	0	9	0	1	0	0.307908	0.334829
100	0	0	9	0	1	1	0.334829	0.355114
100	0	0	9	0	1	0	0.355114	0.371375
100	0	0	9	0	1	1	0.371375	0.427
##	100	0	0	9	0	1	0.2
##	100	0	0	9	mtdna	1
100	0	0	10	0	0	1	0	0.249977
100	0	0	10	0	0	0	0.249977	0.253321
100	0	0	10	0	0	1	0.253321	0.279967
100	0	0	10	0	0	0	0.279967	0.301771
100	0	0	10	0	0	1	0.301771	0.3773
100	0	0	10	0	0	0	0.3773	0.38827
100	0	0	10	0	0	1	0.38827	0.427
##	100	0	0	10	0	0	0.2
100	0	0	10	0	1	1	0	0.0221153
100	0	0	10	0	1	0	0.0221153	0.0231115
100	0	0	10	0	1	1	0.0231115	0.174426
100	0	0	10	0	1	0	0.174426	0.201792
100	0	0	10	0	1	1	0.201792	0.229312
100	0	0	10	0	1	0	0.229312	0.240894
100	0	0	10	0	1	1	0.240894	0.24633
100	0	0	10	0	1	0	0.24633	0.253406
100	0	0	10	0	1	1	0.253406	0.329654
100	0	0	10	0	1	0	0.329654	0.346694
100	0	0	10	0	1	1	0.346694	0.358618
100	0	0	10	0	1	0	0.358618	0.360141
100	0	0	10	0	1	1	0.360141	0.416774
100	0	0	10	0	1	0	0.416774	0.421828
100	0	0	10	0	1	1	0.421828	0.427
##	100	0	0	10	0	1
##	100	0	0	10	mtdna	1
100	0	0	11	0	0	1	0	0.0353327
100	0	0	11	0	0	0	0.0353327	0.0386644
100	0	0	11	0	0	1	0.0386644	0.0413016
100	0	0	11	0	0	0	0.0413016	0.0666954
100	0	0	11	0	0	1	0.0666954	0.220781
100	0	0	11	0	0	0	0.220781	0.250075
100	0	0	11	0	0	1	0.250075	0.293083
100	0	0	11	0	0	0	0.293083	0.320454
100	0	0	11	0	0	1	0.320454	0.427
##	100	0	0	11	0	0	0.2
100	0	0	11	0	1	0	0	0.0279868
100	0	0	11	0	1	1	0.0279868	0.0360432
100	0	0	11	0	1	0	0.0360432	0.068468
100	0	0	11	0	1	1	0.068468	0.0794322
100	0	0	11	0	1	0	0.0794322	0.082438
100	0	0	11	0	1	1	0.082438	0.107259
100	0	0	11	0	1	0	0.107259	0.123513
100	0	0	11	0	1	1	0.123513	0.186212
100	0	0	11	0	1	0	0.186212	0.202823
100	0	0	11	0	1	1	0.202823	0.21149
100	0	0	11	0	1	0	0.21149	0.216784
100	0	0	11	0	1	1	0.216784	0.356728
100	0	0	11	0	1	0	0.356728	0.361711
100	0	0	11	0	1	1	0.361711	0.427
##	100	0	0	11	0	1
##	100	0	0	11	mtdna	1
100	0	0	12	0	0	1	0	0.0840046
100	0	0	12	0	0	0	0.0840046	0.0962755
100	0	0	12	0	0	1	0.0962755	0.152268
100	0	0	12	0	0	0	0.152268	0.196023
100	0	0	12	0	0	1	0.196023	0.207782
100	0	0	12	0	0	0	0.207782	0.230103
100	0	0	12	0	0	1	0.230103	0.231052
100	0	0	12	0	0	0	0.231052	0.257638
100	0	0	12	0	0	1	0.257638	0.333755
100	0	0	12	0	0	0	0.333755	0.335212
100	0	0	12	0	0	1	0.335212	0.361572
100	0	0	12	0	0	0	0.361572	0.378041
100	0	0	12	0	0	1	0.378041	0.405997
100	0	0	12	0	0	0	0.405997	0.409171
100	0	0	12	0	0	1	0.409171	0.427
##	100	0	0	12	0	0	0.2
100	0	0	12	0	1	1	0	0.0564173
100	0	0	12	0	1	0	0.0564173	0.0609494
100	0	0	12	0	1	1	0.0609494	0.21865
100	0	0	12	0	1	0	0.21865	0.230008
100	0	0	12	0	1	1	0.230008	0.310948
100	0	0	12	0	1	0	0.310948	0.311052
100	0	0	12	0	1	1	0.311052	0.368722
100	0	0	12	0	1	0	0.368722	0.385605
100	0	0	12	0	1	1	0.385605	0.424895
100	0	0	12	0	1	0	0.424895	0.426221
100	0	0	12	0	1	1	0.426221	0.427
##	100	0	0	12	0	1	0.2
##	100	0	0	12	mtdna	1
100	0	0	13	0	0	0	0	0.00459415
100	0	0	13	0	0	1	0.00459415	0.0706636
100	0	0	13	0	0	0	0.0706636	0.0780992
100	0	0	13	0	0	1	0.0780992	0.0962671
100	0	0	13	0	0	0	0.0962671	0.105909
100	0	0	13	0	0	1	0.105909	0.173376
100	0	0	13	0	0	0	0.173376	0.19747
100	0	0	13	0	0	1	0.19747	0.427
##	100	0	0	13	0	0	0.2
100	0	0	13	0	1	1	0	0.00604933
100	0	0	13	0	1	0	0.00604933	0.0493869
100	0	0	13	0	1	1	0.0493869	0.0606076
100	0	0	13	0	1	0	0.0606076	0.0714473
100	0	0	13	0	1	1	0.0714473	0.107502
100	0	0	13	0	1	0	0.107502	0.113237
100	0	0	13	0	1	1	0.113237	0.216728
100	0	0	13	0	1	0	0.216728	0.224042
100	0	0	13	0	1	1	0.224042	0.262484
100	0	0	13	0	1	0	0.262484	0.275263
100	0	0	13	0	1	1	0.275263	0.276284
100	0	0	13	0	1	0	0.276284	0.289169
100	0	0	13	0	1	1	0.289169	0.427
##	100	0	0	13	0	1	0.2
##	100	0	0	13	mtdna	1
100	0	0	14	0	0	1	0	0.109104
100	0	0	14	0	0	0	0.109104	0.113929
100	0	0	14	0	0	1	0.113929	0.2925
100	0	0	14	0	0	0	0.2925	0.303136
100	0	0	14	0	0	1	0.303136	0.315082
100	0	0	14	0	0	0	0.315082	0.325901
100	0	0	14	0	0	1	0.325901	0.390248
100	0	0	14	0	0	0	0.390248	0.401523
100	0	0	14	0	0	1	0.401523	0.407116
100	0	0	14	0	0	0	0.407116	0.413502
100	0	0	14	0	0	1	0.413502	0.427
##	100	0	0	14	0	0	0.2
100	0	0	14	0	1	1	0	0.111468
100	0	0	14	0	1	0	0.111468	0.113529
100	0	0	14	0	1	1	0.113529	0.160588
100	0	0	14	0	1	0	0.160588	0.168511
100	0	0	14	0	1	1	0.168511	0.183921
100	0	0	14	0	1	0	0.183921	0.213753
100	0	0	14	0	1	1	0.213753	0.242752
100	0	0	14	0	1	0	0.242752	0.244358
100	0	0	14	0	1	1	0.244358	0.297891
100	0	0	14	0	1	0	0.297891	0.310442
100	0	0	14	0	1	1	0.310442	0.427
##	100	0	0	14	0	1
##	100	0	0	14	mtdna	1
100	0	0	15	0	0	0	0	0.0427815
100	0	0	15	0	0	1	0.0427815	0.0599817
100	0	0	15	0	0	0	0.0599817	0.0663085
100	0	0	15	0	0	1	0.0663085	0.103036
100	0	0	15	0	0	0	0.103036	0.125418
100	0	0	15	0	0	1	0.125418	0.132489
100	0	0	15	0	0	0	0.132489	0.134905
100	0	0	15	0	0	1	0.134905	0.148932
100	0	0	15	0	0	0	0.148932	0.166409
100	0	0	15	0	0	1	0.166409	0.264502
100	0	0	15	0	0	0	0.264502	0.284099
100	0	0	15	0	0	1	0.284099	0.384459
100	0	0	15	0	0	0	0.384459	0.406854
100	0	0	15	0	0	1	0.406854	0.427
##	100	0	0	15	0	0	0.2
100	0	0	15	0	1	1	0	0.0749207
100	0	0	15	0	1	0	0.0749207	0.0856826
100	0	0	15	0	1	1	0.0856826	0.1059
100	0	0	15	0	1	0	0.1059	0.115632
100	0	0	15	0	1	1	0.115632	0.23814
100	0	0	15	0	1	0	0.23814	0.245966
100	0	0	15	0	1	1	0.245966	0.322753
100	0	0	15	0	1	0	0.322753	0.333081
100	0	0	15	0	1	1	0.333081	0.427
##	100	0	0	15	0	1	0.2
##	100	0	0	15	mtdna	1
100	0	0	16	0	0	1	0	0.388306
100	0	0	16	0	0	0	0.388306	0.395428
100	0	0	16	0	0	1	0.395428	0.427
##	100	0	0	16	0	0	0.2
100	0	0	16	0	1	1	0	0.0390288
100	0	0	16	0	1	0	0.0390288	0.0714473
100	0	0	16	0	1	1	0.0714473	0.229505
100	0	0	16	0	1	0	0.229505	0.257556
100	0	0	16	0	1	1	0.257556	0.427
##	100	0	0	16	0	1	0.2
##	100	0	0	16	mtdna	1
100	0	0	17	0	0	1	0	0.170297
100	0	0	17	0	0	0	0.170297	0.187626
100	0	0	17	0	0	1	0.187626	0.250795
100	0	0	17	0	0	0	0.250795	0.27166
100	0	0	17	0	0	1	0.27166	0.375038
100	0	0	17	0	0	0	0.375038	0.388889
100	0	0	17	0	0	1	0.388889	0.427
##	100	0	0	17	0	0	0.2
100	0	0	17	0	1	1	0	0.0448684
100	0	0	17	0	1	0	0.0448684	0.0533021
100	0	0	17	0	1	1	0.0533021	0.156647
100	0	0	17	0	1	0	0.156647	0.160001
100	0	0	17	0	1	1	0.160001	0.340442
100	0	0	17	0	1	0	0.340442	0.346625
100	0	0	17	0	1	1	0.346625	0.427
##	100	0	0	17	0	1	0.2
##	100	0	0	17	mtdna	1
100	0	0	18	0	0	1	0	0.0927525
100	0	0	18	0	0	0	0.0927525	0.117073
100	0	0	18	0	0	1	0.117073	0.40335
100	0	0	18	0	0	0	0.40335	0.403963
100	0	0	18	0	0	1	0.403963	0.427
##	100	0	0	18	0	0	0.2
100	0	0	18	0	1	1	0	0.138948
100	0	0	18	0	1	0	0.138948	0.159106
100	0	0	18	0	1	1	0.159106	0.190002
100	0	0	18	0	1	0	0.190002	0.204982
100	0	0	18	0	1	1	0.204982	0.271848
100	0	0	18	0	1	0	0.271848	0.286849
100	0	0	18	0	1	1	0.286849	0.297222
100	0	0	18	0	1	0	0.297222	0.301581
100	0	0	18	0	1	1	0.301581	0.427
##	100	0	0	18	0	1
##	100	0	0	18	mtdna	1
100	0	0	19	0	0	1	0	0.0521678
100	0	0	19	0	0	0	0.0521678	0.0543255
100	0	0	19	0	0	1	0.0543255	0.0989846
100	0	0	19	0	0	0	0.0989846	0.100787
100	0	0	19	0	0	1	0.100787	0.301915
100	0	0	19	0	0	0	0.301915	0.302348
100	0	0	19	0	0	1	0.302348	0.427
##	100	0	0	19	0	0	0.2
100	0	0	19	0	1	1	0	0.00358246
100	0	0	19	0	1	0	0.00358246	0.0187345
100	0	0	19	0	1	1	0.0187345	0.1208
100	0	0	19	0	1	0	0.1208	0.13644
100	0	0	19	0	1	1	0.13644	0.227607
100	0	0	19	0	1	0	0.227607	0.228025
100	0	0	19	0	1	1	0.228025	0.26097
100	0	0	19	0	1	0	0.26097	0.267087
100	0	0	19	0	1	1	0.267087	0.270689
100	0	0	19	0	1	0	0.270689	0.291199
100	0	0	19	0	1	1	0.291199	0.30184
100	0	0	19	0	1	0	0.30184	0.30429
100	0	0	19	0	1	1	0.30429	0.427
##	100	0	0	19	0	1	0.2
##	100	0	0	19	mtdna	1
100	0	0	20	0	0	1	0	0.0983044
100	0	0	20	0	0	0	0.0983044	0.108152
100	0	0	20	0	0	1	0.108152	0.171418
100	0	0	20	0	0	0	0.171418	0.175518
100	0	0	20	0	0	1	0.175518	0.294284
100	0	0	20	0	0	0	0.294284	0.308189
100	0	0	20	0	0	1	0.308189	0.37407
100	0	0	20	0	0	0	0.37407	0.390894
100	0	0	20	0	0	1	0.390894	0.405171
100	0	0	20	0	0	0	0.405171	0.417464
100	0	0	20	0	0	1	0.417464	0.427
##	100	0	0	20	0	0	0.2
100	0	0	20	0	1	1	0	0.0211347
100	0	0	20	0	1	0	0.0211347	0.0403034
100	0	0	20	0	1	1	0.0403034	0.0530926
100	0	0	20	0	1	0	0.0530926	0.0613313
100	0	0	20	0	1	1	0.0613313	0.143524
100	0	0	20	0	1	0	0.143524	0.150613
100	0	0	20	0	1	1	0.150613	0.165109
100	0	0	20	0	1	0	0.165109	0.170727
100	0	0	20	0	1	1	0.170727	0.226717
100	0	0	20	0	1	0	0.226717	0.22915
100	0	0	20	0	1	1	0.22915	0.248029
100	0	0	20	0	1	0	0.248029	0.267088
100	0	0	20	0	1	1	0.267088	0.361834
100	0	0	20	0	1	0	0.361834	0.400198
100	0	0	20	0	1	1	0.400198	0.427
##	100	0	0	20	0	1	0.2
##	100	0	0	20	mtdna	1
100	0	0	21	0	0	0	0	0.0111385
100	0	0	21	0	0	1	0.0111385	0.0338909
100	0	0	21	0	0	0	0.0338909	0.052419
100	0	0	21	0	0	1	0.052419	0.0978558
100	0	0	21	0	0	0	0.0978558	0.106102
100	0	0	21	0	0	1	0.106102	0.114283
100	0	0	21	0	0	0	0.114283	0.121264
100	0	0	21	0	0	1	0.121264	0.236552
100	0	0	21	0	0	0	0.236552	0.254702
100	0	0	21	0	0	1	0.254702	0.278441
100	0	0	21	0	0	0	0.278441	0.295759
100	0	0	21	0	0	1	0.295759	0.362608
100	0	0	21	0	0	0	0.362608	0.36329
100	0	0	21	0	0	1	0.36329	0.391153
100	0	0	21	0	0	0	0.391153	0.427
##	100	0	0	21	0	0	0.2
100	0	0	21	0	1	0	0	0.0298753
100	0	0	21	0	1	1	0.0298753	0.0355018
100	0	0	21	0	1	0	0.0355018	0.0394761
100	0	0	21	0	1	1	0.0394761	0.269063
100	0	0	21	0	1	0	0.269063	0.284576
100	0	0	21	0	1	1	0.284576	0.304054
100	0	0	21	0	1	0	0.304054	0.32004
100	0	0	21	0	1	1	0.32004	0.427
##	100	0	0	21	0	1	0.2
##	100	0	0	21	mtdna	1
100	0	0	22	0	0	1	0	0.0188462
100	0	0	22	0	0	0	0.0188462	0.0367961
100	0	0	22	0	0	1	0.0367961	0.119294
100	0	0	22	0	0	0	0.119294	0.121811
100	0	0	22	0	0	1	0.121811	0.244486
100	0	0	22	0	0	0	0.244486	0.258941
100	0	0	22	0	0	1	0.258941	0.325887
100	0	0	22	0	0	0	0.325887	0.331828
100	0	0	22	0	0	1	0.331828	0.332686
100	0	0	22	0	0	0	0.332686	0.333342
100	0	0	22	0	0	1	0.333342	0.427
##	100	0	0	22	0	0	0.2
100	0	0	22	0	1	1	0	0.129492
100	0	0	22	0	1	0	0.129492	0.141086
100	0	0	22	0	1	1	0.141086	0.18396
100	0	0	22	0	1	0	0.18396	0.188256
100	0	0	22	0	1	1	0.188256	0.247586
100	0	0	22	0	1	0	0.247586	0.281212
100	0	0	22	0	1	1	0.281212	0.351015
100	0	0	22	0	1	0	0.351015	0.35632
100	0	0	22	0	1	1	0.35632	0.399892
100	0	0	22	0	1	0	0.399892	0.416359
100	0	0	22	0	1	1	0.416359	0.427
##	100	0	0	22	0	1	0.2
##	100	0	0	22	mtdna	1
100	0	0	23	0	0	0	0	0.00425538
100	0	0	23	0	0	1	0.00425538	0.272172
100	0	0	23	0	0	0	0.272172	0.29122
100	0	0	23	0	0	1	0.29122	0.302639
100	0	0	23	0	0	0	0.302639	0.325269
100	0	0	23	0	0	1	0.325269	0.427
##	100	0	0	23	0	0	0.2
100	0	0	23	0	1	1	0	0.0692766
100	0	0	23	0	1	0	0.0692766	0.0792607
100	0	0	23	0	1	1	0.0792607	0.0799885
100	0	0	23	0	1	0	0.0799885	0.0886272
100	0	0	23	0	1	1	0.0886272	0.206468
100	0	0	23	0	1	0	0.206468	0.227356
100	0	0	23	0	1	1	0.227356	0.270832
100	0	0	23	0	1	0	0.270832	0.284771
100	0	0	23	0	1	1	0.284771	0.315959
100	0	0	23	0	1	0	0.315959	0.32272
100	0	0	23	0	1	1	0.32272	0.334864
100	0	0	23	0	1	0	0.334864	0.360559
100	0	0	23	0	1	1	0.360559	0.427
##	100	0	0	23	0	1	0.2
##	100	0	0	23	mtdna	1
100	0	0	24	0	0	1	0	0.0511807
100	0	0	24	0	0	0	0.0511807	0.0533021
100	0	0	24	0	0	1	0.0533021	0.186957
100	0	0	24	0	0	0	0.186957	0.19067
100	0	0	24	0	0	1	0.19067	0.229723
100	0	0	24	0	0	0	0.229723	0.245278
100	0	0	24	0	0	1	0.245278	0.251044
100	0	0	24	0	0	0	0.251044	0.272645
100	0	0	24	0	0	1	0.272645	0.314784
100	0	0	24	0	0	0	0.314784	0.33821
100	0	0	24	0	0	1	0.33821	0.408378
100	0	0	24	0	0	0	0.408378	0.411495
100	0	0	24	0	0	1	0.411495	0.427
##	100	0	0	24	0	0	0.2
100	0	0	24	0	1	1	0	0.00961108
100	0	0	24	0	1	0	0.00961108	0.0125585
100	0	0	24	0	1	1	0.0125585	0.108628
100	0	0	24	0	1	0	0.108628	0.114571
100	0	0	24	0	1	1	0.114571	0.13197
100	0	0	24	0	1	0	0.13197	0.132606
100	0	0	24	0	1	1	0.132606	0.173743
100	0	0	24	0	1	0	0.173743	0.187626
100	0	0	24	0	1	1	0.187626	0.351583
100	0	0	24	0	1	0	0.351583	0.38526
100	0	0	24	0	1	1	0.38526	0.427
##	100	0	0	24	0	1	0.2
##	100	0	0	24	mtdna	1
100	0	0	25	0	0	1	0	0.0543591
100	0	0	25	0	0	0	0.0543591	0.0656296
100	0	0	25	0	0	1	0.0656296	0.199625
100	0	0	25	0	0	0	0.199625	0.211064
100	0	0	25	0	0	1	0.211064	0.240614
100	0	0	25	0	0	0	0.240614	0.245742
100	0	0	25	0	0	1	0.245742	0.319793
100	0	0	25	0	0	0	0.319793	0.319987
100	0	0	25	0	0	1	0.319987	0.391354
100	0	0	25	0	0	0	0.391354	0.40558
100	0	0	25	0	0	1	0.40558	0.420081
100	0	0	25	0	0	0	0.420081	0.42024
100	0	0	25	0	0	1	0.42024	0.427
##	100	0	0	25	0	0
100	0	0	25	0	1	1	0	0.194027
100	0	0	25	0	1	0	0.194027	0.202764
100	0	0	25	0	1	1	0.202764	0.234918
100	0	0	25	0	1	0	0.234918	0.250156
100	0	0	25	0	1	1	0.250156	0.30618
100	0	0	25	0	1	0	0.30618	0.336007
100	0	0	25	0	1	1	0.336007	0.339255
100	0	0	25	0	1	0	0.339255	0.343088
100	0	0	25	0	1	1	0.343088	0.35618
100	0	0	25	0	1	0	0.35618	0.35857
100	0	0	25	0	1	1	0.35857	0.394257
100	0	0	25	0	1	0	0.394257	0.407054
100	0	0	25	0	1	1	0.407054	0.427
##	100	0	0	25	0	1
##	100	0	0	25	mtdna	1
100	0	0	26	0	0	1	0	0.144141
100	0	0	26	0	0	0	0.144141	0.149398
100	0	0	26	0	0	1	0.149398	0.226717
100	0	0	26	0	0	0	0.226717	0.22915
100	0	0	26	0	0	1	0.22915	0.427
##	100	0	0	26	0	0	0.2
100	0	0	26	0	1	1	0	0.0568353
100	0	0	26	0	1	0	0.0568353	0.0709755
100	0	0	26	0	1	1	0.0709755	0.268209
100	0	0	26	0	1	0	0.268209	0.302927
100	0	0	26	0	1	1	0.302927	0.427
##	100	0	0	26	0	1	0.2
##	100	0	0	26	mtdna	1
100	0	0	27	0	0	1	0	0.120262
100	0	0	27	0	0	0	0.120262	0.143372
100	0	0	27	0	0	1	0.143372	0.316942
100	0	0	27	0	0	0	0.316942	0.332685
100	0	0	27	0	0	1	0.332685	0.37242
100	0	0	27	0	0	0	0.37242	0.374828
100	0	0	27	0	0	1	0.374828	0.427
##	100	0	0	27	0	0	0.2
100	0	0	27	0	1	1	0	0.0906822
100	0	0	27	0	1	0	0.0906822	0.101487
100	0	0	27	0	1	1	0.101487	0.181483
100	0	0	27	0	1	0	0.181483	0.196075
100	0	0	27	0	1	1	0.196075	0.373507
100	0	0	27	0	1	0	0.373507	0.398198
100	0	0	27	0	1	1	0.398198	0.427
##	100	0	0	27	0	1	0.2
##	100	0	0	27	mtdna	1
100	0	0	28	0	0	1	0	0.225538
100	0	0	28	0	0	0	0.225538	0.236555
100	0	0	28	0	0	1	0.236555	0.352443
100	0	0	28	0	0	0	0.352443	0.38206
100	0	0	28	0	0	1	0.38206	0.427
##	100	0	0	28	0	0	0.2
100	0	0	28	0	1	1	0	0.0262412
100	0	0	28	0	1	0	0.0262412	0.0276498
100	0	0	28	0	1	1	0.0276498	0.153201
100	0	0	28	0	1	0	0.153201	0.153214
100	0	0	28	0	1	1	0.153214	0.157648
100	0	0	28	0	1	0	0.157648	0.171996
100	0	0	28	0	1	1	0.171996	0.245325
100	0	0	28	0	1	0	0.245325	0.264044
100	0	0	28	0	1	1	0.264044	0.283232
100	0	0	28	0	1	0	0.283232	0.29376
100	0	0	28	0	1	1	0.29376	0.427
##	100	0	0	28	0	1	0.2
##	100	0	0	28	mtdna	1
100	0	0	29	0	0	1	0	0.0696536
100	0	0	29	0	0	0	0.0696536	0.079193
100	0	0	29	0	0	1	0.079193	0.0864147
100	0	0	29	0	0	0	0.0864147	0.0869534
100	0	0	29	0	0	1	0.0869534	0.093785
100	0	0	29	0	0	0	0.093785	0.105358
100	0	0	29	0	0	1	0.105358	0.353012
100	0	0	29	0	0	0	0.353012	0.364669
100	0	0	29	0	0	1	0.364669	0.370026
100	0	0	29	0	0	0	0.370026	0.394671
100	0	0	29	0	0	1	0.394671	0.403546
100	0	0	29	0	0	0	0.403546	0.410915
100	0	0	29	0	0	1	0.410915	0.427
##	100	0	0	29	0	0	0.2
100	0	0	29	0	1	1	0	0.0167072
100	0	0	29	0	1	0	0.0167072	0.0588738
100	0	0	29	0	1	1	0.0588738	0.0930996
100	0	0	29	0	1	0	0.0930996	0.15334
100	0	0	29	0	1	1	0.15334	0.375038
100	0	0	29	0	1	0	0.375038	0.388889
100	0	0	29	0	1	1	0.388889	0.427
##	100	0	0	29	0	1	0.2
##	100	0	0	29	mtdna	1
100	0	0	30	0	0	1	0	0.0467479
100	0	0	30	0	0	0	0.0467479	0.0480808
100	0	0	30	0	0	1	0.0480808	0.0564979
100	0	0	30	0	0	0	0.0564979	0.0610189
100	0	0	30	0	0	1	0.0610189	0.0634585
100	0	0	30	0	0	0	0.0634585	0.0699422
100	0	0	30	0	0	1	0.0699422	0.0706033
100	0	0	30	0	0	0	0.0706033	0.0753163
100	0	0	30	0	0	1	0.0753163	0.147985
100	0	0	30	0	0	0	0.147985	0.167815
100	0	0	30	0	0	1	0.167815	0.21648
100	0	0	30	0	0	0	0.21648	0.253856
100	0	0	30	0	0	1	0.253856	0.416473
100	0	0	30	0	0	0	0.416473	0.418524
100	0	0	30	0	0	1	0.418524	0.427
##	100	0	0	30	0	0	0.2
100	0	0	30	0	1	1	0	0.0560617
100	0	0	30	0	1	0	0.0560617	0.060641
100	0	0	30	0	1	1	0.060641	0.0723943
100	0	0	30	0	1	0	0.0723943	0.0822429
100	0	0	30	0	1	1	0.0822429	0.22693
100	0	0	30	0	1	0	0.22693	0.230385
100	0	0	30	0	1	1	0.230385	0.361486
100	0	0	30	0	1	0	0.361486	0.376285
100	0	0	30	0	1	1	0.376285	0.427
##	100	0	0	30	0	1	0.2
##	100	0	0	30	mtdna	1
100	0	0	31	0	0	1	0	0.0281854
100	0	0	31	0	0	0	0.0281854	0.0437229
100	0	0	31	0	0	1	0.0437229	0.286611
100	0	0	31	0	0	0	0.286611	0.307656
100	0	0	31	0	0	1	0.307656	0.322578
100	0	0	31	0	0	0	0.322578	0.327663
100	0	0	31	0	0	1	0.327663	0.332027
100	0	0	31	0	0	0	0.332027	0.334299
100	0	0	31	0	0	1	0.334299	0.427
##	100	0	0	31	0	0	0.2
100	0	0	31	0	1	0	0	0.00581269
100	0	0	31	0	1	1	0.00581269	0.0904142
100	0	0	31	0	1	0	0.0904142	0.107518
100	0	0	31	0	1	1	0.107518	0.222009
100	0	0	31	0	1	0	0.222009	0.256191
100	0	0	31	0	1	1	0.256191	0.427
##	100	0	0	31	0	1	0.2
##	100	0	0	31	mtdna	1
100	0	0	32	0	0	1	0	0.214121
100	0	0	32	0	0	0	0.214121	0.220214
100	0	0	32	0	0	1	0.220214	0.337
100	0	0	32	0	0	0	0.337	0.338129
100	0	0	32	0	0	1	0.338129	0.427
##	100	0	0	32	0	0	0.2
100	0	0	32	0	1	0	0	0.00562824
100	0	0	32	0	1	1	0.00562824	0.0405231
100	0	0	32	0	1	0	0.0405231	0.0589861
100	0	0	32	0	1	1	0.0589861	0.0930611
100	0	0	32	0	1	0	0.0930611	0.10241
100	0	0	32	0	1	1	0.10241	0.165862
100	0	0	32	0	1	0	0.165862	0.172256
100	0	0	32	0	1	1	0.172256	0.199198
100	0	0	32	0	1	0	0.199198	0.202264
100	0	0	32	0	1	1	0.202264	0.274628
100	0	0	32	0	1	0	0.274628	0.330601
100	0	0	32	0	1	1	0.330601	0.427
##	100	0	0	32	0	1
##	100	0	0	32	mtdna	1
100	0	0	33	0	0	1	0	0.117643
100	0	0	33	0	0	0	0.117643	0.12385
100	0	0	33	0	0	1	0.12385	0.130104
100	0	0	33	0	0	0	0.130104	0.142715
100	0	0	33	0	0	1	0.142715	0.181917
100	0	0	33	0	0	0	0.181917	0.186809
100	0	0	33	0	0	1	0.186809	0.190222
100	0	0	33	0	0	0	0.190222	0.20277
100	0	0	33	0	0	1	0.20277	0.283704
100	0	0	33	0	0	0	0.283704	0.313045
100	0	0	33	0	0	1	0.313045	0.427
##	100	0	0	33	0	0
100	0	0	33	0	1	1	0	0.00278503
100	0	0	33	0	1	0	0.00278503	0.0191129
100	0	0	33	0	1	1	0.0191129	0.0264313
100	0	0	33	0	1	0	0.0264313	0.0294198
100	0	0	33	0	1	1	0.0294198	0.329213
100	0	0	33	0	1	0	0.329213	0.355909
100	0	0	33	0	1	1	0.355909	0.365309
100	0	0	33	0	1	0	0.365309	0.377541
100	0	0	33	0	1	1	0.377541	0.427
##	100	0	0	33	0	1	0.2
##	100	0	0	33	mtdna	1
100	0	0	34	0	0	0	0	0.0033887
100	0	0	34	0	0	1	0.0033887	0.00974795
100	0	0	34	0	0	0	0.00974795	0.0201089
100	0	0	34	0	0	1	0.0201089	0.0854356
100	0	0	34	0	0	0	0.0854356	0.105795
100	0	0	34	0	0	1	0.105795	0.109104
100	0	0	34	0	0	0	0.109104	0.122917
100	0	0	34	0	0	1	0.122917	0.206865
100	0	0	34	0	0	0	0.206865	0.235777
100	0	0	34	0	0	1	0.235777	0.336006
100	0	0	34	0	0	0	0.336006	0.337162
100	0	0	34	0	0	1	0.337162	0.372015
100	0	0	34	0	0	0	0.372015	0.395315
100	0	0	34	0	0	1	0.395315	0.42671
100	0	0	34	0	0	0	0.42671	0.427
##	100	0	0	34	0	0	0.2
100	0	0	34	0	1	1	0	0.0826425
100	0	0	34	0	1	0	0.0826425	0.0963913
100	0	0	34	0	1	1	0.0963913	0.231052
100	0	0	34	0	1	0	0.231052	0.241655
100	0	0	34	0	1	1	0.241655	0.3519
100	0	0	34	0	1	0	0.3519	0.353268
100	0	0	34	0	1	1	0.353268	0.427
##	100	0	0	34	0	1	0.2
##	100	0	0	34	mtdna	1
100	0	0	35	0	0	1	0	0.0500865
100	0	0	35	0	0	0	0.0500865	0.108999
100	0	0	35	0	0	1	0.108999	0.222664
100	0	0	35	0	0	0	0.222664	0.239066
100	0	0	35	0	0	1	0.239066	0.290434
100	0	0	35	0	0	0	0.290434	0.291439
100	0	0	35	0	0	1	0.291439	0.427
##	100	0	0	35	0	0	0.2
100	0	0	35	0	1	1	0	0.044739
100	0	0	35	0	1	0	0.044739	0.0490428
100	0	0	35	0	1	1	0.0490428	0.0969233
100	0	0	35	0	1	0	0.0969233	0.116192
100	0	0	35	0	1	1	0.116192	0.238173
100	0	0	35	0	1	0	0.238173	0.239466
100	0	0	35	0	1	1	0.239466	0.427
##	100	0	0	35	0	1	0.2
##	100	0	0	35	mtdna	1
100	0	0	36	0	0	1	0	0.191404
100	0	0	36	0	0	0	0.191404	0.194574
100	0	0	36	0	0	1	0.194574	0.252275
100	0	0	36	0	0	0	0.252275	0.257312
100	0	0	36	0	0	1	0.257312	0.332993
100	0	0	36	0	0	0	0.332993	0.343822
100	0	0	36	0	0	1	0.343822	0.354073
100	0	0	36	0	0	0	0.354073	0.359546
100	0	0	36	0	0	1	0.359546	0.383441
100	0	0	36	0	0	0	0.383441	0.390218
100	0	0	36	0	0	1	0.390218	0.427
##	100	0	0	36	0	0	0.2
100	0	0	36	0	1	1	0	0.0123521
100	0	0	36	0	1	0	0.0123521	0.0173002
100	0	0	36	0	1	1	0.0173002	0.109402
100	0	0	36	0	1	0	0.109402	0.116967
100	0	0	36	0	1	1	0.116967	0.237456
100	0	0	36	0	1	0	0.237456	0.249391
100	0	0	36	0	1	1	0.249391	0.427
##	100	0	0	36	0	1	0.2
##	100	0	0	36	mtdna	1
100	0	0	37	0	0	1	0	0.126193
100	0	0	37	0	0	0	0.126193	0.132208
100	0	0	37	0	0	1	0.132208	0.427
##	100	0	0	37	0	0	0.2
100	0	0	37	0	1	0	0	0.00134243
100	0	0	37	0	1	1	0.00134243	0.117723
100	0	0	37	0	1	0	0.117723	0.125256
100	0	0	37	0	1	1	0.125256	0.258256
100	0	0	37	0	1	0	0.258256	0.261635
100	0	0	37	0	1	1	0.261635	0.28262
100	0	0	37	0	1	0	0.28262	0.289204
100	0	0	37	0	1	1	0.289204	0.406837
100	0	0	37	0	1	0	0.406837	0.427
##	100	0	0	37	0	1	0.2
##	100	0	0	37	mtdna	1
100	0	0	38	0	0	1	0	0.0463712
100	0	0	38	0	0	0	0.0463712	0.071878
100	0	0	38	0	0	1	0.071878	0.122668
100	0	0	38	0	0	0	0.122668	0.122965
100	0	0	38	0	0	1	0.122965	0.247814
100	0	0	38	0	0	0	0.247814	0.275821
100	0	0	38	0	0	1	0.275821	0.312176
100	0	0	38	0	0	0	0.312176	0.338493
100	0	0	38	0	0	1	0.338493	0.381963
100	0	0	38	0	0	0	0.381963	0.411573
100	0	0	38	0	0	1	0.411573	0.427
##	100	0	0	38	0	0	0.2
100	0	0	38	0	1	1	0	0.106158
100	0	0	38	0	1	0	0.106158	0.12962
100	0	0	38	0	1	1	0.12962	0.271307
100	0	0	38	0	1	0	0.271307	0.273056
100	0	0	38	0	1	1	0.273056	0.283962
100	0	0	38	0	1	0	0.283962	0.310835
100	0	0	38	0	1	1	0.310835	0.427
##	100	0	0	38	0	1	0.2
##	100	0	0	38	mtdna	1
100	0	0	39	0	0	0	0	0.00459415
100	0	0	39	0	0	1	0.00459415	0.0264171
100	0	0	39	0	0	0	0.0264171	0.0326184
100	0	0	39	0	0	1	0.0326184	0.0800284
100	0	0	39	0	0	0	0.0800284	0.081141
100	0	0	39	0	0	1	0.081141	0.0942643
100	0	0	39	0	0	0	0.0942643	0.103369
100	0	0	39	0	0	1	0.103369	0.226894
100	0	0	39	0	0	0	0.226894	0.234967
100	0	0	39	0	0	1	0.234967	0.243811
100	0	0	39	0	0	0	0.243811	0.247733
100	0	0	39	0	0	1	0.247733	0.25088
100	0	0	39	0	0	0	0.25088	0.263669
100	0	0	39	0	0	1	0.263669	0.427
##	100	0	0	39	0	0	0.2
100	0	0	39	0	1	1	0	0.0207212
100	0	0	39	0	1	0	0.0207212	0.0334943
100	0	0	39	0	1	1	0.0334943	0.195445
100	0	0	39	0	1	0	0.195445	0.20389
100	0	0	39	0	1	1	0.20389	0.344664
100	0	0	39	0	1	0	0.344664	0.353865
100	0	0	39	0	1	1	0.353865	0.397964
100	0	0	39	0	1	0	0.397964	0.401496
100	0	0	39	0	1	1	0.401496	0.427
##	100	0	0	39	0	1
##	100	0	0	39	mtdna	1
100	0	0	40	0	0	1	0	0.0246498
100	0	0	40	0	0	0	0.0246498	0.0404713
100	0	0	40	0	0	1	0.0404713	0.301915
100	0	0	40	0	0	0	0.301915	0.302348
100	0	0	40	0	0	1	0.302348	0.427
##	100	0	0	40	0	0	0.2
100	0	0	40	0	1	1	0	0.0701581
100	0	0	40	0	1	0	0.0701581	0.0963913
100	0	0	40	0	1	1	0.0963913	0.19839
100	0	0	40	0	1	0	0.19839	0.202768
100	0	0	40	0	1	1	0.202768	0.248757
100	0	0	40	0	1	0	0.248757	0.254731
100	0	0	40	0	1	1	0.254731	0.427
##	100	0	0	40	0	1
##	100	0	0	40	mtdna	1
100	0	0	41	0	0	0	0	0.0141216
100	0	0	41	0	0	1	0.0141216	0.0639449
100	0	0	41	0	0	0	0.0639449	0.0757187
100	0	0	41	0	0	1	0.0757187	0.0980969
100	0	0	41	0	0	0	0.0980969	0.101361
100	0	0	41	0	0	1	0.101361	0.167224
100	0	0	41	0	0	0	0.167224	0.172561
100	0	0	41	0	0	1	0.172561	0.297542
100	0	0	41	0	0	0	0.297542	0.30485
100	0	0	41	0	0	1	0.30485	0.341056
100	0	0	41	0	0	0	0.341056	0.356597
100	0	0	41	0	0	1	0.356597	0.360695
100	0	0	41	0	0	0	0.360695	0.390547
100	0	0	41	0	0	1	0.390547	0.427
##	100	0	0	41	0	0	0.2
100	0	0	41	0	1	1	0	0.0993498
100	0	0	41	0	1	0	0.0993498	0.118607
100	0	0	41	0	1	1	0.118607	0.268987
100	0	0	41	0	1	0	0.268987	0.281027
100	0	0	41	0	1	1	0.281027	0.375305
100	0	0	41	0	1	0	0.375305	0.389518
100	0	0	41	0	1	1	0.389518	0.425386
100	0	0	41	0	1	0	0.425386	0.427
##	100	0	0	41	0	1	0.2
##	100	0	0	41	mtdna	1
100	0	0	42	0	0	1	0	0.0954896
100	0	0	42	0	0	0	0.0954896	0.11706
100	0	0	42	0	0	1	0.11706	0.137279
100	0	0	42	0	0	0	0.137279	0.150985
100	0	0	42	0	0	1	0.150985	0.221354
100	0	0	42	0	0	0	0.221354	0.226036
100	0	0	42	0	0	1	0.226036	0.269476
100	0	0	42	0	0	0	0.269476	0.270069
100	0	0	42	0	0	1	0.270069	0.332522
100	0	0	42	0	0	0	0.332522	0.336912
100	0	0	42	0	0	1	0.336912	0.382886
100	0	0	42	0	0	0	0.382886	0.384291
100	0	0	42	0	0	1	0.384291	0.427
##	100	0	0	42	0	0	0.2
100	0	0	42	0	1	1	0	0.0142783
100	0	0	42	0	1	0	0.0142783	0.0229177
100	0	0	42	0	1	1	0.0229177	0.261385
100	0	0	42	0	1	0	0.261385	0.262436
100	0	0	42	0	1	1	0.262436	0.27186
100	0	0	42	0	1	0	0.27186	0.273947
100	0	0	42	0	1	1	0.273947	0.424871
100	0	0	42	0	1	0	0.424871	0.427
##	100	0	0	42	0	1	0.2
##	100	0	0	42	mtdna	1
100	0	0	43	0	0	0	0	0.00908292
100	0	0	43	0	0	1	0.00908292	0.145238
100	0	0	43	0	0	0	0.145238	0.174231
100	0	0	43	0	0	1	0.174231	0.252827
100	0	0	43	0	0	0	0.252827	0.253592
100	0	0	43	0	0	1	0.253592	0.286111
100	0	0	43	0	0	0	0.286111	0.288243
100	0	0	43	0	0	1	0.288243	0.331398
100	0	0	43	0	0	0	0.331398	0.336663
100	0	0	43	0	0	1	0.336663	0.38459
100	0	0	43	0	0	0	0.38459	0.384729
100	0	0	43	0	0	1	0.384729	0.416257
100	0	0	43	0	0	0	0.416257	0.422776
100	0	0	43	0	0	1	0.422776	0.427
##	100	0	0	43	0	0	0.2
100	0	0	43	0	1	1	0	0.166009
100	0	0	43	0	1	0	0.166009	0.167457
100	0	0	43	0	1	1	0.167457	0.427
##	100	0	0	43	0	1	0.2
##	100	0	0	43	mtdna	1
100	0	0	44	0	0	1	0	0.0472698
100	0	0	44	0	0	0	0.0472698	0.0494418
100	0	0	44	0	0	1	0.0494418	0.142561
100	0	0	44	0	0	0	0.142561	0.158864
100	0	0	44	0	0	1	0.158864	0.158948
100	0	0	44	0	0	0	0.158948	0.159646
100	0	0	44	0	0	1	0.159646	0.171358
100	0	0	44	0	0	0	0.171358	0.174568
100	0	0	44	0	0	1	0.174568	0.265706
100	0	0	44	0	0	0	0.265706	0.271258
100	0	0	44	0	0	1	0.271258	0.290229
100	0	0	44	0	0	0	0.290229	0.33794
100	0	0	44	0	0	1	0.33794	0.427
##	100	0	0	44	0	0	0.2
100	0	0	44	0	1	1	0	0.109104
100	0	0	44	0	1	0	0.109104	0.122917
100	0	0	44	0	1	1	0.122917	0.222664
100	0	0	44	0	1	0	0.222664	0.239066
100	0	0	44	0	1	1	0.239066	0.290434
100	0	0	44	0	1	0	0.290434	0.291439
100	0	0	44	0	1	1	0.291439	0.427
##	100	0	0	44	0	1	0.2
##	100	0	0	44	mtdna	1
100	0	0	45	0	0	1	0	0.158353
100	0	0	45	0	0	0	0.158353	0.159601
100	0	0	45	0	0	1	0.159601	0.365668
100	0	0	45	0	0	0	0.365668	0.372852
100	0	0	45	0	0	1	0.372852	0.383093
100	0	0	45	0	0	0	0.383093	0.403418
100	0	0	45	0	0	1	0.403418	0.427
##	100	0	0	45	0	0	0.2
100	0	0	45	0	1	1	0	0.111106
100	0	0	45	0	1	0	0.111106	0.116839
100	0	0	45	0	1	1	0.116839	0.222067
100	0	0	45	0	1	0	0.222067	0.257664
100	0	0	45	0	1	1	0.257664	0.361282
100	0	0	45	0	1	0	0.361282	0.367695
100	0	0	45	0	1	1	0.367695	0.427
##	100	0	0	45	0	1	0.2
##	100	0	0	45	mtdna	1
100	0	0	46	0	0	1	0	0.0129986
100	0	0	46	0	0	0	0.0129986	0.0155345
100	0	0	46	0	0	1	0.0155345	0.23467
100	0	0	46	0	0	0	0.23467	0.237892
100	0	0	46	0	0	1	0.237892	0.322051
100	0	0	46	0	0	0	0.322051	0.323724
100	0	0	46	0	0	1	0.323724	0.328567
100	0	0	46	0	0	0	0.328567	0.344441
100	0	0	46	0	0	1	0.344441	0.427
##	100	0	0	46	0	0	0.2
100	0	0	46	0	1	1	0	0.0119433
100	0	0	46	0	1	0	0.0119433	0.0311635
100	0	0	46	0	1	1	0.0311635	0.0348463
100	0	0	46	0	1	0	0.0348463	0.036518
100	0	0	46	0	1	1	0.036518	0.427
##	100	0	0	46	0	1	0.2
##	100	0	0	46	mtdna	1
100	0	0	47	0	0	1	0	0.16332
100	0	0	47	0	0	0	0.16332	0.170746
100	0	0	47	0	0	1	0.170746	0.205769
100	0	0	47	0	0	0	0.205769	0.219278
100	0	0	47	0	0	1	0.219278	0.339427
100	0	0	47	0	0	0	0.339427	0.352689
100	0	0	47	0	0	1	0.352689	0.363551
100	0	0	47	0	0	0	0.363551	0.381193
100	0	0	47	0	0	1	0.381193	0.403801
100	0	0	47	0	0	0	0.403801	0.427
##	100	0	0	47	0	0	0.2
100	0	0	47	0	1	1	0	0.00506339
100	0	0	47	0	1	0	0.00506339	0.0184485
100	0	0	47	0	1	1	0.0184485	0.200619
100	0	0	47	0	1	0	0.200619	0.236468
100	0	0	47	0	1	1	0.236468	0.265686
100	0	0	47	0	1	0	0.265686	0.267711
100	0	0	47	0	1	1	0.267711	0.316499
100	0	0	47	0	1	0	0.316499	0.327976
100	0	0	47	0	1	1	0.327976	0.427
##	100	0	0	47	0	1	0.2
##	100	0	0	47	mtdna	1
100	0	0	48	0	0	1	0	0.028431
100	0	0	48	0	0	0	0.028431	0.0346491
100	0	0	48	0	0	1	0.0346491	0.289689
100	0	0	48	0	0	0	0.289689	0.30078
100	0	0	48	0	0	1	0.30078	0.336527
100	0	0	48	0	0	0	0.336527	0.352072
100	0	0	48	0	0	1	0.352072	0.369332
100	0	0	48	0	0	0	0.369332	0.372816
100	0	0	48	0	0	1	0.372816	0.380092
100	0	0	48	0	0	0	0.380092	0.380889
100	0	0	48	0	0	1	0.380889	0.427
##	100	0	0	48	0	0	0.2
100	0	0	48	0	1	1	0	0.0874809
100	0	0	48	0	1	0	0.0874809	0.099047
100	0	0	48	0	1	1	0.099047	0.204378
100	0	0	48	0	1	0	0.204378	0.230039
100	0	0	48	0	1	1	0.230039	0.232138
100	0	0	48	0	1	0	0.232138	0.245967
100	0	0	48	0	1	1	0.245967	0.252492
100	0	0	48	0	1	0	0.252492	0.254109
100	0	0	48	0	1	1	0.254109	0.427
##	100	0	0	48	0	1	0.2
##	100	0	0	48	mtdna	1
100	0	0	49	0	0	1	0	0.0240175
100	0	0	49	0	0	0	0.0240175	0.0386217
100	0	0	49	0	0	1	0.0386217	0.193714
100	0	0	49	0	0	0	0.193714	0.203223
100	0	0	49	0	0	1	0.203223	0.247814
100	0	0	49	0	0	0	0.247814	0.275821
100	0	0	49	0	0	1	0.275821	0.336006
100	0	0	49	0	0	0	0.336006	0.338813
100	0	0	49	0	0	1	0.338813	0.427
##	100	0	0	49	0	0
100	0	0	49	0	1	1	0	0.00823522
100	0	0	49	0	1	0	0.00823522	0.026209
100	0	0	49	0	1	1	0.026209	0.0487025
100	0	0	49	0	1	0	0.0487025	0.0499437
100	0	0	49	0	1	1	0.0499437	0.256204
100	0	0	49	0	1	0	0.256204	0.296311
100	0	0	49	0	1	1	0.296311	0.427
##	100	0	0	49	0	1	0.2
##	100	0	0	49	mtdna	1
100	0	0	50	0	0	1	0	0.0564979
100	0	0	50	0	0	0	0.0564979	0.0599304
100	0	0	50	0	0	1	0.0599304	0.139271
100	0	0	50	0	0	0	0.139271	0.139866
100	0	0	50	0	0	1	0.139866	0.177157
100	0	0	50	0	0	0	0.177157	0.183587
100	0	0	50	0	0	1	0.183587	0.212581
100	0	0	50	0	0	0	0.212581	0.243798
100	0	0	50	0	0	1	0.243798	0.297315
100	0	0	50	0	0	0	0.297315	0.327663
100	0	0	50	0	0	1	0.327663	0.332027
100	0	0	50	0	0	0	0.332027	0.334299
100	0	0	50	0	0	1	0.334299	0.427
##	100	0	0	50	0	0	0.2
100	0	0	50	0	1	1	0	0.25083
100	0	0	50	0	1	0	0.25083	0.262509
100	0	0	50	0	1	1	0.262509	0.357208
100	0	0	50	0	1	0	0.357208	0.427
##	100	0	0	50	0	1	0.2
##	100	0	0	50	mtdna	1
100	0	0	51	0	0	1	0	0.0365895
100	0	0	51	0	0	0	0.0365895	0.061287
100	0	0	51	0	0	1	0.061287	0.221448
100	0	0	51	0	0	0	0.221448	0.229163
100	0	0	51	0	0	1	0.229163	0.250451
100	0	0	51	0	0	0	0.250451	0.264332
100	0	0	51	0	0	1	0.264332	0.30081
100	0	0	51	0	0	0	0.30081	0.312472
100	0	0	51	0	0	1	0.312472	0.427
##	100	0	0	51	0	0	0.2
100	0	0	51	0	1	1	0	0.0396628
100	0	0	51	0	1	0	0.0396628	0.054857
100	0	0	51	0	1	1	0.054857	0.203597
100	0	0	51	0	1	0	0.203597	0.262872
100	0	0	51	0	1	1	0.262872	0.26723
100	0	0	51	0	1	0	0.26723	0.298622
100	0	0	51	0	1	1	0.298622	0.340213
100	0	0	51	0	1	0	0.340213	0.344667
100	0	0	51	0	1	1	0.344667	0.391446
100	0	0	51	0	1	0	0.391446	0.424556
100	0	0	51	0	1	1	0.424556	0.427
##	100	0	0	51	0	1	0.2
##	100	0	0	51	mtdna	1
100	0	0	52	0	0	1	0	0.110273
100	0	0	52	0	0	0	0.110273	0.110571
100	0	0	52	0	0	1	0.110571	0.189328
100	0	0	52	0	0	0	0.189328	0.198287
100	0	0	52	0	0	1	0.198287	0.290763
100	0	0	52	0	0	0	0.290763	0.307482
100	0	0	52	0	0	1	0.307482	0.337779
100	0	0	52	0	0	0	0.337779	0.345778
100	0	0	52	0	0	1	0.345778	0.397859
100	0	0	52	0	0	0	0.397859	0.403618
100	0	0	52	0	0	1	0.403618	0.427
##	100	0	0	52	0	0	0.2
100	0	0	52	0	1	1	0	0.0383005
100	0	0	52	0	1	0	0.0383005	0.061287
100	0	0	52	0	1	1	0.061287	0.176729
100	0	0	52	0	1	0	0.176729	0.201682
100	0	0	52	0	1	1	0.201682	0.214121
100	0	0	52	0	1	0	0.214121	0.223754
100	0	0	52	0	1	1	0.223754	0.381356
100	0	0	52	0	1	0	0.381356	0.385025
100	0	0	52	0	1	1	0.385025	0.427
##	100	0	0	52	0	1
##	100	0	0	52	mtdna	1
100	0	0	53	0	0	1	0	0.113529
100	0	0	53	0	0	0	0.113529	0.139589
100	0	0	53	0	0	1	0.139589	0.297015
100	0	0	53	0	0	0	0.297015	0.297276
100	0	0	53	0	0	1	0.297276	0.301725
100	0	0	53	0	0	0	0.301725	0.314931
100	0	0	53	0	0	1	0.314931	0.427
##	100	0	0	53	0	0	0.2
100	0	0	53	0	1	1	0	0.12406
100	0	0	53	0	1	0	0.12406	0.135866
100	0	0	53	0	1	1	0.135866	0.39882
100	0	0	53	0	1	0	0.39882	0.403659
100	0	0	53	0	1	1	0.403659	0.427
##	100	0	0	53	0	1	0.2
##	100	0	0	53	mtdna	1
100	0	0	54	0	0	1	0	0.0258409
100	0	0	54	0	0	0	0.0258409	0.0326433
100	0	0	54	0	0	1	0.0326433	0.189505
100	0	0	54	0	0	0	0.189505	0.189859
100	0	0	54	0	0	1	0.189859	0.291838
100	0	0	54	0	0	0	0.291838	0.342956
100	0	0	54	0	0	1	0.342956	0.415944
100	0	0	54	0	0	0	0.415944	0.417578
100	0	0	54	0	0	1	0.417578	0.427
##	100	0	0	54	0	0	0.2
100	0	0	54	0	1	0	0	0.0126427
100	0	0	54	0	1	1	0.0126427	0.0306292
100	0	0	54	0	1	0	0.0306292	0.0442072
100	0	0	54	0	1	1	0.0442072	0.258288
100	0	0	54	0	1	0	0.258288	0.264038
100	0	0	54	0	1	1	0.264038	0.295562
100	0	0	54	0	1	0	0.295562	0.296324
100	0	0	54	0	1	1	0.296324	0.310017
100	0	0	54	0	1	0	0.310017	0.320861
100	0	0	54	0	1	1	0.320861	0.427
##	100	0	0	54	0	1	0.2
##	100	0	0	54	mtdna	1
100	0	0	55	0	0	0	0	0.0137233
100	0	0	55	0	0	1	0.0137233	0.0969233
100	0	0	55	0	0	0	0.0969233	0.116192
100	0	0	55	0	0	1	0.116192	0.307262
100	0	0	55	0	0	0	0.307262	0.311152
100	0	0	55	0	0	1	0.311152	0.36972
100	0	0	55	0	0	0	0.36972	0.379156
100	0	0	55	0	0	1	0.379156	0.388301
100	0	0	55	0	0	0	0.388301	0.388437
100	0	0	55	0	0	1	0.388437	0.427
##	100	0	0	55	0	0	0.2
100	0	0	55	0	1	1	0	0.0776588
100	0	0	55	0	1	0	0.0776588	0.0781726
100	0	0	55	0	1	1	0.0781726	0.0967235
100	0	0	55	0	1	0	0.0967235	0.100039
100	0	0	55	0	1	1	0.100039	0.172672
100	0	0	55	0	1	0	0.172672	0.1893
100	0	0	55	0	1	1	0.1893	0.230152
100	0	0	55	0	1	0	0.230152	0.231512
100	0	0	55	0	1	1	0.231512	0.427
##	100	0	0	55	0	1	0.2
##	100	0	0	55	mtdna	1
100	0	0	56	0	0	1	0	0.012139
100	0	0	56	0	0	0	0.012139	0.0397912
100	0	0	56	0	0	1	0.0397912	0.136398
100	0	0	56	0	0	0	0.136398	0.172668
100	0	0	56	0	0	1	0.172668	0.184221
100	0	0	56	0	0	0	0.184221	0.236058
100	0	0	56	0	0	1	0.236058	0.2443
100	0	0	56	0	0	0	0.2443	0.26084
100	0	0	56	0	0	1	0.26084	0.314784
100	0	0	56	0	0	0	0.314784	0.33821
100	0	0	56	0	0	1	0.33821	0.366754
100	0	0	56	0	0	0	0.366754	0.373977
100	0	0	56	0	0	1	0.373977	0.427
##	100	0	0	56	0	0
100	0	0	56	0	1	1	0	0.012139
100	0	0	56	0	1	0	0.012139	0.0179372
100	0	0	56	0	1	1	0.0179372	0.126961
100	0	0	56	0	1	0	0.126961	0.127025
100	0	0	56	0	1	1	0.127025	0.174604
100	0	0	56	0	1	0	0.174604	0.179875
100	0	0	56	0	1	1	0.179875	0.427
##	100	0	0	56	0	1	0.2
##	100	0	0	56	mtdna	1
100	0	0	57	0	0	1	0	0.0992814
100	0	0	57	0	0	0	0.0992814	0.119664
100	0	0	57	0	0	1	0.119664	0.16308
100	0	0	57	0	0	0	0.16308	0.204121
100	0	0	57	0	0	1	0.204121	0.230506
100	0	0	57	0	0	0	0.230506	0.243054
100	0	0	57	0	0	1	0.243054	0.371629
100	0	0	57	0	0	0	0.371629	0.381857
100	0	0	57	0	0	1	0.381857	0.427
##	100	0	0	57	0	0
100	0	0	57	0	1	1	0	0.170297
100	0	0	57	0	1	0	0.170297	0.175364
100	0	0	57	0	1	1	0.175364	0.271468
100	0	0	57	0	1	0	0.271468	0.279485
100	0	0	57	0	1	1	0.279485	0.343245
100	0	0	57	0	1	0	0.343245	0.36329
100	0	0	57	0	1	1	0.36329	0.427
##	100	0	0	57	0	1	0.2
##	100	0	0	57	mtdna	1
100	0	0	58	0	0	1	0	0.25763
100	0	0	58	0	0	0	0.25763	0.270957
100	0	0	58	0	0	1	0.270957	0.427
##	100	0	0	58	0	0	0.2
100	0	0	58	0	1	1	0	0.0715616
100	0	0	58	0	1	0	0.0715616	0.0721291
100	0	0	58	0	1	1	0.0721291	0.217334
100	0	0	58	0	1	0	0.217334	0.236468
100	0	0	58	0	1	1	0.236468	0.265686
100	0	0	58	0	1	0	0.265686	0.267711
100	0	0	58	0	1	1	0.267711	0.316499
100	0	0	58	0	1	0	0.316499	0.327976
100	0	0	58	0	1	1	0.327976	0.375388
100	0	0	58	0	1	0	0.375388	0.389387
100	0	0	58	0	1	1	0.389387	0.427
##	100	0	0	58	0	1	0.2
##	100	0	0	58	mtdna	1
100	0	0	59	0	0	0	0	0.00833805
100	0	0	59	0	0	1	0.00833805	0.012537
100	0	0	59	0	0	0	0.012537	0.0240529
100	0	0	59	0	0	1	0.0240529	0.0787202
100	0	0	59	0	0	0	0.0787202	0.0961771
100	0	0	59	0	0	1	0.0961771	0.313106
100	0	0	59	0	0	0	0.313106	0.346591
100	0	0	59	0	0	1	0.346591	0.427
##	100	0	0	59	0	0	0.2
100	0	0	59	0	1	1	0	0.0460713
100	0	0	59	0	1	0	0.0460713	0.0493301
100	0	0	59	0	1	1	0.0493301	0.0557947
100	0	0	59	0	1	0	0.0557947	0.0613313
100	0	0	59	0	1	1	0.0613313	0.265548
100	0	0	59	0	1	0	0.265548	0.274823
100	0	0	59	0	1	1	0.274823	0.427
##	100	0	0	59	0	1	0.2
##	100	0	0	59	mtdna	0
100	0	0	60	0	0	1	0	0.0355313
100	0	0	60	0	0	0	0.0355313	0.037369
100	0	0	60	0	0	1	0.037369	0.0922821
100	0	0	60	0	0	0	0.0922821	0.110778
100	0	0	60	0	0	1	0.110778	0.295562
100	0	0	60	0	0	0	0.295562	0.296324
100	0	0	60	0	0	1	0.296324	0.310017
100	0	0	60	0	0	0	0.310017	0.320861
100	0	0	60	0	0	1	0.320861	0.369085
100	0	0	60	0	0	0	0.369085	0.375427
100	0	0	60	0	0	1	0.375427	0.404969
100	0	0	60	0	0	0	0.404969	0.406986
100	0	0	60	0	0	1	0.406986	0.427
##	100	0	0	60	0	0	0.2
100	0	0	60	0	1	1	0	0.0463712
100	0	0	60	0	1	0	0.0463712	0.0577047
100	0	0	60	0	1	1	0.0577047	0.0840046
100	0	0	60	0	1	0	0.0840046	0.0925696
100	0	0	60	0	1	1	0.0925696	0.106385
100	0	0	60	0	1	0	0.106385	0.107467
100	0	0	60	0	1	1	0.107467	0.167673
100	0	0	60	0	1	0	0.167673	0.183587
100	0	0	60	0	1	1	0.183587	0.365858
100	0	0	60	0	1	0	0.365858	0.372312
100	0	0	60	0	1	1	0.372312	0.427
##	100	0	0	60	0	1	0.2
##	100	0	0	60	mtdna	1
100	0	0	61	0	0	1	0	0.115678
100	0	0	61	0	0	0	0.115678	0.121446
100	0	0	61	0	0	1	0.121446	0.30917
100	0	0	61	0	0	0	0.30917	0.31694
100	0	0	61	0	0	1	0.31694	0.423889
100	0	0	61	0	0	0	0.423889	0.425505
100	0	0	61	0	0	1	0.425505	0.427
##	100	0	0	61	0	0	0.2
100	0	0	61	0	1	1	0	0.0116631
100	0	0	61	0	1	0	0.0116631	0.0223261
100	0	0	61	0	1	1	0.0223261	0.0584818
100	0	0	61	0	1	0	0.0584818	0.0763886
100	0	0	61	0	1	1	0.0763886	0.0967235
100	0	0	61	0	1	0	0.0967235	0.100039
100	0	0	61	0	1	1	0.100039	0.216353
100	0	0	61	0	1	0	0.216353	0.232213
100	0	0	61	0	1	1	0.232213	0.252202
100	0	0	61	0	1	0	0.252202	0.265755
100	0	0	61	0	1	1	0.265755	0.309759
100	0	0	61	0	1	0	0.309759	0.311779
100	0	0	61	0	1	1	0.311779	0.349486
100	0	0	61	0	1	0	0.349486	0.362444
100	0	0	61	0	1	1	0.362444	0.364525
100	0	0	61	0	1	0	0.364525	0.367109
100	0	0	61	0	1	1	0.367109	0.381479
100	0	0	61	0	1	0	0.381479	0.388099
100	0	0	61	0	1	1	0.388099	0.401438
100	0	0	61	0	1	0	0.401438	0.409197
100	0	0	61	0	1	1	0.409197	0.415217
100	0	0	61	0	1	0	0.415217	0.427
##	100	0	0	61	0	1	0.2
##	100	0	0	61	mtdna	1
100	0	0	62	0	0	1	0	0.00715362
100	0	0	62	0	0	0	0.00715362	0.0143743
100	0	0	62	0	0	1	0.0143743	0.0768474
100	0	0	62	0	0	0	0.0768474	0.108999
100	0	0	62	0	0	1	0.108999	0.135169
100	0	0	62	0	0	0	0.135169	0.137243
100	0	0	62	0	0	1	0.137243	0.204481
100	0	0	62	0	0	0	0.204481	0.20702
100	0	0	62	0	0	1	0.20702	0.274196
100	0	0	62	0	0	0	0.274196	0.289317
100	0	0	62	0	0	1	0.289317	0.310948
100	0	0	62	0	0	0	0.310948	0.315506
100	0	0	62	0	0	1	0.315506	0.427
##	100	0	0	62	0	0	0.2
100	0	0	62	0	1	1	0	0.00506339
100	0	0	62	0	1	0	0.00506339	0.00801801
100	0	0	62	0	1	1	0.00801801	0.0348638
100	0	0	62	0	1	0	0.0348638	0.0414966
100	0	0	62	0	1	1	0.0414966	0.102531
100	0	0	62	0	1	0	0.102531	0.114988
100	0	0	62	0	1	1	0.114988	0.1625
100	0	0	62	0	1	0	0.1625	0.16943
100	0	0	62	0	1	1	0.16943	0.218416
100	0	0	62	0	1	0	0.218416	0.235185
100	0	0	62	0	1	1	0.235185	0.327137
100	0	0	62	0	1	0	0.327137	0.336096
100	0	0	62	0	1	1	0.336096	0.340753
100	0	0	62	0	1	0	0.340753	0.36279
100	0	0	62	0	1	1	0.36279	0.404297
100	0	0	62	0	1	0	0.404297	0.406846
100	0	0	62	0	1	1	0.406846	0.427
##	100	0	0	62	0	1	0.2
##	100	0	0	62	mtdna	1
100	0	0	63	0	0	1	0	0.0607654
100	0	0	63	0	0	0	0.0607654	0.0613313
100	0	0	63	0	0	1	0.0613313	0.405701
100	0	0	63	0	0	0	0.405701	0.415183
100	0	0	63	0	0	1	0.415183	0.427
##	100	0	0	63	0	0	0.2
100	0	0	63	0	1	1	0	0.013801
100	0	0	63	0	1	0	0.013801	0.0185792
100	0	0	63	0	1	1	0.0185792	0.0766383
100	0	0	63	0	1	0	0.0766383	0.099047
100	0	0	63	0	1	1	0.099047	0.121633
100	0	0	63	0	1	0	0.121633	0.136894
100	0	0	63	0	1	1	0.136894	0.294284
100	0	0	63	0	1	0	0.294284	0.308189
100	0	0	63	0	1	1	0.308189	0.392056
100	0	0	63	0	1	0	0.392056	0.411707
100	0	0	63	0	1	1	0.411707	0.420651
100	0	0	63	0	1	0	0.420651	0.427
##	100	0	0	63	0	1	0.2
##	100	0	0	63	mtdna	1
100	0	0	64	0	0	1	0	0.329654
100	0	0	64	0	0	0	0.329654	0.346694
100	0	0	64	0	0	1	0.346694	0.427
##	100	0	0	64	0	0	0.2
100	0	0	64	0	1	0	0	0.021323
100	0	0	64	0	1	1	0.021323	0.182598
100	0	0	64	0	1	0	0.182598	0.186569
100	0	0	64	0	1	1	0.186569	0.264285
100	0	0	64	0	1	0	0.264285	0.266557
100	0	0	64	0	1	1	0.266557	0.275969
100	0	0	64	0	1	0	0.275969	0.282926
100	0	0	64	0	1	1	0.282926	0.364518
100	0	0	64	0	1	0	0.364518	0.392418
100	0	0	64	0	1	1	0.392418	0.427
##	100	0	0	64	0	1	0.2
##	100	0	0	64	mtdna	1
100	0	0	65	0	0	1	0	0.0340349
100	0	0	65	0	0	0	0.0340349	0.0411683
100	0	0	65	0	0	1	0.0411683	0.288245
100	0	0	65	0	0	0	0.288245	0.292673
100	0	0	65	0	0	1	0.292673	0.427
##	100	0	0	65	0	0	0.2
100	0	0	65	0	1	1	0	0.102246
100	0	0	65	0	1	0	0.102246	0.102287
100	0	0	65	0	1	1	0.102287	0.116476
100	0	0	65	0	1	0	0.116476	0.120804
100	0	0	65	0	1	1	0.120804	0.206821
100	0	0	65	0	1	0	0.206821	0.220847
100	0	0	65	0	1	1	0.220847	0.263635
100	0	0	65	0	1	0	0.263635	0.269266
100	0	0	65	0	1	1	0.269266	0.277891
100	0	0	65	0	1	0	0.277891	0.299406
100	0	0	65	0	1	1	0.299406	0.39472
100	0	0	65	0	1	0	0.39472	0.405129
100	0	0	65	0	1	1	0.405129	0.427
##	100	0	0	65	0	1	0.2
##	100	0	0	65	mtdna	1
100	0	0	66	0	0	1	0	0.0799334
100	0	0	66	0	0	0	0.0799334	0.0940912
100	0	0	66	0	0	1	0.0940912	0.138948
100	0	0	66	0	0	0	0.138948	0.152196
100	0	0	66	0	0	1	0.152196	0.191806
100	0	0	66	0	0	0	0.191806	0.205892
100	0	0	66	0	0	1	0.205892	0.249357
100	0	0	66	0	0	0	0.249357	0.258648
100	0	0	66	0	0	1	0.258648	0.3773
100	0	0	66	0	0	0	0.3773	0.38827
100	0	0	66	0	0	1	0.38827	0.427
##	100	0	0	66	0	0
100	0	0	66	0	1	1	0	0.0406746
100	0	0	66	0	1	0	0.0406746	0.0483826
100	0	0	66	0	1	1	0.0483826	0.271073
100	0	0	66	0	1	0	0.271073	0.271161
100	0	0	66	0	1	1	0.271161	0.375398
100	0	0	66	0	1	0	0.375398	0.389425
100	0	0	66	0	1	1	0.389425	0.395011
100	0	0	66	0	1	0	0.395011	0.410191
100	0	0	66	0	1	1	0.410191	0.427
##	100	0	0	66	0	1	0.2
##	100	0	0	66	mtdna	1
100	0	0	67	0	0	1	0	0.0262412
100	0	0	67	0	0	0	0.0262412	0.0276498
100	0	0	67	0	0	1	0.0276498	0.0550365
100	0	0	67	0	0	0	0.0550365	0.0568957
100	0	0	67	0	0	1	0.0568957	0.241932
100	0	0	67	0	0	0	0.241932	0.269129
100	0	0	67	0	0	1	0.269129	0.302577
100	0	0	67	0	0	0	0.302577	0.316404
100	0	0	67	0	0	1	0.316404	0.355026
100	0	0	67	0	0	0	0.355026	0.373611
100	0	0	67	0	0	1	0.373611	0.427
##	100	0	0	67	0	0	0.2
100	0	0	67	0	1	1	0	0.0432369
100	0	0	67	0	1	0	0.0432369	0.0507065
100	0	0	67	0	1	1	0.0507065	0.0571966
100	0	0	67	0	1	0	0.0571966	0.100039
100	0	0	67	0	1	1	0.100039	0.229656
100	0	0	67	0	1	0	0.229656	0.24521
100	0	0	67	0	1	1	0.24521	0.270312
100	0	0	67	0	1	0	0.270312	0.271102
100	0	0	67	0	1	1	0.271102	0.275229
100	0	0	67	0	1	0	0.275229	0.279019
100	0	0	67	0	1	1	0.279019	0.316597
100	0	0	67	0	1	0	0.316597	0.331564
100	0	0	67	0	1	1	0.331564	0.337768
100	0	0	67	0	1	0	0.337768	0.340434
100	0	0	67	0	1	1	0.340434	0.427
##	100	0	0	67	0	1	0.2
##	100	0	0	67	mtdna	1
100	0	0	68	0	0	1	0	0.00471771
100	0	0	68	0	0	0	0.00471771	0.00628761
100	0	0	68	0	0	1	0.00628761	0.361096
100	0	0	68	0	0	0	0.361096	0.389521
100	0	0	68	0	0	1	0.389521	0.394596
100	0	0	68	0	0	0	0.394596	0.398109
100	0	0	68	0	0	1	0.398109	0.427
##	100	0	0	68	0	0	0.2
100	0	0	68	0	1	1	0	0.0396653
100	0	0	68	0	1	0	0.0396653	0.0398988
100	0	0	68	0	1	1	0.0398988	0.0432201
100	0	0	68	0	1	0	0.0432201	0.045362
100	0	0	68	0	1	1	0.045362	0.251926
100	0	0	68	0	1	0	0.251926	0.254945
100	0	0	68	0	1	1	0.254945	0.427
##	100	0	0	68	0	1	0.2
##	100	0	0	68	mtdna	1
100	0	0	69	0	0	1	0	0.0515312
100	0	0	69	0	0	0	0.0515312	0.0632658
100	0	0	69	0	0	1	0.0632658	0.175623
100	0	0	69	0	0	0	0.175623	0.205465
100	0	0	69	0	0	1	0.205465	0.427
##	100	0	0	69	0	0
100	0	0	69	0	1	1	0	0.0448684
100	0	0	69	0	1	0	0.0448684	0.0533021
100	0	0	69	0	1	1	0.0533021	0.156647
100	0	0	69	0	1	0	0.156647	0.160001
100	0	0	69	0	1	1	0.160001	0.340442
100	0	0	69	0	1	0	0.340442	0.346625
100	0	0	69	0	1	1	0.346625	0.427
##	100	0	0	69	0	1	0.2
##	100	0	0	69	mtdna	1
100	0	0	70	0	0	1	0	0.00490105
100	0	0	70	0	0	0	0.00490105	0.0113768
100	0	0	70	0	0	1	0.0113768	0.0409526
100	0	0	70	0	0	0	0.0409526	0.0758559
100	0	0	70	0	0	1	0.0758559	0.20176
100	0	0	70	0	0	0	0.20176	0.20949
100	0	0	70	0	0	1	0.20949	0.225667
100	0	0	70	0	0	0	0.225667	0.246114
100	0	0	70	0	0	1	0.246114	0.427
##	100	0	0	70	0	0	0.2
100	0	0	70	0	1	1	0	0.0455581
100	0	0	70	0	1	0	0.0455581	0.0730837
100	0	0	70	0	1	1	0.0730837	0.100178
100	0	0	70	0	1	0	0.100178	0.100438
100	0	0	70	0	1	1	0.100438	0.104296
100	0	0	70	0	1	0	0.104296	0.124109
100	0	0	70	0	1	1	0.124109	0.124226
100	0	0	70	0	1	0	0.124226	0.129318
100	0	0	70	0	1	1	0.129318	0.145915
100	0	0	70	0	1	0	0.145915	0.172505
100	0	0	70	0	1	1	0.172505	0.238025
100	0	0	70	0	1	0	0.238025	0.284093
100	0	0	70	0	1	1	0.284093	0.340298
100	0	0	70	0	1	0	0.340298	0.354614
100	0	0	70	0	1	1	0.354614	0.379903
100	0	0	70	0	1	0	0.379903	0.412564
100	0	0	70	0	1	1	0.412564	0.427
##	100	0	0	70	0	1	0.2
##	100	0	0	70	mtdna	1
100	0	0	71	0	0	0	0	0.0442209
100	0	0	71	0	0	1	0.0442209	0.251644
100	0	0	71	0	0	0	0.251644	0.275008
100	0	0	71	0	0	1	0.275008	0.376574
100	0	0	71	0	0	0	0.376574	0.385406
100	0	0	71	0	0	1	0.385406	0.427
##	100	0	0	71	0	0	0.2
100	0	0	71	0	1	1	0	0.246605
100	0	0	71	0	1	0	0.246605	0.29994
100	0	0	71	0	1	1	0.29994	0.346829
100	0	0	71	0	1	0	0.346829	0.361124
100	0	0	71	0	1	1	0.361124	0.427
##	100	0	0	71	0	1	0.2
##	100	0	0	71	mtdna	0
100	0	0	72	0	0	0	0	0.0273043
100	0	0	72	0	0	1	0.0273043	0.0470664
100	0	0	72	0	0	0	0.0470664	0.0506602
100	0	0	72	0	0	1	0.0506602	0.101203
100	0	0	72	0	0	0	0.101203	0.104375
100	0	0	72	0	0	1	0.104375	0.178302
100	0	0	72	0	0	0	0.178302	0.206074
100	0	0	72	0	0	1	0.206074	0.359056
100	0	0	72	0	0	0	0.359056	0.368926
100	0	0	72	0	0	1	0.368926	0.427
##	100	0	0	72	0	0
100	0	0	72	0	1	1	0	0.171381
100	0	0	72	0	1	0	0.171381	0.178662
100	0	0	72	0	1	1	0.178662	0.358524
100	0	0	72	0	1	0	0.358524	0.383337
100	0	0	72	0	1	1	0.383337	0.427
##	100	0	0	72	0	1	0.2
##	100	0	0	72	mtdna	1
100	0	0	73	0	0	1	0	0.0131239
100	0	0	73	0	0	0	0.0131239	0.0208945
100	0	0	73	0	0	1	0.0208945	0.205355
100	0	0	73	0	0	0	0.205355	0.22278
100	0	0	73	0	0	1	0.22278	0.306687
100	0	0	73	0	0	0	0.306687	0.338307
100	0	0	73	0	0	1	0.338307	0.40714
100	0	0	73	0	0	0	0.40714	0.407488
100	0	0	73	0	0	1	0.407488	0.427
##	100	0	0	73	0	0	0.2
100	0	0	73	0	1	0	0	0.0250139
100	0	0	73	0	1	1	0.0250139	0.0466321
100	0	0	73	0	1	0	0.0466321	0.052697
100	0	0	73	0	1	1	0.052697	0.183009
100	0	0	73	0	1	0	0.183009	0.188854
100	0	0	73	0	1	1	0.188854	0.231812
100	0	0	73	0	1	0	0.231812	0.237452
100	0	0	73	0	1	1	0.237452	0.252202
100	0	0	73	0	1	0	0.252202	0.255793
100	0	0	73	0	1	1	0.255793	0.256536
100	0	0	73	0	1	0	0.256536	0.262509
100	0	0	73	0	1	1	0.262509	0.288387
100	0	0	73	0	1	0	0.288387	0.292632
100	0	0	73	0	1	1	0.292632	0.390184
100	0	0	73	0	1	0	0.390184	0.392418
100	0	0	73	0	1	1	0.392418	0.427
##	100	0	0	73	0	1	0.2
##	100	0	0	73	mtdna	1
100	0	0	74	0	0	1	0	0.132489
100	0	0	74	0	0	0	0.132489	0.146081
100	0	0	74	0	0	1	0.146081	0.250795
100	0	0	74	0	0	0	0.250795	0.276544
100	0	0	74	0	0	1	0.276544	0.34814
100	0	0	74	0	0	0	0.34814	0.367329
100	0	0	74	0	0	1	0.367329	0.404969
100	0	0	74	0	0	0	0.404969	0.406986
100	0	0	74	0	0	1	0.406986	0.427
##	100	0	0	74	0	0	0.2
100	0	0	74	0	1	0	0	0.00418356
100	0	0	74	0	1	1	0.00418356	0.196926
100	0	0	74	0	1	0	0.196926	0.203748
100	0	0	74	0	1	1	0.203748	0.229656
100	0	0	74	0	1	0	0.229656	0.23481
100	0	0	74	0	1	1	0.23481	0.241901
100	0	0	74	0	1	0	0.241901	0.254699
100	0	0	74	0	1	1	0.254699	0.299411
100	0	0	74	0	1	0	0.299411	0.311401
100	0	0	74	0	1	1	0.311401	0.32836
100	0	0	74	0	1	0	0.32836	0.33005
100	0	0	74	0	1	1	0.33005	0.344664
100	0	0	74	0	1	0	0.344664	0.353865
100	0	0	74	0	1	1	0.353865	0.427
##	100	0	0	74	0	1
##	100	0	0	74	mtdna	1
100	0	0	75	0	0	1	0	0.0133258
100	0	0	75	0	0	0	0.0133258	0.0161166
100	0	0	75	0	0	1	0.0161166	0.115698
100	0	0	75	0	0	0	0.115698	0.161036
100	0	0	75	0	0	1	0.161036	0.228988
100	0	0	75	0	0	0	0.228988	0.235505
100	0	0	75	0	0	1	0.235505	0.319427
100	0	0	75	0	0	0	0.319427	0.320644
100	0	0	75	0	0	1	0.320644	0.324859
100	0	0	75	0	0	0	0.324859	0.333504
100	0	0	75	0	0	1	0.333504	0.356156
100	0	0	75	0	0	0	0.356156	0.362427
100	0	0	75	0	0	1	0.362427	0.417309
100	0	0	75	0	0	0	0.417309	0.42265
100	0	0	75	0	0	1	0.42265	0.427
##	100	0	0	75	0	0	0.2
100	0	0	75	0	1	1	0	0.00752252
100	0	0	75	0	1	0	0.00752252	0.0180945
100	0	0	75	0	1	1	0.0180945	0.0622822
100	0	0	75	0	1	0	0.0622822	0.0796787
100	0	0	75	0	1	1	0.0796787	0.0995474
100	0	0	75	0	1	0	0.0995474	0.10128
100	0	0	75	0	1	1	0.10128	0.173743
100	0	0	75	0	1	0	0.173743	0.187626
100	0	0	75	0	1	1	0.187626	0.427
##	100	0	0	75	0	1	0.2
##	100	0	0	75	mtdna	1
100	0	0	76	0	0	1	0	0.0505389
100	0	0	76	0	0	0	0.0505389	0.0640343
100	0	0	76	0	0	1	0.0640343	0.10907
100	0	0	76	0	0	0	0.10907	0.1322
100	0	0	76	0	0	1	0.1322	0.274587
100	0	0	76	0	0	0	0.274587	0.301766
100	0	0	76	0	0	1	0.301766	0.304478
100	0	0	76	0	0	0	0.304478	0.311401
100	0	0	76	0	0	1	0.311401	0.427
##	100	0	0	76	0	0	0.2
100	0	0	76	0	1	1	0	0.186787
100	0	0	76	0	1	0	0.186787	0.201682
100	0	0	76	0	1	1	0.201682	0.218844
100	0	0	76	0	1	0	0.218844	0.230008
100	0	0	76	0	1	1	0.230008	0.252175
100	0	0	76	0	1	0	0.252175	0.269519
100	0	0	76	0	1	1	0.269519	0.325938
100	0	0	76	0	1	0	0.325938	0.398225
100	0	0	76	0	1	1	0.398225	0.427
##	100	0	0	76	0	1
##	100	0	0	76	mtdna	1
100	0	0	77	0	0	1	0	0.0106635
100	0	0	77	0	0	0	0.0106635	0.0264318
100	0	0	77	0	0	1	0.0264318	0.0364013
100	0	0	77	0	0	0	0.0364013	0.0369853
100	0	0	77	0	0	1	0.0369853	0.165679
100	0	0	77	0	0	0	0.165679	0.175983
100	0	0	77	0	0	1	0.175983	0.427
##	100	0	0	77	0	0	0.2
100	0	0	77	0	1	1	0	0.287072
100	0	0	77	0	1	0	0.287072	0.301011
100	0	0	77	0	1	1	0.301011	0.323965
100	0	0	77	0	1	0	0.323965	0.330773
100	0	0	77	0	1	1	0.330773	0.383652
100	0	0	77	0	1	0	0.383652	0.390199
100	0	0	77	0	1	1	0.390199	0.427
##	100	0	0	77	0	1	0.2
##	100	0	0	77	mtdna	1
100	0	0	78	0	0	1	0	0.0305211
100	0	0	78	0	0	0	0.0305211	0.0331735
100	0	0	78	0	0	1	0.0331735	0.0432514
100	0	0	78	0	0	0	0.0432514	0.0442072
100	0	0	78	0	0	1	0.0442072	0.20355
100	0	0	78	0	0	0	0.20355	0.208549
100	0	0	78	0	0	1	0.208549	0.293131
100	0	0	78	0	0	0	0.293131	0.312926
100	0	0	78	0	0	1	0.312926	0.386628
100	0	0	78	0	0	0	0.386628	0.3905
100	0	0	78	0	0	1	0.3905	0.427
##	100	0	0	78	0	0	0.2
100	0	0	78	0	1	1	0	0.0376863
100	0	0	78	0	1	0	0.0376863	0.0468447
100	0	0	78	0	1	1	0.0468447	0.0660414
100	0	0	78	0	1	0	0.0660414	0.0686813
100	0	0	78	0	1	1	0.0686813	0.335157
100	0	0	78	0	1	0	0.335157	0.3534
100	0	0	78	0	1	1	0.3534	0.378128
100	0	0	78	0	1	0	0.378128	0.385386
100	0	0	78	0	1	1	0.385386	0.400081
100	0	0	78	0	1	0	0.400081	0.424556
100	0	0	78	0	1	1	0.424556	0.427
##	100	0	0	78	0	1	0.2
##	100	0	0	78	mtdna	1
100	0	0	79	0	0	1	0	0.241568
100	0	0	79	0	0	0	0.241568	0.252482
100	0	0	79	0	0	1	0.252482	0.358778
100	0	0	79	0	0	0	0.358778	0.376087
100	0	0	79	0	0	1	0.376087	0.427
##	100	0	0	79	0	0	0.2
100	0	0	79	0	1	1	0	0.00761745
100	0	0	79	0	1	0	0.00761745	0.0173484
100	0	0	79	0	1	1	0.0173484	0.0183171
100	0	0	79	0	1	0	0.0183171	0.034592
100	0	0	79	0	1	1	0.034592	0.191523
100	0	0	79	0	1	0	0.191523	0.193253
100	0	0	79	0	1	1	0.193253	0.386938
100	0	0	79	0	1	0	0.386938	0.387015
100	0	0	79	0	1	1	0.387015	0.427
##	100	0	0	79	0	1	0.2
##	100	0	0	79	mtdna	1
100	0	0	80	0	0	1	0	0.0864128
100	0	0	80	0	0	0	0.0864128	0.119384
100	0	0	80	0	0	1	0.119384	0.23521
100	0	0	80	0	0	0	0.23521	0.254559
100	0	0	80	0	0	1	0.254559	0.351507
100	0	0	80	0	0	0	0.351507	0.362286
100	0	0	80	0	0	1	0.362286	0.427
##	100	0	0	80	0	0	0.2
100	0	0	80	0	1	1	0	0.206468
100	0	0	80	0	1	0	0.206468	0.243552
100	0	0	80	0	1	1	0.243552	0.255242
100	0	0	80	0	1	0	0.255242	0.262356
100	0	0	80	0	1	1	0.262356	0.427
##	100	0	0	80	0	1	0.2
##	100	0	0	80	mtdna	1
100	0	0	81	0	0	1	0	0.341056
100	0	0	81	0	0	0	0.341056	0.350113
100	0	0	81	0	0	1	0.350113	0.373488
100	0	0	81	0	0	0	0.373488	0.381047
100	0	0	81	0	0	1	0.381047	0.427
##	100	0	0	81	0	0	0.2
100	0	0	81	0	1	0	0	0.0148423
100	0	0	81	0	1	1	0.0148423	0.0339256
100	0	0	81	0	1	0	0.0339256	0.0493789
100	0	0	81	0	1	1	0.0493789	0.173261
100	0	0	81	0	1	0	0.173261	0.179941
100	0	0	81	0	1	1	0.179941	0.319824
100	0	0	81	0	1	0	0.319824	0.333927
100	0	0	81	0	1	1	0.333927	0.371863
100	0	0	81	0	1	0	0.371863	0.379091
100	0	0	81	0	1	1	0.379091	0.39071
100	0	0	81	0	1	0	0.39071	0.399814
100	0	0	81	0	1	1	0.399814	0.427
##	100	0	0	81	0	1	0.2
##	100	0	0	81	mtdna	1
100	0	0	82	0	0	1	0	0.079042
100	0	0	82	0	0	0	0.079042	0.110422
100	0	0	82	0	0	1	0.110422	0.171007
100	0	0	82	0	0	0	0.171007	0.177212
100	0	0	82	0	0	1	0.177212	0.310206
100	0	0	82	0	0	0	0.310206	0.315574
100	0	0	82	0	0	1	0.315574	0.356402
100	0	0	82	0	0	0	0.356402	0.358215
100	0	0	82	0	0	1	0.358215	0.363823
100	0	0	82	0	0	0	0.363823	0.368401
100	0	0	82	0	0	1	0.368401	0.370837
100	0	0	82	0	0	0	0.370837	0.375382
100	0	0	82	0	0	1	0.375382	0.427
##	100	0	0	82	0	0	0.2
100	0	0	82	0	1	1	0	0.025267
100	0	0	82	0	1	0	0.025267	0.0341383
100	0	0	82	0	1	1	0.0341383	0.196831
100	0	0	82	0	1	0	0.196831	0.202747
100	0	0	82	0	1	1	0.202747	0.375255
100	0	0	82	0	1	0	0.375255	0.385835
100	0	0	82	0	1	1	0.385835	0.427
##	100	0	0	82	0	1
##	100	0	0	82	mtdna	1
100	0	0	83	0	0	1	0	0.00965913
100	0	0	83	0	0	0	0.00965913	0.0204356
100	0	0	83	0	0	1	0.0204356	0.236854
100	0	0	83	0	0	0	0.236854	0.239301
100	0	0	83	0	0	1	0.239301	0.375305
100	0	0	83	0	0	0	0.375305	0.389518
100	0	0	83	0	0	1	0.389518	0.427
##	100	0	0	83	0	0	0.2
100	0	0	83	0	1	1	0	0.00225213
100	0	0	83	0	1	0	0.00225213	0.0028806
100	0	0	83	0	1	1	0.0028806	0.0336036
100	0	0	83	0	1	0	0.0336036	0.0391277
100	0	0	83	0	1	1	0.0391277	0.14953
100	0	0	83	0	1	0	0.14953	0.180296
100	0	0	83	0	1	1	0.180296	0.213182
100	0	0	83	0	1	0	0.213182	0.230039
100	0	0	83	0	1	1	0.230039	0.232138
100	0	0	83	0	1	0	0.232138	0.236128
100	0	0	83	0	1	1	0.236128	0.243727
100	0	0	83	0	1	0	0.243727	0.247351
100	0	0	83	0	1	1	0.247351	0.371211
100	0	0	83	0	1	0	0.371211	0.391512
100	0	0	83	0	1	1	0.391512	0.427
##	100	0	0	83	0	1	0.2
##	100	0	0	83	mtdna	1
100	0	0	84	0	0	1	0	0.0773763
100	0	0	84	0	0	0	0.0773763	0.0993173
100	0	0	84	0	0	1	0.0993173	0.286466
100	0	0	84	0	0	0	0.286466	0.294455
100	0	0	84	0	0	1	0.294455	0.375578
100	0	0	84	0	0	0	0.375578	0.379807
100	0	0	84	0	0	1	0.379807	0.400752
100	0	0	84	0	0	0	0.400752	0.427
##	100	0	0	84	0	0	0.2
100	0	0	84	0	1	1	0	0.095813
100	0	0	84	0	1	0	0.095813	0.103775
100	0	0	84	0	1	1	0.103775	0.12407
100	0	0	84	0	1	0	0.12407	0.132575
100	0	0	84	0	1	1	0.132575	0.426234
100	0	0	84	0	1	0	0.426234	0.427
##	100	0	0	84	0	1	0.2
##	100	0	0	84	mtdna	1
100	0	0	85	0	0	1	0	0.0722373
100	0	0	85	0	0	0	0.0722373	0.082586
100	0	0	85	0	0	1	0.082586	0.171007
100	0	0	85	0	0	0	0.171007	0.20685
100	0	0	85	0	0	1	0.20685	0.211819
100	0	0	85	0	0	0	0.211819	0.217035
100	0	0	85	0	0	1	0.217035	0.24606
100	0	0	85	0	0	0	0.24606	0.264184
100	0	0	85	0	0	1	0.264184	0.281263
100	0	0	85	0	0	0	0.281263	0.290436
100	0	0	85	0	0	1	0.290436	0.331087
100	0	0	85	0	0	0	0.331087	0.336379
100	0	0	85	0	0	1	0.336379	0.427
##	100	0	0	85	0	0
100	0	0	85	0	1	1	0	0.0296755
100	0	0	85	0	1	0	0.0296755	0.0349153
100	0	0	85	0	1	1	0.0349153	0.196556
100	0	0	85	0	1	0	0.196556	0.206411
100	0	0	85	0	1	1	0.206411	0.287404
100	0	0	85	0	1	0	0.287404	0.295759
100	0	0	85	0	1	1	0.295759	0.324304
100	0	0	85	0	1	0	0.324304	0.332685
100	0	0	85	0	1	1	0.332685	0.427
##	100	0	0	85	0	1
##	100	0	0	85	mtdna	1
100	0	0	86	0	0	1	0	0.000753288
100	0	0	86	0	0	0	0.000753288	0.00683177
100	0	0	86	0	0	1	0.00683177	0.133861
100	0	0	86	0	0	0	0.133861	0.154804
100	0	0	86	0	0	1	0.154804	0.155424
100	0	0	86	0	0	0	0.155424	0.186322
100	0	0	86	0	0	1	0.186322	0.187956
100	0	0	86	0	0	0	0.187956	0.189735
100	0	0	86	0	0	1	0.189735	0.210051
100	0	0	86	0	0	0	0.210051	0.210965
100	0	0	86	0	0	1	0.210965	0.302281
100	0	0	86	0	0	0	0.302281	0.310677
100	0	0	86	0	0	1	0.310677	0.401438
100	0	0	86	0	0	0	0.401438	0.409197
100	0	0	86	0	0	1	0.409197	0.415217
100	0	0	86	0	0	0	0.415217	0.427
##	100	0	0	86	0	0	0.2
100	0	0	86	0	1	1	0	0.0915485
100	0	0	86	0	1	0	0.0915485	0.111769
100	0	0	86	0	1	1	0.111769	0.180501
100	0	0	86	0	1	0	0.180501	0.184197
100	0	0	86	0	1	1	0.184197	0.26143
100	0	0	86	0	1	0	0.26143	0.285506
100	0	0	86	0	1	1	0.285506	0.293131
100	0	0	86	0	1	0	0.293131	0.307749
100	0	0	86	0	1	1	0.307749	0.316554
100	0	0	86	0	1	0	0.316554	0.336663
100	0	0	86	0	1	1	0.336663	0.427
##	100	0	0	86	0	1	0.2
##	100	0	0	86	mtdna	1
100	0	0	87	0	0	1	0	0.00221964
100	0	0	87	0	0	0	0.00221964	0.00431955
100	0	0	87	0	0	1	0.00431955	0.0429514
100	0	0	87	0	0	0	0.0429514	0.0517554
100	0	0	87	0	0	1	0.0517554	0.0799223
100	0	0	87	0	0	0	0.0799223	0.0880444
100	0	0	87	0	0	1	0.0880444	0.251759
100	0	0	87	0	0	0	0.251759	0.257786
100	0	0	87	0	0	1	0.257786	0.265403
100	0	0	87	0	0	0	0.265403	0.27993
100	0	0	87	0	0	1	0.27993	0.30081
100	0	0	87	0	0	0	0.30081	0.324164
100	0	0	87	0	0	1	0.324164	0.427
##	100	0	0	87	0	0	0.2
100	0	0	87	0	1	1	0	0.0324009
100	0	0	87	0	1	0	0.0324009	0.0431047
100	0	0	87	0	1	1	0.0431047	0.0999824
100	0	0	87	0	1	0	0.0999824	0.10164
100	0	0	87	0	1	1	0.10164	0.111512
100	0	0	87	0	1	0	0.111512	0.11504
100	0	0	87	0	1	1	0.11504	0.154499
100	0	0	87	0	1	0	0.154499	0.163509
100	0	0	87	0	1	1	0.163509	0.297015
100	0	0	87	0	1	0	0.297015	0.308738
100	0	0	87	0	1	1	0.308738	0.427
##	100	0	0	87	0	1	0.2
##	100	0	0	87	mtdna	1
100	0	0	88	0	0	1	0	0.13495
100	0	0	88	0	0	0	0.13495	0.145789
100	0	0	88	0	0	1	0.145789	0.247565
100	0	0	88	0	0	0	0.247565	0.248466
100	0	0	88	0	0	1	0.248466	0.323773
100	0	0	88	0	0	0	0.323773	0.333125
100	0	0	88	0	0	1	0.333125	0.368722
100	0	0	88	0	0	0	0.368722	0.385605
100	0	0	88	0	0	1	0.385605	0.427
##	100	0	0	88	0	0	0.2
100	0	0	88	0	1	1	0	0.0685587
100	0	0	88	0	1	0	0.0685587	0.0690364
100	0	0	88	0	1	1	0.0690364	0.235249
100	0	0	88	0	1	0	0.235249	0.240074
100	0	0	88	0	1	1	0.240074	0.350114
100	0	0	88	0	1	0	0.350114	0.362441
100	0	0	88	0	1	1	0.362441	0.375648
100	0	0	88	0	1	0	0.375648	0.384234
100	0	0	88	0	1	1	0.384234	0.427
##	100	0	0	88	0	1	0.2
##	100	0	0	88	mtdna	1
100	0	0	89	0	0	1	0	0.0874654
100	0	0	89	0	0	0	0.0874654	0.0922527
100	0	0	89	0	0	1	0.0922527	0.186364
100	0	0	89	0	0	0	0.186364	0.206164
100	0	0	89	0	0	1	0.206164	0.225842
100	0	0	89	0	0	0	0.225842	0.233606
100	0	0	89	0	0	1	0.233606	0.427
##	100	0	0	89	0	0
100	0	0	89	0	1	1	0	0.0904262
100	0	0	89	0	1	0	0.0904262	0.093868
100	0	0	89	0	1	1	0.093868	0.134332
100	0	0	89	0	1	0	0.134332	0.137323
100	0	0	89	0	1	1	0.137323	0.226717
100	0	0	89	0	1	0	0.226717	0.22915
100	0	0	89	0	1	1	0.22915	0.294021
100	0	0	89	0	1	0	0.294021	0.308109
100	0	0	89	0	1	1	0.308109	0.414006
100	0	0	89	0	1	0	0.414006	0.416977
100	0	0	89	0	1	1	0.416977	0.427
##	100	0	0	89	0	1	0.2
##	100	0	0	89	mtdna	1
100	0	0	90	0	0	1	0	0.0690399
100	0	0	90	0	0	0	0.0690399	0.0729486
100	0	0	90	0	0	1	0.0729486	0.247814
100	0	0	90	0	0	0	0.247814	0.275821
100	0	0	90	0	0	1	0.275821	0.312176
100	0	0	90	0	0	0	0.312176	0.338493
100	0	0	90	0	0	1	0.338493	0.381963
100	0	0	90	0	0	0	0.381963	0.392703
100	0	0	90	0	0	1	0.392703	0.405735
100	0	0	90	0	0	0	0.405735	0.406126
100	0	0	90	0	0	1	0.406126	0.427
##	100	0	0	90	0	0	0.2
100	0	0	90	0	1	1	0	0.0594239
100	0	0	90	0	1	0	0.0594239	0.0824255
100	0	0	90	0	1	1	0.0824255	0.344938
100	0	0	90	0	1	0	0.344938	0.373471
100	0	0	90	0	1	1	0.373471	0.422914
100	0	0	90	0	1	0	0.422914	0.427
##	100	0	0	90	0	1	0.2
##	100	0	0	90	mtdna	1
100	0	0	91	0	0	1	0	0.0768295
100	0	0	91	0	0	0	0.0768295	0.0771764
100	0	0	91	0	0	1	0.0771764	0.137197
100	0	0	91	0	0	0	0.137197	0.139333
100	0	0	91	0	0	1	0.139333	0.174604
100	0	0	91	0	0	0	0.174604	0.181667
100	0	0	91	0	0	1	0.181667	0.187205
100	0	0	91	0	0	0	0.187205	0.197157
100	0	0	91	0	0	1	0.197157	0.387535
100	0	0	91	0	0	0	0.387535	0.388849
100	0	0	91	0	0	1	0.388849	0.427
##	100	0	0	91	0	0	0.2
100	0	0	91	0	1	1	0	0.323585
100	0	0	91	0	1	0	0.323585	0.325121
100	0	0	91	0	1	1	0.325121	0.353733
100	0	0	91	0	1	0	0.353733	0.357125
100	0	0	91	0	1	1	0.357125	0.427
##	100	0	0	91	0	1	0.2
##	100	0	0	91	mtdna	1
100	0	0	92	0	0	1	0	0.178375
100	0	0	92	0	0	0	0.178375	0.247808
100	0	0	92	0	0	1	0.247808	0.349923
100	0	0	92	0	0	0	0.349923	0.350811
100	0	0	92	0	0	1	0.350811	0.392102
100	0	0	92	0	0	0	0.392102	0.405129
100	0	0	92	0	0	1	0.405129	0.427
##	100	0	0	92	0	0
100	0	0	92	0	1	1	0	0.0163206
100	0	0	92	0	1	0	0.0163206	0.0235355
100	0	0	92	0	1	1	0.0235355	0.0587303
100	0	0	92	0	1	0	0.0587303	0.0610414
100	0	0	92	0	1	1	0.0610414	0.210262
100	0	0	92	0	1	0	0.210262	0.242083
100	0	0	92	0	1	1	0.242083	0.331779
100	0	0	92	0	1	0	0.331779	0.333388
100	0	0	92	0	1	1	0.333388	0.36093
100	0	0	92	0	1	0	0.36093	0.40187
100	0	0	92	0	1	1	0.40187	0.427
##	100	0	0	92	0	1	0.2
##	100	0	0	92	mtdna	1
100	0	0	93	0	0	1	0	0.193111
100	0	0	93	0	0	0	0.193111	0.19489
100	0	0	93	0	0	1	0.19489	0.226478
100	0	0	93	0	0	0	0.226478	0.239066
100	0	0	93	0	0	1	0.239066	0.427
##	100	0	0	93	0	0	0.2
100	0	0	93	0	1	1	0	0.30917
100	0	0	93	0	1	0	0.30917	0.358527
100	0	0	93	0	1	1	0.358527	0.379612
100	0	0	93	0	1	0	0.379612	0.396215
100	0	0	93	0	1	1	0.396215	0.427
##	100	0	0	93	0	1	0.2
##	100	0	0	93	mtdna	1
100	0	0	94	0	0	1	0	0.0279028
100	0	0	94	0	0	0	0.0279028	0.0305731
100	0	0	94	0	0	1	0.0305731	0.300619
100	0	0	94	0	0	0	0.300619	0.304777
100	0	0	94	0	0	1	0.304777	0.353733
100	0	0	94	0	0	0	0.353733	0.355918
100	0	0	94	0	0	1	0.355918	0.39975
100	0	0	94	0	0	0	0.39975	0.412229
100	0	0	94	0	0	1	0.412229	0.427
##	100	0	0	94	0	0	0.2
100	0	0	94	0	1	0	0	0.00722602
100	0	0	94	0	1	1	0.00722602	0.110815
100	0	0	94	0	1	0	0.110815	0.118184
100	0	0	94	0	1	1	0.118184	0.149856
100	0	0	94	0	1	0	0.149856	0.182097
100	0	0	94	0	1	1	0.182097	0.275728
100	0	0	94	0	1	0	0.275728	0.280967
100	0	0	94	0	1	1	0.280967	0.416263
100	0	0	94	0	1	0	0.416263	0.418169
100	0	0	94	0	1	1	0.418169	0.427
##	100	0	0	94	0	1	0.2
##	100	0	0	94	mtdna	1
100	0	0	95	0	0	1	0	0.0284803
100	0	0	95	0	0	0	0.0284803	0.0314307
100	0	0	95	0	0	1	0.0314307	0.427
##	100	0	0	95	0	0	0.2
100	0	0	95	0	1	1	0	0.0511807
100	0	0	95	0	1	0	0.0511807	0.0533021
100	0	0	95	0	1	1	0.0533021	0.364428
100	0	0	95	0	1	0	0.364428	0.366458
100	0	0	95	0	1	1	0.366458	0.371506
100	0	0	95	0	1	0	0.371506	0.391141
100	0	0	95	0	1	1	0.391141	0.427
##	100	0	0	95	0	1	0.2
##	100	0	0	95	mtdna	1
100	0	0	96	0	0	1	0	0.239264
100	0	0	96	0	0	0	0.239264	0.264713
100	0	0	96	0	0	1	0.264713	0.400197
100	0	0	96	0	0	0	0.400197	0.402631
100	0	0	96	0	0	1	0.402631	0.427
##	100	0	0	96	0	0	0.2
100	0	0	96	0	1	1	0	0.141139
100	0	0	96	0	1	0	0.141139	0.172757
100	0	0	96	0	1	1	0.172757	0.222664
100	0	0	96	0	1	0	0.222664	0.225504
100	0	0	96	0	1	1	0.225504	0.247714
100	0	0	96	0	1	0	0.247714	0.266202
100	0	0	96	0	1	1	0.266202	0.332902
100	0	0	96	0	1	0	0.332902	0.338858
100	0	0	96	0	1	1	0.338858	0.427
##	100	0	0	96	0	1	0.2
##	100	0	0	96	mtdna	1
100	0	0	97	0	0	1	0	0.146303
100	0	0	97	0	0	0	0.146303	0.166539
100	0	0	97	0	0	1	0.166539	0.184846
100	0	0	97	0	0	0	0.184846	0.210986
100	0	0	97	0	0	1	0.210986	0.272289
100	0	0	97	0	0	0	0.272289	0.281943
100	0	0	97	0	0	1	0.281943	0.294633
100	0	0	97	0	0	0	0.294633	0.303351
100	0	0	97	0	0	1	0.303351	0.329965
100	0	0	97	0	0	0	0.329965	0.384291
100	0	0	97	0	0	1	0.384291	0.427
##	100	0	0	97	0	0
100	0	0	97	0	1	1	0	0.0292144
100	0	0	97	0	1	0	0.0292144	0.0321343
100	0	0	97	0	1	1	0.0321343	0.0820947
100	0	0	97	0	1	0	0.0820947	0.108999
100	0	0	97	0	1	1	0.108999	0.180172
100	0	0	97	0	1	0	0.180172	0.184197
100	0	0	97	0	1	1	0.184197	0.21725
100	0	0	97	0	1	0	0.21725	0.224029
100	0	0	97	0	1	1	0.224029	0.275959
100	0	0	97	0	1	0	0.275959	0.278773
100	0	0	97	0	1	1	0.278773	0.427
##	100	0	0	97	0	1	0.2
##	100	0	0	97	mtdna	1
100	0	0	98	0	0	0	0	0.00238264
100	0	0	98	0	0	1	0.00238264	0.0128825
100	0	0	98	0	0	0	0.0128825	0.0309782
100	0	0	98	0	0	1	0.0309782	0.153532
100	0	0	98	0	0	0	0.153532	0.160978
100	0	0	98	0	0	1	0.160978	0.250189
100	0	0	98	0	0	0	0.250189	0.260545
100	0	0	98	0	0	1	0.260545	0.353733
100	0	0	98	0	0	0	0.353733	0.357125
100	0	0	98	0	0	1	0.357125	0.378582
100	0	0	98	0	0	0	0.378582	0.384955
100	0	0	98	0	0	1	0.384955	0.427
##	100	0	0	98	0	0	0.2
100	0	0	98	0	1	1	0	0.0186337
100	0	0	98	0	1	0	0.0186337	0.0204948
100	0	0	98	0	1	1	0.0204948	0.287392
100	0	0	98	0	1	0	0.287392	0.304814
100	0	0	98	0	1	1	0.304814	0.427
##	100	0	0	98	0	1	0.2
##	100	0	0	98	mtdna	1
100	0	0	99	0	0	1	0	0.0402636
100	0	0	99	0	0	0	0.0402636	0.0404713
100	0	0	99	0	0	1	0.0404713	0.164606
100	0	0	99	0	0	0	0.164606	0.169378
100	0	0	99	0	0	1	0.169378	0.185973
100	0	0	99	0	0	0	0.185973	0.189371
100	0	0	99	0	0	1	0.189371	0.427
##	100	0	0	99	0	0	0.2
100	0	0	99	0	1	1	0	0.0417658
100	0	0	99	0	1	0	0.0417658	0.0483547
100	0	0	99	0	1	1	0.0483547	0.120511
100	0	0	99	0	1	0	0.120511	0.133633
100	0	0	99	0	1	1	0.133633	0.293131
100	0	0	99	0	1	0	0.293131	0.320125
100	0	0	99	0	1	1	0.320125	0.413351
100	0	0	99	0	1	0	0.413351	0.415899
100	0	0	99	0	1	1	0.415899	0.427
##	100	0	0	99	0	1	0.2
##	100	0	0	99	mtdna	1
100	0	0	100	0	0	1	0	0.0697284
100	0	0	100	0	0	0	0.0697284	0.0704
100	0	0	100	0	0	1	0.0704	0.0956748
100	0	0	100	0	0	0	0.0956748	0.0966696
100	0	0	100	0	0	1	0.0966696	0.232138
100	0	0	100	0	0	0	0.232138	0.242556
100	0	0	100	0	0	1	0.242556	0.427
##	100	0	0	100	0	0	0.2
100	0	0	100	0	1	1	0	0.0667346
100	0	0	100	0	1	0	0.0667346	0.0691691
100	0	0	100	0	1	1	0.0691691	0.110815
100	0	0	100	0	1	0	0.110815	0.118184
100	0	0	100	0	1	1	0.118184	0.176253
100	0	0	100	0	1	0	0.176253	0.178721
100	0	0	100	0	1	1	0.178721	0.187677
100	0	0	100	0	1	0	0.187677	0.192795
100	0	0	100	0	1	1	0.192795	0.193962
100	0	0	100	0	1	0	0.193962	0.208137
100	0	0	100	0	1	1	0.208137	0.378756
100	0	0	100	0	1	0	0.378756	0.390924
100	0	0	100	0	1	1	0.390924	0.427
##	100	0	0	100	0	1
##	100	0	0	100	mtdna	1
