100	0	0	1	0	0	0	0	0.00628548
100	0	0	1	0	0	1	0.00628548	0.167521
100	0	0	1	0	0	0	0.167521	0.198722
100	0	0	1	0	0	1	0.198722	0.215844
100	0	0	1	0	0	0	0.215844	0.224359
100	0	0	1	0	0	1	0.224359	0.427
##	100	0	0	1	0	0	0.2
100	0	0	1	0	1	1	0	0.128537
100	0	0	1	0	1	0	0.128537	0.142344
100	0	0	1	0	1	1	0.142344	0.427
##	100	0	0	1	0	1	0.2
##	100	0	0	1	mtdna	1
100	0	0	2	0	0	1	0	0.320572
100	0	0	2	0	0	0	0.320572	0.327568
100	0	0	2	0	0	1	0.327568	0.427
##	100	0	0	2	0	0	0.2
100	0	0	2	0	1	1	0	0.224508
100	0	0	2	0	1	0	0.224508	0.225865
100	0	0	2	0	1	1	0.225865	0.349308
100	0	0	2	0	1	0	0.349308	0.353769
100	0	0	2	0	1	1	0.353769	0.427
##	100	0	0	2	0	1	0.2
##	100	0	0	2	mtdna	1
100	0	0	3	0	0	1	0	0.0540022
100	0	0	3	0	0	0	0.0540022	0.0564977
100	0	0	3	0	0	1	0.0564977	0.426071
100	0	0	3	0	0	0	0.426071	0.427
##	100	0	0	3	0	0	0.2
100	0	0	3	0	1	1	0	0.00264487
100	0	0	3	0	1	0	0.00264487	0.0141542
100	0	0	3	0	1	1	0.0141542	0.0406703
100	0	0	3	0	1	0	0.0406703	0.0550589
100	0	0	3	0	1	1	0.0550589	0.178953
100	0	0	3	0	1	0	0.178953	0.213166
100	0	0	3	0	1	1	0.213166	0.346649
100	0	0	3	0	1	0	0.346649	0.367429
100	0	0	3	0	1	1	0.367429	0.427
##	100	0	0	3	0	1
##	100	0	0	3	mtdna	1
100	0	0	4	0	0	1	0	0.0473439
100	0	0	4	0	0	0	0.0473439	0.0659692
100	0	0	4	0	0	1	0.0659692	0.181564
100	0	0	4	0	0	0	0.181564	0.219344
100	0	0	4	0	0	1	0.219344	0.222698
100	0	0	4	0	0	0	0.222698	0.226803
100	0	0	4	0	0	1	0.226803	0.427
##	100	0	0	4	0	0
100	0	0	4	0	1	1	0	0.0903882
100	0	0	4	0	1	0	0.0903882	0.0949541
100	0	0	4	0	1	1	0.0949541	0.301086
100	0	0	4	0	1	0	0.301086	0.302113
100	0	0	4	0	1	1	0.302113	0.427
##	100	0	0	4	0	1	0.2
##	100	0	0	4	mtdna	1
100	0	0	5	0	0	1	0	0.0580737
100	0	0	5	0	0	0	0.0580737	0.0876716
100	0	0	5	0	0	1	0.0876716	0.147321
100	0	0	5	0	0	0	0.147321	0.149987
100	0	0	5	0	0	1	0.149987	0.403803
100	0	0	5	0	0	0	0.403803	0.412452
100	0	0	5	0	0	1	0.412452	0.427
##	100	0	0	5	0	0	0.2
100	0	0	5	0	1	1	0	0.0250608
100	0	0	5	0	1	0	0.0250608	0.0318666
100	0	0	5	0	1	1	0.0318666	0.0675741
100	0	0	5	0	1	0	0.0675741	0.0704298
100	0	0	5	0	1	1	0.0704298	0.113068
100	0	0	5	0	1	0	0.113068	0.114077
100	0	0	5	0	1	1	0.114077	0.17921
100	0	0	5	0	1	0	0.17921	0.223061
100	0	0	5	0	1	1	0.223061	0.28597
100	0	0	5	0	1	0	0.28597	0.316386
100	0	0	5	0	1	1	0.316386	0.41697
100	0	0	5	0	1	0	0.41697	0.422993
100	0	0	5	0	1	1	0.422993	0.427
##	100	0	0	5	0	1
##	100	0	0	5	mtdna	1
100	0	0	6	0	0	1	0	0.0702838
100	0	0	6	0	0	0	0.0702838	0.0790059
100	0	0	6	0	0	1	0.0790059	0.134942
100	0	0	6	0	0	0	0.134942	0.139026
100	0	0	6	0	0	1	0.139026	0.233747
100	0	0	6	0	0	0	0.233747	0.249018
100	0	0	6	0	0	1	0.249018	0.31679
100	0	0	6	0	0	0	0.31679	0.328912
100	0	0	6	0	0	1	0.328912	0.331311
100	0	0	6	0	0	0	0.331311	0.335439
100	0	0	6	0	0	1	0.335439	0.3464
100	0	0	6	0	0	0	0.3464	0.355411
100	0	0	6	0	0	1	0.355411	0.427
##	100	0	0	6	0	0	0.2
100	0	0	6	0	1	1	0	0.014132
100	0	0	6	0	1	0	0.014132	0.0370241
100	0	0	6	0	1	1	0.0370241	0.166692
100	0	0	6	0	1	0	0.166692	0.213132
100	0	0	6	0	1	1	0.213132	0.427
##	100	0	0	6	0	1
##	100	0	0	6	mtdna	1
100	0	0	7	0	0	1	0	0.0158319
100	0	0	7	0	0	0	0.0158319	0.0202214
100	0	0	7	0	0	1	0.0202214	0.0946097
100	0	0	7	0	0	0	0.0946097	0.097284
100	0	0	7	0	0	1	0.097284	0.17582
100	0	0	7	0	0	0	0.17582	0.179191
100	0	0	7	0	0	1	0.179191	0.427
##	100	0	0	7	0	0	0.2
100	0	0	7	0	1	1	0	0.0192729
100	0	0	7	0	1	0	0.0192729	0.0210733
100	0	0	7	0	1	1	0.0210733	0.427
##	100	0	0	7	0	1	0.2
##	100	0	0	7	mtdna	1
100	0	0	8	0	0	1	0	0.0532085
100	0	0	8	0	0	0	0.0532085	0.0701021
100	0	0	8	0	0	1	0.0701021	0.242338
100	0	0	8	0	0	0	0.242338	0.243575
100	0	0	8	0	0	1	0.243575	0.423059
100	0	0	8	0	0	0	0.423059	0.424378
100	0	0	8	0	0	1	0.424378	0.427
##	100	0	0	8	0	0	0.2
100	0	0	8	0	1	0	0	0.00839299
100	0	0	8	0	1	1	0.00839299	0.0280178
100	0	0	8	0	1	0	0.0280178	0.0387636
100	0	0	8	0	1	1	0.0387636	0.0432052
100	0	0	8	0	1	0	0.0432052	0.0539773
100	0	0	8	0	1	1	0.0539773	0.118291
100	0	0	8	0	1	0	0.118291	0.162835
100	0	0	8	0	1	1	0.162835	0.191304
100	0	0	8	0	1	0	0.191304	0.212114
100	0	0	8	0	1	1	0.212114	0.28082
100	0	0	8	0	1	0	0.28082	0.289261
100	0	0	8	0	1	1	0.289261	0.427
##	100	0	0	8	0	1
##	100	0	0	8	mtdna	0
100	0	0	9	0	0	1	0	0.0130255
100	0	0	9	0	0	0	0.0130255	0.015498
100	0	0	9	0	0	1	0.015498	0.0422259
100	0	0	9	0	0	0	0.0422259	0.0438137
100	0	0	9	0	0	1	0.0438137	0.174672
100	0	0	9	0	0	0	0.174672	0.202526
100	0	0	9	0	0	1	0.202526	0.363239
100	0	0	9	0	0	0	0.363239	0.365516
100	0	0	9	0	0	1	0.365516	0.427
##	100	0	0	9	0	0
100	0	0	9	0	1	1	0	0.0655674
100	0	0	9	0	1	0	0.0655674	0.0712549
100	0	0	9	0	1	1	0.0712549	0.134089
100	0	0	9	0	1	0	0.134089	0.153982
100	0	0	9	0	1	1	0.153982	0.154032
100	0	0	9	0	1	0	0.154032	0.159752
100	0	0	9	0	1	1	0.159752	0.34109
100	0	0	9	0	1	0	0.34109	0.342755
100	0	0	9	0	1	1	0.342755	0.422678
100	0	0	9	0	1	0	0.422678	0.427
##	100	0	0	9	0	1	0.2
##	100	0	0	9	mtdna	1
100	0	0	10	0	0	1	0	0.042185
100	0	0	10	0	0	0	0.042185	0.0567728
100	0	0	10	0	0	1	0.0567728	0.133532
100	0	0	10	0	0	0	0.133532	0.139307
100	0	0	10	0	0	1	0.139307	0.427
##	100	0	0	10	0	0	0.2
100	0	0	10	0	1	1	0	0.127149
100	0	0	10	0	1	0	0.127149	0.163638
100	0	0	10	0	1	1	0.163638	0.247672
100	0	0	10	0	1	0	0.247672	0.258934
100	0	0	10	0	1	1	0.258934	0.427
##	100	0	0	10	0	1	0.2
##	100	0	0	10	mtdna	1
100	0	0	11	0	0	1	0	0.0142316
100	0	0	11	0	0	0	0.0142316	0.0386662
100	0	0	11	0	0	1	0.0386662	0.166178
100	0	0	11	0	0	0	0.166178	0.201097
100	0	0	11	0	0	1	0.201097	0.239957
100	0	0	11	0	0	0	0.239957	0.242898
100	0	0	11	0	0	1	0.242898	0.308689
100	0	0	11	0	0	0	0.308689	0.321379
100	0	0	11	0	0	1	0.321379	0.427
##	100	0	0	11	0	0
100	0	0	11	0	1	1	0	0.191216
100	0	0	11	0	1	0	0.191216	0.231634
100	0	0	11	0	1	1	0.231634	0.240669
100	0	0	11	0	1	0	0.240669	0.240697
100	0	0	11	0	1	1	0.240697	0.427
##	100	0	0	11	0	1
##	100	0	0	11	mtdna	1
100	0	0	12	0	0	1	0	0.00212372
100	0	0	12	0	0	0	0.00212372	0.0038978
100	0	0	12	0	0	1	0.0038978	0.00594759
100	0	0	12	0	0	0	0.00594759	0.010306
100	0	0	12	0	0	1	0.010306	0.213669
100	0	0	12	0	0	0	0.213669	0.235367
100	0	0	12	0	0	1	0.235367	0.275223
100	0	0	12	0	0	0	0.275223	0.276989
100	0	0	12	0	0	1	0.276989	0.427
##	100	0	0	12	0	0	0.2
100	0	0	12	0	1	1	0	0.0190932
100	0	0	12	0	1	0	0.0190932	0.0266049
100	0	0	12	0	1	1	0.0266049	0.200301
100	0	0	12	0	1	0	0.200301	0.204496
100	0	0	12	0	1	1	0.204496	0.242338
100	0	0	12	0	1	0	0.242338	0.243575
100	0	0	12	0	1	1	0.243575	0.364017
100	0	0	12	0	1	0	0.364017	0.376476
100	0	0	12	0	1	1	0.376476	0.422043
100	0	0	12	0	1	0	0.422043	0.424378
100	0	0	12	0	1	1	0.424378	0.427
##	100	0	0	12	0	1	0.2
##	100	0	0	12	mtdna	1
100	0	0	13	0	0	1	0	0.0321485
100	0	0	13	0	0	0	0.0321485	0.0326034
100	0	0	13	0	0	1	0.0326034	0.0334367
100	0	0	13	0	0	0	0.0334367	0.0456301
100	0	0	13	0	0	1	0.0456301	0.0926981
100	0	0	13	0	0	0	0.0926981	0.0970456
100	0	0	13	0	0	1	0.0970456	0.427
##	100	0	0	13	0	0	0.2
100	0	0	13	0	1	0	0	0.0248983
100	0	0	13	0	1	1	0.0248983	0.166898
100	0	0	13	0	1	0	0.166898	0.182631
100	0	0	13	0	1	1	0.182631	0.331914
100	0	0	13	0	1	0	0.331914	0.333122
100	0	0	13	0	1	1	0.333122	0.426756
100	0	0	13	0	1	0	0.426756	0.427
##	100	0	0	13	0	1	0.2
##	100	0	0	13	mtdna	1
100	0	0	14	0	0	1	0	0.0998897
100	0	0	14	0	0	0	0.0998897	0.107414
100	0	0	14	0	0	1	0.107414	0.427
##	100	0	0	14	0	0	0.2
100	0	0	14	0	1	1	0	0.0731179
100	0	0	14	0	1	0	0.0731179	0.0918492
100	0	0	14	0	1	1	0.0918492	0.19409
100	0	0	14	0	1	0	0.19409	0.195831
100	0	0	14	0	1	1	0.195831	0.230012
100	0	0	14	0	1	0	0.230012	0.23472
100	0	0	14	0	1	1	0.23472	0.250155
100	0	0	14	0	1	0	0.250155	0.250791
100	0	0	14	0	1	1	0.250791	0.256944
100	0	0	14	0	1	0	0.256944	0.257248
100	0	0	14	0	1	1	0.257248	0.325091
100	0	0	14	0	1	0	0.325091	0.376476
100	0	0	14	0	1	1	0.376476	0.396325
100	0	0	14	0	1	0	0.396325	0.427
##	100	0	0	14	0	1	0.2
##	100	0	0	14	mtdna	1
100	0	0	15	0	0	1	0	0.0690791
100	0	0	15	0	0	0	0.0690791	0.0741443
100	0	0	15	0	0	1	0.0741443	0.277999
100	0	0	15	0	0	0	0.277999	0.285642
100	0	0	15	0	0	1	0.285642	0.422029
100	0	0	15	0	0	0	0.422029	0.427
##	100	0	0	15	0	0	0.2
100	0	0	15	0	1	1	0	0.299823
100	0	0	15	0	1	0	0.299823	0.317076
100	0	0	15	0	1	1	0.317076	0.407516
100	0	0	15	0	1	0	0.407516	0.418046
100	0	0	15	0	1	1	0.418046	0.427
##	100	0	0	15	0	1	0.2
##	100	0	0	15	mtdna	1
100	0	0	16	0	0	1	0	0.0735312
100	0	0	16	0	0	0	0.0735312	0.0950754
100	0	0	16	0	0	1	0.0950754	0.427
##	100	0	0	16	0	0	0.2
100	0	0	16	0	1	1	0	0.0130255
100	0	0	16	0	1	0	0.0130255	0.015498
100	0	0	16	0	1	1	0.015498	0.0977767
100	0	0	16	0	1	0	0.0977767	0.098692
100	0	0	16	0	1	1	0.098692	0.20826
100	0	0	16	0	1	0	0.20826	0.208456
100	0	0	16	0	1	1	0.208456	0.427
##	100	0	0	16	0	1	0.2
##	100	0	0	16	mtdna	1
100	0	0	17	0	0	1	0	0.326523
100	0	0	17	0	0	0	0.326523	0.356671
100	0	0	17	0	0	1	0.356671	0.41708
100	0	0	17	0	0	0	0.41708	0.422341
100	0	0	17	0	0	1	0.422341	0.424219
100	0	0	17	0	0	0	0.424219	0.427
##	100	0	0	17	0	0	0.2
100	0	0	17	0	1	1	0	0.111222
100	0	0	17	0	1	0	0.111222	0.126796
100	0	0	17	0	1	1	0.126796	0.331034
100	0	0	17	0	1	0	0.331034	0.34145
100	0	0	17	0	1	1	0.34145	0.362637
100	0	0	17	0	1	0	0.362637	0.374125
100	0	0	17	0	1	1	0.374125	0.427
##	100	0	0	17	0	1	0.2
##	100	0	0	17	mtdna	1
100	0	0	18	0	0	1	0	0.161722
100	0	0	18	0	0	0	0.161722	0.168503
100	0	0	18	0	0	1	0.168503	0.427
##	100	0	0	18	0	0	0.2
100	0	0	18	0	1	1	0	0.0827989
100	0	0	18	0	1	0	0.0827989	0.0845708
100	0	0	18	0	1	1	0.0845708	0.182994
100	0	0	18	0	1	0	0.182994	0.195654
100	0	0	18	0	1	1	0.195654	0.427
##	100	0	0	18	0	1	0.2
##	100	0	0	18	mtdna	1
100	0	0	19	0	0	1	0	0.131942
100	0	0	19	0	0	0	0.131942	0.135406
100	0	0	19	0	0	1	0.135406	0.204822
100	0	0	19	0	0	0	0.204822	0.22445
100	0	0	19	0	0	1	0.22445	0.241921
100	0	0	19	0	0	0	0.241921	0.251431
100	0	0	19	0	0	1	0.251431	0.311869
100	0	0	19	0	0	0	0.311869	0.326395
100	0	0	19	0	0	1	0.326395	0.427
##	100	0	0	19	0	0	0.2
100	0	0	19	0	1	1	0	0.00342488
100	0	0	19	0	1	0	0.00342488	0.0140289
100	0	0	19	0	1	1	0.0140289	0.186256
100	0	0	19	0	1	0	0.186256	0.186963
100	0	0	19	0	1	1	0.186963	0.391989
100	0	0	19	0	1	0	0.391989	0.427
##	100	0	0	19	0	1	0.2
##	100	0	0	19	mtdna	1
100	0	0	20	0	0	1	0	0.336455
100	0	0	20	0	0	0	0.336455	0.350594
100	0	0	20	0	0	1	0.350594	0.427
##	100	0	0	20	0	0	0.2
100	0	0	20	0	1	1	0	0.156322
100	0	0	20	0	1	0	0.156322	0.208919
100	0	0	20	0	1	1	0.208919	0.265331
100	0	0	20	0	1	0	0.265331	0.27
100	0	0	20	0	1	1	0.27	0.366164
100	0	0	20	0	1	0	0.366164	0.386629
100	0	0	20	0	1	1	0.386629	0.427
##	100	0	0	20	0	1
##	100	0	0	20	mtdna	1
100	0	0	21	0	0	1	0	0.0357664
100	0	0	21	0	0	0	0.0357664	0.0437862
100	0	0	21	0	0	1	0.0437862	0.0741777
100	0	0	21	0	0	0	0.0741777	0.0868393
100	0	0	21	0	0	1	0.0868393	0.298435
100	0	0	21	0	0	0	0.298435	0.298707
100	0	0	21	0	0	1	0.298707	0.362211
100	0	0	21	0	0	0	0.362211	0.391765
100	0	0	21	0	0	1	0.391765	0.41743
100	0	0	21	0	0	0	0.41743	0.418046
100	0	0	21	0	0	1	0.418046	0.427
##	100	0	0	21	0	0	0.2
100	0	0	21	0	1	1	0	0.108447
100	0	0	21	0	1	0	0.108447	0.114077
100	0	0	21	0	1	1	0.114077	0.24332
100	0	0	21	0	1	0	0.24332	0.244469
100	0	0	21	0	1	1	0.244469	0.427
##	100	0	0	21	0	1	0.2
##	100	0	0	21	mtdna	1
100	0	0	22	0	0	1	0	0.0103499
100	0	0	22	0	0	0	0.0103499	0.0286878
100	0	0	22	0	0	1	0.0286878	0.0576495
100	0	0	22	0	0	0	0.0576495	0.0579299
100	0	0	22	0	0	1	0.0579299	0.359075
100	0	0	22	0	0	0	0.359075	0.412789
100	0	0	22	0	0	1	0.412789	0.427
##	100	0	0	22	0	0	0.2
100	0	0	22	0	1	1	0	0.136075
100	0	0	22	0	1	0	0.136075	0.139658
100	0	0	22	0	1	1	0.139658	0.172229
100	0	0	22	0	1	0	0.172229	0.173803
100	0	0	22	0	1	1	0.173803	0.20903
100	0	0	22	0	1	0	0.20903	0.235713
100	0	0	22	0	1	1	0.235713	0.382293
100	0	0	22	0	1	0	0.382293	0.398772
100	0	0	22	0	1	1	0.398772	0.427
##	100	0	0	22	0	1	0.2
##	100	0	0	22	mtdna	1
100	0	0	23	0	0	1	0	0.0110294
100	0	0	23	0	0	0	0.0110294	0.0207769
100	0	0	23	0	0	1	0.0207769	0.156251
100	0	0	23	0	0	0	0.156251	0.160729
100	0	0	23	0	0	1	0.160729	0.331387
100	0	0	23	0	0	0	0.331387	0.354818
100	0	0	23	0	0	1	0.354818	0.424077
100	0	0	23	0	0	0	0.424077	0.427
##	100	0	0	23	0	0	0.2
100	0	0	23	0	1	1	0	0.0275084
100	0	0	23	0	1	0	0.0275084	0.0299644
100	0	0	23	0	1	1	0.0299644	0.114352
100	0	0	23	0	1	0	0.114352	0.122404
100	0	0	23	0	1	1	0.122404	0.214678
100	0	0	23	0	1	0	0.214678	0.214857
100	0	0	23	0	1	1	0.214857	0.405398
100	0	0	23	0	1	0	0.405398	0.408764
100	0	0	23	0	1	1	0.408764	0.427
##	100	0	0	23	0	1	0.2
##	100	0	0	23	mtdna	1
100	0	0	24	0	0	0	0	0.0150163
100	0	0	24	0	0	1	0.0150163	0.118297
100	0	0	24	0	0	0	0.118297	0.121184
100	0	0	24	0	0	1	0.121184	0.192767
100	0	0	24	0	0	0	0.192767	0.194238
100	0	0	24	0	0	1	0.194238	0.395426
100	0	0	24	0	0	0	0.395426	0.396531
100	0	0	24	0	0	1	0.396531	0.411796
100	0	0	24	0	0	0	0.411796	0.413049
100	0	0	24	0	0	1	0.413049	0.427
##	100	0	0	24	0	0	0.2
100	0	0	24	0	1	1	0	0.0267093
100	0	0	24	0	1	0	0.0267093	0.0421889
100	0	0	24	0	1	1	0.0421889	0.0566675
100	0	0	24	0	1	0	0.0566675	0.0573571
100	0	0	24	0	1	1	0.0573571	0.401434
100	0	0	24	0	1	0	0.401434	0.402475
100	0	0	24	0	1	1	0.402475	0.427
##	100	0	0	24	0	1	0.2
##	100	0	0	24	mtdna	1
100	0	0	25	0	0	1	0	0.184728
100	0	0	25	0	0	0	0.184728	0.200104
100	0	0	25	0	0	1	0.200104	0.367965
100	0	0	25	0	0	0	0.367965	0.371123
100	0	0	25	0	0	1	0.371123	0.395663
100	0	0	25	0	0	0	0.395663	0.402815
100	0	0	25	0	0	1	0.402815	0.413473
100	0	0	25	0	0	0	0.413473	0.427
##	100	0	0	25	0	0
100	0	0	25	0	1	1	0	0.0382815
100	0	0	25	0	1	0	0.0382815	0.0407125
100	0	0	25	0	1	1	0.0407125	0.177528
100	0	0	25	0	1	0	0.177528	0.190732
100	0	0	25	0	1	1	0.190732	0.195242
100	0	0	25	0	1	0	0.195242	0.201626
100	0	0	25	0	1	1	0.201626	0.24274
100	0	0	25	0	1	0	0.24274	0.276115
100	0	0	25	0	1	1	0.276115	0.427
##	100	0	0	25	0	1
##	100	0	0	25	mtdna	1
100	0	0	26	0	0	1	0	0.00450753
100	0	0	26	0	0	0	0.00450753	0.0116044
100	0	0	26	0	0	1	0.0116044	0.103567
100	0	0	26	0	0	0	0.103567	0.104006
100	0	0	26	0	0	1	0.104006	0.153656
100	0	0	26	0	0	0	0.153656	0.175179
100	0	0	26	0	0	1	0.175179	0.191304
100	0	0	26	0	0	0	0.191304	0.212114
100	0	0	26	0	0	1	0.212114	0.224868
100	0	0	26	0	0	0	0.224868	0.226145
100	0	0	26	0	0	1	0.226145	0.368706
100	0	0	26	0	0	0	0.368706	0.371108
100	0	0	26	0	0	1	0.371108	0.427
##	100	0	0	26	0	0
100	0	0	26	0	1	1	0	0.0382733
100	0	0	26	0	1	0	0.0382733	0.0608026
100	0	0	26	0	1	1	0.0608026	0.0850962
100	0	0	26	0	1	0	0.0850962	0.0906196
100	0	0	26	0	1	1	0.0906196	0.0918891
100	0	0	26	0	1	0	0.0918891	0.109669
100	0	0	26	0	1	1	0.109669	0.137611
100	0	0	26	0	1	0	0.137611	0.139732
100	0	0	26	0	1	1	0.139732	0.427
##	100	0	0	26	0	1	0.2
##	100	0	0	26	mtdna	1
100	0	0	27	0	0	1	0	0.179564
100	0	0	27	0	0	0	0.179564	0.190276
100	0	0	27	0	0	1	0.190276	0.240318
100	0	0	27	0	0	0	0.240318	0.247969
100	0	0	27	0	0	1	0.247969	0.412923
100	0	0	27	0	0	0	0.412923	0.413198
100	0	0	27	0	0	1	0.413198	0.427
##	100	0	0	27	0	0	0.2
100	0	0	27	0	1	1	0	0.115368
100	0	0	27	0	1	0	0.115368	0.11917
100	0	0	27	0	1	1	0.11917	0.137611
100	0	0	27	0	1	0	0.137611	0.203617
100	0	0	27	0	1	1	0.203617	0.285481
100	0	0	27	0	1	0	0.285481	0.300316
100	0	0	27	0	1	1	0.300316	0.380977
100	0	0	27	0	1	0	0.380977	0.383547
100	0	0	27	0	1	1	0.383547	0.41226
100	0	0	27	0	1	0	0.41226	0.42053
100	0	0	27	0	1	1	0.42053	0.420941
100	0	0	27	0	1	0	0.420941	0.426269
100	0	0	27	0	1	1	0.426269	0.427
##	100	0	0	27	0	1
##	100	0	0	27	mtdna	1
100	0	0	28	0	0	1	0	0.0166274
100	0	0	28	0	0	0	0.0166274	0.022029
100	0	0	28	0	0	1	0.022029	0.0936227
100	0	0	28	0	0	0	0.0936227	0.104404
100	0	0	28	0	0	1	0.104404	0.331143
100	0	0	28	0	0	0	0.331143	0.357522
100	0	0	28	0	0	1	0.357522	0.420114
100	0	0	28	0	0	0	0.420114	0.427
##	100	0	0	28	0	0	0.2
100	0	0	28	0	1	1	0	0.179843
100	0	0	28	0	1	0	0.179843	0.232387
100	0	0	28	0	1	1	0.232387	0.262212
100	0	0	28	0	1	0	0.262212	0.265875
100	0	0	28	0	1	1	0.265875	0.427
##	100	0	0	28	0	1
##	100	0	0	28	mtdna	1
100	0	0	29	0	0	1	0	0.24332
100	0	0	29	0	0	0	0.24332	0.244469
100	0	0	29	0	0	1	0.244469	0.358629
100	0	0	29	0	0	0	0.358629	0.383772
100	0	0	29	0	0	1	0.383772	0.41447
100	0	0	29	0	0	0	0.41447	0.421101
100	0	0	29	0	0	1	0.421101	0.427
##	100	0	0	29	0	0	0.2
100	0	0	29	0	1	1	0	0.0208371
100	0	0	29	0	1	0	0.0208371	0.0378344
100	0	0	29	0	1	1	0.0378344	0.0690791
100	0	0	29	0	1	0	0.0690791	0.0741443
100	0	0	29	0	1	1	0.0741443	0.427
##	100	0	0	29	0	1	0.2
##	100	0	0	29	mtdna	1
100	0	0	30	0	0	1	0	0.199045
100	0	0	30	0	0	0	0.199045	0.207494
100	0	0	30	0	0	1	0.207494	0.427
##	100	0	0	30	0	0
100	0	0	30	0	1	1	0	0.0423177
100	0	0	30	0	1	0	0.0423177	0.0597014
100	0	0	30	0	1	1	0.0597014	0.275302
100	0	0	30	0	1	0	0.275302	0.292102
100	0	0	30	0	1	1	0.292102	0.301463
100	0	0	30	0	1	0	0.301463	0.334003
100	0	0	30	0	1	1	0.334003	0.427
##	100	0	0	30	0	1	0.2
##	100	0	0	30	mtdna	1
100	0	0	31	0	0	1	0	0.35301
100	0	0	31	0	0	0	0.35301	0.377188
100	0	0	31	0	0	1	0.377188	0.427
##	100	0	0	31	0	0	0.2
100	0	0	31	0	1	1	0	0.197879
100	0	0	31	0	1	0	0.197879	0.223044
100	0	0	31	0	1	1	0.223044	0.427
##	100	0	0	31	0	1
##	100	0	0	31	mtdna	1
100	0	0	32	0	0	1	0	0.328692
100	0	0	32	0	0	0	0.328692	0.335568
100	0	0	32	0	0	1	0.335568	0.36666
100	0	0	32	0	0	0	0.36666	0.368308
100	0	0	32	0	0	1	0.368308	0.427
##	100	0	0	32	0	0	0.2
100	0	0	32	0	1	1	0	0.0971869
100	0	0	32	0	1	0	0.0971869	0.102208
100	0	0	32	0	1	1	0.102208	0.204971
100	0	0	32	0	1	0	0.204971	0.205107
100	0	0	32	0	1	1	0.205107	0.219298
100	0	0	32	0	1	0	0.219298	0.225125
100	0	0	32	0	1	1	0.225125	0.427
##	100	0	0	32	0	1	0.2
##	100	0	0	32	mtdna	1
100	0	0	33	0	0	1	0	0.0100485
100	0	0	33	0	0	0	0.0100485	0.0340626
100	0	0	33	0	0	1	0.0340626	0.112705
100	0	0	33	0	0	0	0.112705	0.113385
100	0	0	33	0	0	1	0.113385	0.121124
100	0	0	33	0	0	0	0.121124	0.154046
100	0	0	33	0	0	1	0.154046	0.243109
100	0	0	33	0	0	0	0.243109	0.25494
100	0	0	33	0	0	1	0.25494	0.427
##	100	0	0	33	0	0	0.2
100	0	0	33	0	1	1	0	0.181636
100	0	0	33	0	1	0	0.181636	0.191739
100	0	0	33	0	1	1	0.191739	0.346715
100	0	0	33	0	1	0	0.346715	0.348704
100	0	0	33	0	1	1	0.348704	0.427
##	100	0	0	33	0	1	0.2
##	100	0	0	33	mtdna	1
100	0	0	34	0	0	1	0	0.362637
100	0	0	34	0	0	0	0.362637	0.403591
100	0	0	34	0	0	1	0.403591	0.427
##	100	0	0	34	0	0	0.2
100	0	0	34	0	1	1	0	0.00343535
100	0	0	34	0	1	0	0.00343535	0.0295368
100	0	0	34	0	1	1	0.0295368	0.0729846
100	0	0	34	0	1	0	0.0729846	0.0768228
100	0	0	34	0	1	1	0.0768228	0.131777
100	0	0	34	0	1	0	0.131777	0.157415
100	0	0	34	0	1	1	0.157415	0.20502
100	0	0	34	0	1	0	0.20502	0.216618
100	0	0	34	0	1	1	0.216618	0.413514
100	0	0	34	0	1	0	0.413514	0.427
##	100	0	0	34	0	1	0.2
##	100	0	0	34	mtdna	0
100	0	0	35	0	0	1	0	0.299623
100	0	0	35	0	0	0	0.299623	0.303546
100	0	0	35	0	0	1	0.303546	0.427
##	100	0	0	35	0	0	0.2
100	0	0	35	0	1	1	0	0.150582
100	0	0	35	0	1	0	0.150582	0.165214
100	0	0	35	0	1	1	0.165214	0.272285
100	0	0	35	0	1	0	0.272285	0.293717
100	0	0	35	0	1	1	0.293717	0.304344
100	0	0	35	0	1	0	0.304344	0.319874
100	0	0	35	0	1	1	0.319874	0.427
##	100	0	0	35	0	1	0.2
##	100	0	0	35	mtdna	1
100	0	0	36	0	0	1	0	0.265908
100	0	0	36	0	0	0	0.265908	0.271164
100	0	0	36	0	0	1	0.271164	0.427
##	100	0	0	36	0	0	0.2
100	0	0	36	0	1	1	0	0.0422259
100	0	0	36	0	1	0	0.0422259	0.0438137
100	0	0	36	0	1	1	0.0438137	0.0890234
100	0	0	36	0	1	0	0.0890234	0.0984642
100	0	0	36	0	1	1	0.0984642	0.42467
100	0	0	36	0	1	0	0.42467	0.427
##	100	0	0	36	0	1	0.2
##	100	0	0	36	mtdna	1
100	0	0	37	0	0	1	0	0.0780994
100	0	0	37	0	0	0	0.0780994	0.100301
100	0	0	37	0	0	1	0.100301	0.184928
100	0	0	37	0	0	0	0.184928	0.204508
100	0	0	37	0	0	1	0.204508	0.226653
100	0	0	37	0	0	0	0.226653	0.228322
100	0	0	37	0	0	1	0.228322	0.427
##	100	0	0	37	0	0
100	0	0	37	0	1	0	0	0.000998553
100	0	0	37	0	1	1	0.000998553	0.0936227
100	0	0	37	0	1	0	0.0936227	0.0969186
100	0	0	37	0	1	1	0.0969186	0.152405
100	0	0	37	0	1	0	0.152405	0.157361
100	0	0	37	0	1	1	0.157361	0.295005
100	0	0	37	0	1	0	0.295005	0.297695
100	0	0	37	0	1	1	0.297695	0.427
##	100	0	0	37	0	1	0.2
##	100	0	0	37	mtdna	1
100	0	0	38	0	0	1	0	0.144319
100	0	0	38	0	0	0	0.144319	0.155647
100	0	0	38	0	0	1	0.155647	0.179945
100	0	0	38	0	0	0	0.179945	0.209429
100	0	0	38	0	0	1	0.209429	0.227894
100	0	0	38	0	0	0	0.227894	0.228346
100	0	0	38	0	0	1	0.228346	0.271961
100	0	0	38	0	0	0	0.271961	0.278279
100	0	0	38	0	0	1	0.278279	0.427
##	100	0	0	38	0	0
100	0	0	38	0	1	0	0	0.0237269
100	0	0	38	0	1	1	0.0237269	0.15417
100	0	0	38	0	1	0	0.15417	0.155753
100	0	0	38	0	1	1	0.155753	0.389638
100	0	0	38	0	1	0	0.389638	0.398468
100	0	0	38	0	1	1	0.398468	0.427
##	100	0	0	38	0	1	0.2
##	100	0	0	38	mtdna	1
100	0	0	39	0	0	1	0	0.102386
100	0	0	39	0	0	0	0.102386	0.10517
100	0	0	39	0	0	1	0.10517	0.131139
100	0	0	39	0	0	0	0.131139	0.137124
100	0	0	39	0	0	1	0.137124	0.140072
100	0	0	39	0	0	0	0.140072	0.154745
100	0	0	39	0	0	1	0.154745	0.161511
100	0	0	39	0	0	0	0.161511	0.170068
100	0	0	39	0	0	1	0.170068	0.369507
100	0	0	39	0	0	0	0.369507	0.373914
100	0	0	39	0	0	1	0.373914	0.427
##	100	0	0	39	0	0	0.2
100	0	0	39	0	1	1	0	0.0625555
100	0	0	39	0	1	0	0.0625555	0.0964882
100	0	0	39	0	1	1	0.0964882	0.15933
100	0	0	39	0	1	0	0.15933	0.161103
100	0	0	39	0	1	1	0.161103	0.427
##	100	0	0	39	0	1	0.2
##	100	0	0	39	mtdna	1
100	0	0	40	0	0	1	0	0.0535528
100	0	0	40	0	0	0	0.0535528	0.0546983
100	0	0	40	0	0	1	0.0546983	0.132547
100	0	0	40	0	0	0	0.132547	0.141109
100	0	0	40	0	0	1	0.141109	0.195327
100	0	0	40	0	0	0	0.195327	0.202526
100	0	0	40	0	0	1	0.202526	0.37569
100	0	0	40	0	0	0	0.37569	0.389299
100	0	0	40	0	0	1	0.389299	0.427
##	100	0	0	40	0	0
100	0	0	40	0	1	1	0	0.378951
100	0	0	40	0	1	0	0.378951	0.385551
100	0	0	40	0	1	1	0.385551	0.427
##	100	0	0	40	0	1	0.2
##	100	0	0	40	mtdna	1
100	0	0	41	0	0	1	0	0.114576
100	0	0	41	0	0	0	0.114576	0.115838
100	0	0	41	0	0	1	0.115838	0.117637
100	0	0	41	0	0	0	0.117637	0.130628
100	0	0	41	0	0	1	0.130628	0.319296
100	0	0	41	0	0	0	0.319296	0.32296
100	0	0	41	0	0	1	0.32296	0.339351
100	0	0	41	0	0	0	0.339351	0.345542
100	0	0	41	0	0	1	0.345542	0.427
##	100	0	0	41	0	0	0.2
100	0	0	41	0	1	1	0	0.19499
100	0	0	41	0	1	0	0.19499	0.204477
100	0	0	41	0	1	1	0.204477	0.329391
100	0	0	41	0	1	0	0.329391	0.332145
100	0	0	41	0	1	1	0.332145	0.427
##	100	0	0	41	0	1
##	100	0	0	41	mtdna	0
100	0	0	42	0	0	1	0	0.146617
100	0	0	42	0	0	0	0.146617	0.150116
100	0	0	42	0	0	1	0.150116	0.227402
100	0	0	42	0	0	0	0.227402	0.246155
100	0	0	42	0	0	1	0.246155	0.41763
100	0	0	42	0	0	0	0.41763	0.422738
100	0	0	42	0	0	1	0.422738	0.427
##	100	0	0	42	0	0	0.2
100	0	0	42	0	1	1	0	0.0272366
100	0	0	42	0	1	0	0.0272366	0.0285915
100	0	0	42	0	1	1	0.0285915	0.0317578
100	0	0	42	0	1	0	0.0317578	0.0358954
100	0	0	42	0	1	1	0.0358954	0.162822
100	0	0	42	0	1	0	0.162822	0.162838
100	0	0	42	0	1	1	0.162838	0.222135
100	0	0	42	0	1	0	0.222135	0.238437
100	0	0	42	0	1	1	0.238437	0.427
##	100	0	0	42	0	1	0.2
##	100	0	0	42	mtdna	1
100	0	0	43	0	0	1	0	0.0777353
100	0	0	43	0	0	0	0.0777353	0.0842774
100	0	0	43	0	0	1	0.0842774	0.171387
100	0	0	43	0	0	0	0.171387	0.17452
100	0	0	43	0	0	1	0.17452	0.361096
100	0	0	43	0	0	0	0.361096	0.364151
100	0	0	43	0	0	1	0.364151	0.427
##	100	0	0	43	0	0	0.2
100	0	0	43	0	1	1	0	0.31243
100	0	0	43	0	1	0	0.31243	0.330921
100	0	0	43	0	1	1	0.330921	0.427
##	100	0	0	43	0	1	0.2
##	100	0	0	43	mtdna	1
100	0	0	44	0	0	1	0	0.304344
100	0	0	44	0	0	0	0.304344	0.30895
100	0	0	44	0	0	1	0.30895	0.355083
100	0	0	44	0	0	0	0.355083	0.362725
100	0	0	44	0	0	1	0.362725	0.427
##	100	0	0	44	0	0	0.2
100	0	0	44	0	1	1	0	0.277578
100	0	0	44	0	1	0	0.277578	0.290812
100	0	0	44	0	1	1	0.290812	0.427
##	100	0	0	44	0	1	0.2
##	100	0	0	44	mtdna	1
100	0	0	45	0	0	1	0	0.0625796
100	0	0	45	0	0	0	0.0625796	0.0691111
100	0	0	45	0	0	1	0.0691111	0.285844
100	0	0	45	0	0	0	0.285844	0.288498
100	0	0	45	0	0	1	0.288498	0.427
##	100	0	0	45	0	0	0.2
100	0	0	45	0	1	0	0	0.000412694
100	0	0	45	0	1	1	0.000412694	0.00862467
100	0	0	45	0	1	0	0.00862467	0.00952691
100	0	0	45	0	1	1	0.00952691	0.0199405
100	0	0	45	0	1	0	0.0199405	0.0291143
100	0	0	45	0	1	1	0.0291143	0.0680178
100	0	0	45	0	1	0	0.0680178	0.0756362
100	0	0	45	0	1	1	0.0756362	0.427
##	100	0	0	45	0	1	0.2
##	100	0	0	45	mtdna	1
100	0	0	46	0	0	1	0	0.127518
100	0	0	46	0	0	0	0.127518	0.150469
100	0	0	46	0	0	1	0.150469	0.22655
100	0	0	46	0	0	0	0.22655	0.236775
100	0	0	46	0	0	1	0.236775	0.427
##	100	0	0	46	0	0	0.2
100	0	0	46	0	1	1	0	0.122964
100	0	0	46	0	1	0	0.122964	0.126273
100	0	0	46	0	1	1	0.126273	0.15513
100	0	0	46	0	1	0	0.15513	0.174664
100	0	0	46	0	1	1	0.174664	0.364088
100	0	0	46	0	1	0	0.364088	0.36729
100	0	0	46	0	1	1	0.36729	0.427
##	100	0	0	46	0	1	0.2
##	100	0	0	46	mtdna	1
100	0	0	47	0	0	1	0	0.191891
100	0	0	47	0	0	0	0.191891	0.193368
100	0	0	47	0	0	1	0.193368	0.427
##	100	0	0	47	0	0	0.2
100	0	0	47	0	1	1	0	0.290617
100	0	0	47	0	1	0	0.290617	0.296417
100	0	0	47	0	1	1	0.296417	0.324289
100	0	0	47	0	1	0	0.324289	0.324727
100	0	0	47	0	1	1	0.324727	0.427
##	100	0	0	47	0	1	0.2
##	100	0	0	47	mtdna	1
100	0	0	48	0	0	1	0	0.152405
100	0	0	48	0	0	0	0.152405	0.17123
100	0	0	48	0	0	1	0.17123	0.180601
100	0	0	48	0	0	0	0.180601	0.185748
100	0	0	48	0	0	1	0.185748	0.404366
100	0	0	48	0	0	0	0.404366	0.422961
100	0	0	48	0	0	1	0.422961	0.427
##	100	0	0	48	0	0	0.2
100	0	0	48	0	1	1	0	0.00897639
100	0	0	48	0	1	0	0.00897639	0.00994712
100	0	0	48	0	1	1	0.00994712	0.179843
100	0	0	48	0	1	0	0.179843	0.230404
100	0	0	48	0	1	1	0.230404	0.308444
100	0	0	48	0	1	0	0.308444	0.325528
100	0	0	48	0	1	1	0.325528	0.427
##	100	0	0	48	0	1
##	100	0	0	48	mtdna	1
100	0	0	49	0	0	1	0	0.0366302
100	0	0	49	0	0	0	0.0366302	0.0424302
100	0	0	49	0	0	1	0.0424302	0.264587
100	0	0	49	0	0	0	0.264587	0.266324
100	0	0	49	0	0	1	0.266324	0.427
##	100	0	0	49	0	0	0.2
100	0	0	49	0	1	1	0	0.127149
100	0	0	49	0	1	0	0.127149	0.163638
100	0	0	49	0	1	1	0.163638	0.247672
100	0	0	49	0	1	0	0.247672	0.258934
100	0	0	49	0	1	1	0.258934	0.427
##	100	0	0	49	0	1	0.2
##	100	0	0	49	mtdna	1
100	0	0	50	0	0	1	0	0.0473439
100	0	0	50	0	0	0	0.0473439	0.0593464
100	0	0	50	0	0	1	0.0593464	0.0616437
100	0	0	50	0	0	0	0.0616437	0.0915072
100	0	0	50	0	0	1	0.0915072	0.199896
100	0	0	50	0	0	0	0.199896	0.205367
100	0	0	50	0	0	1	0.205367	0.427
##	100	0	0	50	0	0
100	0	0	50	0	1	1	0	0.0153495
100	0	0	50	0	1	0	0.0153495	0.0210488
100	0	0	50	0	1	1	0.0210488	0.148192
100	0	0	50	0	1	0	0.148192	0.150577
100	0	0	50	0	1	1	0.150577	0.179897
100	0	0	50	0	1	0	0.179897	0.190276
100	0	0	50	0	1	1	0.190276	0.282475
100	0	0	50	0	1	0	0.282475	0.285089
100	0	0	50	0	1	1	0.285089	0.427
##	100	0	0	50	0	1	0.2
##	100	0	0	50	mtdna	1
100	0	0	51	0	0	0	0	0.018327
100	0	0	51	0	0	1	0.018327	0.427
##	100	0	0	51	0	0	0.2
100	0	0	51	0	1	1	0	0.0181138
100	0	0	51	0	1	0	0.0181138	0.02143
100	0	0	51	0	1	1	0.02143	0.0735507
100	0	0	51	0	1	0	0.0735507	0.0805029
100	0	0	51	0	1	1	0.0805029	0.140635
100	0	0	51	0	1	0	0.140635	0.141768
100	0	0	51	0	1	1	0.141768	0.242782
100	0	0	51	0	1	0	0.242782	0.273052
100	0	0	51	0	1	1	0.273052	0.427
##	100	0	0	51	0	1	0.2
##	100	0	0	51	mtdna	1
100	0	0	52	0	0	1	0	0.0293131
100	0	0	52	0	0	0	0.0293131	0.0373363
100	0	0	52	0	0	1	0.0373363	0.0446487
100	0	0	52	0	0	0	0.0446487	0.0565164
100	0	0	52	0	0	1	0.0565164	0.100403
100	0	0	52	0	0	0	0.100403	0.100667
100	0	0	52	0	0	1	0.100667	0.139558
100	0	0	52	0	0	0	0.139558	0.147341
100	0	0	52	0	0	1	0.147341	0.207867
100	0	0	52	0	0	0	0.207867	0.211316
100	0	0	52	0	0	1	0.211316	0.300812
100	0	0	52	0	0	0	0.300812	0.301798
100	0	0	52	0	0	1	0.301798	0.427
##	100	0	0	52	0	0	0.2
100	0	0	52	0	1	1	0	0.0951992
100	0	0	52	0	1	0	0.0951992	0.102429
100	0	0	52	0	1	1	0.102429	0.191773
100	0	0	52	0	1	0	0.191773	0.201128
100	0	0	52	0	1	1	0.201128	0.201872
100	0	0	52	0	1	0	0.201872	0.203584
100	0	0	52	0	1	1	0.203584	0.427
##	100	0	0	52	0	1
##	100	0	0	52	mtdna	1
100	0	0	53	0	0	1	0	0.0569907
100	0	0	53	0	0	0	0.0569907	0.0701021
100	0	0	53	0	0	1	0.0701021	0.27699
100	0	0	53	0	0	0	0.27699	0.281157
100	0	0	53	0	0	1	0.281157	0.28954
100	0	0	53	0	0	0	0.28954	0.308809
100	0	0	53	0	0	1	0.308809	0.36309
100	0	0	53	0	0	0	0.36309	0.376995
100	0	0	53	0	0	1	0.376995	0.39692
100	0	0	53	0	0	0	0.39692	0.40919
100	0	0	53	0	0	1	0.40919	0.427
##	100	0	0	53	0	0	0.2
100	0	0	53	0	1	1	0	0.136624
100	0	0	53	0	1	0	0.136624	0.143525
100	0	0	53	0	1	1	0.143525	0.199693
100	0	0	53	0	1	0	0.199693	0.203366
100	0	0	53	0	1	1	0.203366	0.427
##	100	0	0	53	0	1
##	100	0	0	53	mtdna	1
100	0	0	54	0	0	1	0	0.169854
100	0	0	54	0	0	0	0.169854	0.172474
100	0	0	54	0	0	1	0.172474	0.18632
100	0	0	54	0	0	0	0.18632	0.201389
100	0	0	54	0	0	1	0.201389	0.216696
100	0	0	54	0	0	0	0.216696	0.226799
100	0	0	54	0	0	1	0.226799	0.274986
100	0	0	54	0	0	0	0.274986	0.283945
100	0	0	54	0	0	1	0.283945	0.427
##	100	0	0	54	0	0
100	0	0	54	0	1	1	0	0.35811
100	0	0	54	0	1	0	0.35811	0.365516
100	0	0	54	0	1	1	0.365516	0.427
##	100	0	0	54	0	1	0.2
##	100	0	0	54	mtdna	1
100	0	0	55	0	0	1	0	0.0640722
100	0	0	55	0	0	0	0.0640722	0.0769177
100	0	0	55	0	0	1	0.0769177	0.125645
100	0	0	55	0	0	0	0.125645	0.162083
100	0	0	55	0	0	1	0.162083	0.191933
100	0	0	55	0	0	0	0.191933	0.196522
100	0	0	55	0	0	1	0.196522	0.256347
100	0	0	55	0	0	0	0.256347	0.256457
100	0	0	55	0	0	1	0.256457	0.377487
100	0	0	55	0	0	0	0.377487	0.382746
100	0	0	55	0	0	1	0.382746	0.427
##	100	0	0	55	0	0	0.2
100	0	0	55	0	1	1	0	0.252383
100	0	0	55	0	1	0	0.252383	0.310328
100	0	0	55	0	1	1	0.310328	0.427
##	100	0	0	55	0	1	0.2
##	100	0	0	55	mtdna	1
100	0	0	56	0	0	1	0	0.0641132
100	0	0	56	0	0	0	0.0641132	0.0677958
100	0	0	56	0	0	1	0.0677958	0.191029
100	0	0	56	0	0	0	0.191029	0.200322
100	0	0	56	0	0	1	0.200322	0.284176
100	0	0	56	0	0	0	0.284176	0.303888
100	0	0	56	0	0	1	0.303888	0.427
##	100	0	0	56	0	0
100	0	0	56	0	1	0	0	0.00336897
100	0	0	56	0	1	1	0.00336897	0.0158319
100	0	0	56	0	1	0	0.0158319	0.0398241
100	0	0	56	0	1	1	0.0398241	0.182945
100	0	0	56	0	1	0	0.182945	0.184216
100	0	0	56	0	1	1	0.184216	0.329891
100	0	0	56	0	1	0	0.329891	0.333268
100	0	0	56	0	1	1	0.333268	0.388974
100	0	0	56	0	1	0	0.388974	0.409583
100	0	0	56	0	1	1	0.409583	0.427
##	100	0	0	56	0	1	0.2
##	100	0	0	56	mtdna	1
100	0	0	57	0	0	1	0	0.374592
100	0	0	57	0	0	0	0.374592	0.377085
100	0	0	57	0	0	1	0.377085	0.412923
100	0	0	57	0	0	0	0.412923	0.413198
100	0	0	57	0	0	1	0.413198	0.427
##	100	0	0	57	0	0	0.2
100	0	0	57	0	1	1	0	0.0103499
100	0	0	57	0	1	0	0.0103499	0.0293576
100	0	0	57	0	1	1	0.0293576	0.308456
100	0	0	57	0	1	0	0.308456	0.311581
100	0	0	57	0	1	1	0.311581	0.360219
100	0	0	57	0	1	0	0.360219	0.38152
100	0	0	57	0	1	1	0.38152	0.427
##	100	0	0	57	0	1	0.2
##	100	0	0	57	mtdna	1
100	0	0	58	0	0	1	0	0.131942
100	0	0	58	0	0	0	0.131942	0.135406
100	0	0	58	0	0	1	0.135406	0.156139
100	0	0	58	0	0	0	0.156139	0.158775
100	0	0	58	0	0	1	0.158775	0.239957
100	0	0	58	0	0	0	0.239957	0.244794
100	0	0	58	0	0	1	0.244794	0.3464
100	0	0	58	0	0	0	0.3464	0.393407
100	0	0	58	0	0	1	0.393407	0.427
##	100	0	0	58	0	0	0.2
100	0	0	58	0	1	1	0	0.231009
100	0	0	58	0	1	0	0.231009	0.266668
100	0	0	58	0	1	1	0.266668	0.320474
100	0	0	58	0	1	0	0.320474	0.336703
100	0	0	58	0	1	1	0.336703	0.345346
100	0	0	58	0	1	0	0.345346	0.352844
100	0	0	58	0	1	1	0.352844	0.427
##	100	0	0	58	0	1	0.2
##	100	0	0	58	mtdna	1
100	0	0	59	0	0	1	0	0.148302
100	0	0	59	0	0	0	0.148302	0.170994
100	0	0	59	0	0	1	0.170994	0.179843
100	0	0	59	0	0	0	0.179843	0.193037
100	0	0	59	0	0	1	0.193037	0.393674
100	0	0	59	0	0	0	0.393674	0.394697
100	0	0	59	0	0	1	0.394697	0.411313
100	0	0	59	0	0	0	0.411313	0.413933
100	0	0	59	0	0	1	0.413933	0.427
##	100	0	0	59	0	0	0.2
100	0	0	59	0	1	1	0	0.18632
100	0	0	59	0	1	0	0.18632	0.191756
100	0	0	59	0	1	1	0.191756	0.197666
100	0	0	59	0	1	0	0.197666	0.201025
100	0	0	59	0	1	1	0.201025	0.427
##	100	0	0	59	0	1
##	100	0	0	59	mtdna	1
100	0	0	60	0	0	1	0	0.0321485
100	0	0	60	0	0	0	0.0321485	0.0448325
100	0	0	60	0	0	1	0.0448325	0.289209
100	0	0	60	0	0	0	0.289209	0.292102
100	0	0	60	0	0	1	0.292102	0.340008
100	0	0	60	0	0	0	0.340008	0.345269
100	0	0	60	0	0	1	0.345269	0.39511
100	0	0	60	0	0	0	0.39511	0.427
##	100	0	0	60	0	0	0.2
100	0	0	60	0	1	1	0	0.152458
100	0	0	60	0	1	0	0.152458	0.154695
100	0	0	60	0	1	1	0.154695	0.188819
100	0	0	60	0	1	0	0.188819	0.190006
100	0	0	60	0	1	1	0.190006	0.219677
100	0	0	60	0	1	0	0.219677	0.221444
100	0	0	60	0	1	1	0.221444	0.227894
100	0	0	60	0	1	0	0.227894	0.228346
100	0	0	60	0	1	1	0.228346	0.307474
100	0	0	60	0	1	0	0.307474	0.311708
100	0	0	60	0	1	1	0.311708	0.427
##	100	0	0	60	0	1	0.2
##	100	0	0	60	mtdna	1
100	0	0	61	0	0	1	0	0.167131
100	0	0	61	0	0	0	0.167131	0.168073
100	0	0	61	0	0	1	0.168073	0.284176
100	0	0	61	0	0	0	0.284176	0.290198
100	0	0	61	0	0	1	0.290198	0.308456
100	0	0	61	0	0	0	0.308456	0.311581
100	0	0	61	0	0	1	0.311581	0.427
##	100	0	0	61	0	0	0.2
100	0	0	61	0	1	1	0	0.275187
100	0	0	61	0	1	0	0.275187	0.290052
100	0	0	61	0	1	1	0.290052	0.427
##	100	0	0	61	0	1	0.2
##	100	0	0	61	mtdna	0
100	0	0	62	0	0	1	0	0.030663
100	0	0	62	0	0	0	0.030663	0.0307033
100	0	0	62	0	0	1	0.0307033	0.178953
100	0	0	62	0	0	0	0.178953	0.210755
100	0	0	62	0	0	1	0.210755	0.427
##	100	0	0	62	0	0
100	0	0	62	0	1	1	0	0.169003
100	0	0	62	0	1	0	0.169003	0.176685
100	0	0	62	0	1	1	0.176685	0.204295
100	0	0	62	0	1	0	0.204295	0.212486
100	0	0	62	0	1	1	0.212486	0.427
##	100	0	0	62	0	1	0.2
##	100	0	0	62	mtdna	1
100	0	0	63	0	0	1	0	0.15007
100	0	0	63	0	0	0	0.15007	0.150615
100	0	0	63	0	0	1	0.150615	0.215962
100	0	0	63	0	0	0	0.215962	0.231634
100	0	0	63	0	0	1	0.231634	0.240669
100	0	0	63	0	0	0	0.240669	0.243667
100	0	0	63	0	0	1	0.243667	0.266378
100	0	0	63	0	0	0	0.266378	0.26666
100	0	0	63	0	0	1	0.26666	0.427
##	100	0	0	63	0	0	0.2
100	0	0	63	0	1	1	0	0.125588
100	0	0	63	0	1	0	0.125588	0.147498
100	0	0	63	0	1	1	0.147498	0.159962
100	0	0	63	0	1	0	0.159962	0.161258
100	0	0	63	0	1	1	0.161258	0.215962
100	0	0	63	0	1	0	0.215962	0.224918
100	0	0	63	0	1	1	0.224918	0.296137
100	0	0	63	0	1	0	0.296137	0.296634
100	0	0	63	0	1	1	0.296634	0.427
##	100	0	0	63	0	1	0.2
##	100	0	0	63	mtdna	1
100	0	0	64	0	0	1	0	0.191518
100	0	0	64	0	0	0	0.191518	0.202526
100	0	0	64	0	0	1	0.202526	0.230957
100	0	0	64	0	0	0	0.230957	0.232074
100	0	0	64	0	0	1	0.232074	0.23601
100	0	0	64	0	0	0	0.23601	0.239237
100	0	0	64	0	0	1	0.239237	0.287699
100	0	0	64	0	0	0	0.287699	0.288848
100	0	0	64	0	0	1	0.288848	0.324896
100	0	0	64	0	0	0	0.324896	0.32671
100	0	0	64	0	0	1	0.32671	0.427
##	100	0	0	64	0	0
100	0	0	64	0	1	1	0	0.166178
100	0	0	64	0	1	0	0.166178	0.201097
100	0	0	64	0	1	1	0.201097	0.381673
100	0	0	64	0	1	0	0.381673	0.387994
100	0	0	64	0	1	1	0.387994	0.427
##	100	0	0	64	0	1
##	100	0	0	64	mtdna	1
100	0	0	65	0	0	1	0	0.229163
100	0	0	65	0	0	0	0.229163	0.231775
100	0	0	65	0	0	1	0.231775	0.274078
100	0	0	65	0	0	0	0.274078	0.3004
100	0	0	65	0	0	1	0.3004	0.426454
100	0	0	65	0	0	0	0.426454	0.427
##	100	0	0	65	0	0	0.2
100	0	0	65	0	1	1	0	0.320474
100	0	0	65	0	1	0	0.320474	0.336703
100	0	0	65	0	1	1	0.336703	0.345346
100	0	0	65	0	1	0	0.345346	0.351895
100	0	0	65	0	1	1	0.351895	0.427
##	100	0	0	65	0	1	0.2
##	100	0	0	65	mtdna	1
100	0	0	66	0	0	1	0	0.0496739
100	0	0	66	0	0	0	0.0496739	0.0658165
100	0	0	66	0	0	1	0.0658165	0.192767
100	0	0	66	0	0	0	0.192767	0.209605
100	0	0	66	0	0	1	0.209605	0.241779
100	0	0	66	0	0	0	0.241779	0.244425
100	0	0	66	0	0	1	0.244425	0.378379
100	0	0	66	0	0	0	0.378379	0.382211
100	0	0	66	0	0	1	0.382211	0.427
##	100	0	0	66	0	0
100	0	0	66	0	1	1	0	0.0646748
100	0	0	66	0	1	0	0.0646748	0.0917667
100	0	0	66	0	1	1	0.0917667	0.427
##	100	0	0	66	0	1	0.2
##	100	0	0	66	mtdna	1
100	0	0	67	0	0	1	0	0.056223
100	0	0	67	0	0	0	0.056223	0.0737196
100	0	0	67	0	0	1	0.0737196	0.12321
100	0	0	67	0	0	0	0.12321	0.134071
100	0	0	67	0	0	1	0.134071	0.41763
100	0	0	67	0	0	0	0.41763	0.422738
100	0	0	67	0	0	1	0.422738	0.427
##	100	0	0	67	0	0	0.2
100	0	0	67	0	1	1	0	0.175649
100	0	0	67	0	1	0	0.175649	0.203108
100	0	0	67	0	1	1	0.203108	0.257793
100	0	0	67	0	1	0	0.257793	0.274227
100	0	0	67	0	1	1	0.274227	0.427
##	100	0	0	67	0	1
##	100	0	0	67	mtdna	0
100	0	0	68	0	0	1	0	0.0283971
100	0	0	68	0	0	0	0.0283971	0.0333336
100	0	0	68	0	0	1	0.0333336	0.104145
100	0	0	68	0	0	0	0.104145	0.105451
100	0	0	68	0	0	1	0.105451	0.153891
100	0	0	68	0	0	0	0.153891	0.157334
100	0	0	68	0	0	1	0.157334	0.199896
100	0	0	68	0	0	0	0.199896	0.207143
100	0	0	68	0	0	1	0.207143	0.364137
100	0	0	68	0	0	0	0.364137	0.368346
100	0	0	68	0	0	1	0.368346	0.427
##	100	0	0	68	0	0
100	0	0	68	0	1	1	0	0.111648
100	0	0	68	0	1	0	0.111648	0.116289
100	0	0	68	0	1	1	0.116289	0.427
##	100	0	0	68	0	1	0.2
##	100	0	0	68	mtdna	1
100	0	0	69	0	0	1	0	0.0286341
100	0	0	69	0	0	0	0.0286341	0.0295368
100	0	0	69	0	0	1	0.0295368	0.227094
100	0	0	69	0	0	0	0.227094	0.235367
100	0	0	69	0	0	1	0.235367	0.308444
100	0	0	69	0	0	0	0.308444	0.316091
100	0	0	69	0	0	1	0.316091	0.324289
100	0	0	69	0	0	0	0.324289	0.324727
100	0	0	69	0	0	1	0.324727	0.363239
100	0	0	69	0	0	0	0.363239	0.36387
100	0	0	69	0	0	1	0.36387	0.427
##	100	0	0	69	0	0	0.2
100	0	0	69	0	1	1	0	0.0994946
100	0	0	69	0	1	0	0.0994946	0.134382
100	0	0	69	0	1	1	0.134382	0.427
##	100	0	0	69	0	1	0.2
##	100	0	0	69	mtdna	1
100	0	0	70	0	0	1	0	0.012765
100	0	0	70	0	0	0	0.012765	0.0155954
100	0	0	70	0	0	1	0.0155954	0.0997196
100	0	0	70	0	0	0	0.0997196	0.108464
100	0	0	70	0	0	1	0.108464	0.120049
100	0	0	70	0	0	0	0.120049	0.124109
100	0	0	70	0	0	1	0.124109	0.140838
100	0	0	70	0	0	0	0.140838	0.141182
100	0	0	70	0	0	1	0.141182	0.169711
100	0	0	70	0	0	0	0.169711	0.202562
100	0	0	70	0	0	1	0.202562	0.243447
100	0	0	70	0	0	0	0.243447	0.258655
100	0	0	70	0	0	1	0.258655	0.392511
100	0	0	70	0	0	0	0.392511	0.39348
100	0	0	70	0	0	1	0.39348	0.41715
100	0	0	70	0	0	0	0.41715	0.427
##	100	0	0	70	0	0
100	0	0	70	0	1	1	0	0.276571
100	0	0	70	0	1	0	0.276571	0.306041
100	0	0	70	0	1	1	0.306041	0.322675
100	0	0	70	0	1	0	0.322675	0.346057
100	0	0	70	0	1	1	0.346057	0.383148
100	0	0	70	0	1	0	0.383148	0.383996
100	0	0	70	0	1	1	0.383996	0.391271
100	0	0	70	0	1	0	0.391271	0.391494
100	0	0	70	0	1	1	0.391494	0.427
##	100	0	0	70	0	1	0.2
##	100	0	0	70	mtdna	1
100	0	0	71	0	0	1	0	0.158347
100	0	0	71	0	0	0	0.158347	0.165224
100	0	0	71	0	0	1	0.165224	0.427
##	100	0	0	71	0	0	0.2
100	0	0	71	0	1	1	0	0.185236
100	0	0	71	0	1	0	0.185236	0.191805
100	0	0	71	0	1	1	0.191805	0.224846
100	0	0	71	0	1	0	0.224846	0.234515
100	0	0	71	0	1	1	0.234515	0.286551
100	0	0	71	0	1	0	0.286551	0.287674
100	0	0	71	0	1	1	0.287674	0.427
##	100	0	0	71	0	1	0.2
##	100	0	0	71	mtdna	1
100	0	0	72	0	0	1	0	0.0390103
100	0	0	72	0	0	0	0.0390103	0.0410412
100	0	0	72	0	0	1	0.0410412	0.0521181
100	0	0	72	0	0	0	0.0521181	0.0564977
100	0	0	72	0	0	1	0.0564977	0.0640905
100	0	0	72	0	0	0	0.0640905	0.065208
100	0	0	72	0	0	1	0.065208	0.147611
100	0	0	72	0	0	0	0.147611	0.155058
100	0	0	72	0	0	1	0.155058	0.173501
100	0	0	72	0	0	0	0.173501	0.212902
100	0	0	72	0	0	1	0.212902	0.304035
100	0	0	72	0	0	0	0.304035	0.326455
100	0	0	72	0	0	1	0.326455	0.427
##	100	0	0	72	0	0
100	0	0	72	0	1	1	0	0.0874709
100	0	0	72	0	1	0	0.0874709	0.100367
100	0	0	72	0	1	1	0.100367	0.238039
100	0	0	72	0	1	0	0.238039	0.250955
100	0	0	72	0	1	1	0.250955	0.284012
100	0	0	72	0	1	0	0.284012	0.300611
100	0	0	72	0	1	1	0.300611	0.427
##	100	0	0	72	0	1	0.2
##	100	0	0	72	mtdna	1
100	0	0	73	0	0	1	0	0.00655471
100	0	0	73	0	0	0	0.00655471	0.00741772
100	0	0	73	0	0	1	0.00741772	0.209534
100	0	0	73	0	0	0	0.209534	0.22303
100	0	0	73	0	0	1	0.22303	0.41697
100	0	0	73	0	0	0	0.41697	0.422993
100	0	0	73	0	0	1	0.422993	0.427
##	100	0	0	73	0	0	0.2
100	0	0	73	0	1	1	0	0.142579
100	0	0	73	0	1	0	0.142579	0.149245
100	0	0	73	0	1	1	0.149245	0.15926
100	0	0	73	0	1	0	0.15926	0.166556
100	0	0	73	0	1	1	0.166556	0.427
##	100	0	0	73	0	1	0.2
##	100	0	0	73	mtdna	1
100	0	0	74	0	0	1	0	0.0111478
100	0	0	74	0	0	0	0.0111478	0.0323857
100	0	0	74	0	0	1	0.0323857	0.135993
100	0	0	74	0	0	0	0.135993	0.139307
100	0	0	74	0	0	1	0.139307	0.186507
100	0	0	74	0	0	0	0.186507	0.204599
100	0	0	74	0	0	1	0.204599	0.227816
100	0	0	74	0	0	0	0.227816	0.229604
100	0	0	74	0	0	1	0.229604	0.427
##	100	0	0	74	0	0
100	0	0	74	0	1	1	0	0.0778324
100	0	0	74	0	1	0	0.0778324	0.101204
100	0	0	74	0	1	1	0.101204	0.13478
100	0	0	74	0	1	0	0.13478	0.138681
100	0	0	74	0	1	1	0.138681	0.145959
100	0	0	74	0	1	0	0.145959	0.166058
100	0	0	74	0	1	1	0.166058	0.189539
100	0	0	74	0	1	0	0.189539	0.207068
100	0	0	74	0	1	1	0.207068	0.399527
100	0	0	74	0	1	0	0.399527	0.40639
100	0	0	74	0	1	1	0.40639	0.427
##	100	0	0	74	0	1
##	100	0	0	74	mtdna	1
100	0	0	75	0	0	1	0	0.0911494
100	0	0	75	0	0	0	0.0911494	0.0996163
100	0	0	75	0	0	1	0.0996163	0.182945
100	0	0	75	0	0	0	0.182945	0.18319
100	0	0	75	0	0	1	0.18319	0.227631
100	0	0	75	0	0	0	0.227631	0.237427
100	0	0	75	0	0	1	0.237427	0.34456
100	0	0	75	0	0	0	0.34456	0.354664
100	0	0	75	0	0	1	0.354664	0.400466
100	0	0	75	0	0	0	0.400466	0.427
##	100	0	0	75	0	0	0.2
100	0	0	75	0	1	1	0	0.15007
100	0	0	75	0	1	0	0.15007	0.150615
100	0	0	75	0	1	1	0.150615	0.186507
100	0	0	75	0	1	0	0.186507	0.220409
100	0	0	75	0	1	1	0.220409	0.427
##	100	0	0	75	0	1
##	100	0	0	75	mtdna	1
100	0	0	76	0	0	1	0	0.427
##	100	0	0	76	0	0	0.2
100	0	0	76	0	1	1	0	0.0792304
100	0	0	76	0	1	0	0.0792304	0.0842774
100	0	0	76	0	1	1	0.0842774	0.417177
100	0	0	76	0	1	0	0.417177	0.422341
100	0	0	76	0	1	1	0.422341	0.427
##	100	0	0	76	0	1	0.2
##	100	0	0	76	mtdna	1
100	0	0	77	0	0	1	0	0.344566
100	0	0	77	0	0	0	0.344566	0.359329
100	0	0	77	0	0	1	0.359329	0.427
##	100	0	0	77	0	0	0.2
100	0	0	77	0	1	1	0	0.0031357
100	0	0	77	0	1	0	0.0031357	0.00411441
100	0	0	77	0	1	1	0.00411441	0.0675475
100	0	0	77	0	1	0	0.0675475	0.0712568
100	0	0	77	0	1	1	0.0712568	0.0767656
100	0	0	77	0	1	0	0.0767656	0.0790086
100	0	0	77	0	1	1	0.0790086	0.284176
100	0	0	77	0	1	0	0.284176	0.290198
100	0	0	77	0	1	1	0.290198	0.427
##	100	0	0	77	0	1	0.2
##	100	0	0	77	mtdna	1
100	0	0	78	0	0	0	0	0.0248983
100	0	0	78	0	0	1	0.0248983	0.20826
100	0	0	78	0	0	0	0.20826	0.208456
100	0	0	78	0	0	1	0.208456	0.363815
100	0	0	78	0	0	0	0.363815	0.38216
100	0	0	78	0	0	1	0.38216	0.423181
100	0	0	78	0	0	0	0.423181	0.426816
100	0	0	78	0	0	1	0.426816	0.427
##	100	0	0	78	0	0	0.2
100	0	0	78	0	1	1	0	0.222111
100	0	0	78	0	1	0	0.222111	0.248234
100	0	0	78	0	1	1	0.248234	0.427
##	100	0	0	78	0	1	0.2
##	100	0	0	78	mtdna	1
100	0	0	79	0	0	1	0	0.15926
100	0	0	79	0	0	0	0.15926	0.166556
100	0	0	79	0	0	1	0.166556	0.218342
100	0	0	79	0	0	0	0.218342	0.241825
100	0	0	79	0	0	1	0.241825	0.2566
100	0	0	79	0	0	0	0.2566	0.277326
100	0	0	79	0	0	1	0.277326	0.427
##	100	0	0	79	0	0	0.2
100	0	0	79	0	1	1	0	0.325674
100	0	0	79	0	1	0	0.325674	0.328038
100	0	0	79	0	1	1	0.328038	0.408387
100	0	0	79	0	1	0	0.408387	0.409694
100	0	0	79	0	1	1	0.409694	0.427
##	100	0	0	79	0	1	0.2
##	100	0	0	79	mtdna	1
100	0	0	80	0	0	1	0	0.222135
100	0	0	80	0	0	0	0.222135	0.236924
100	0	0	80	0	0	1	0.236924	0.305522
100	0	0	80	0	0	0	0.305522	0.309093
100	0	0	80	0	0	1	0.309093	0.427
##	100	0	0	80	0	0	0.2
100	0	0	80	0	1	1	0	0.204577
100	0	0	80	0	1	0	0.204577	0.213784
100	0	0	80	0	1	1	0.213784	0.23768
100	0	0	80	0	1	0	0.23768	0.240655
100	0	0	80	0	1	1	0.240655	0.414728
100	0	0	80	0	1	0	0.414728	0.427
##	100	0	0	80	0	1	0.2
##	100	0	0	80	mtdna	1
100	0	0	81	0	0	1	0	0.218583
100	0	0	81	0	0	0	0.218583	0.219229
100	0	0	81	0	0	1	0.219229	0.270095
100	0	0	81	0	0	0	0.270095	0.270156
100	0	0	81	0	0	1	0.270156	0.278242
100	0	0	81	0	0	0	0.278242	0.290142
100	0	0	81	0	0	1	0.290142	0.427
##	100	0	0	81	0	0	0.2
100	0	0	81	0	1	1	0	0.0103499
100	0	0	81	0	1	0	0.0103499	0.0252751
100	0	0	81	0	1	1	0.0252751	0.0563135
100	0	0	81	0	1	0	0.0563135	0.0566186
100	0	0	81	0	1	1	0.0566186	0.217389
100	0	0	81	0	1	0	0.217389	0.222713
100	0	0	81	0	1	1	0.222713	0.230994
100	0	0	81	0	1	0	0.230994	0.239329
100	0	0	81	0	1	1	0.239329	0.263342
100	0	0	81	0	1	0	0.263342	0.263815
100	0	0	81	0	1	1	0.263815	0.427
##	100	0	0	81	0	1	0.2
##	100	0	0	81	mtdna	1
100	0	0	82	0	0	1	0	0.140072
100	0	0	82	0	0	0	0.140072	0.155647
100	0	0	82	0	0	1	0.155647	0.172229
100	0	0	82	0	0	0	0.172229	0.209767
100	0	0	82	0	0	1	0.209767	0.427
##	100	0	0	82	0	0
100	0	0	82	0	1	1	0	0.031922
100	0	0	82	0	1	0	0.031922	0.0417493
100	0	0	82	0	1	1	0.0417493	0.0555018
100	0	0	82	0	1	0	0.0555018	0.0574933
100	0	0	82	0	1	1	0.0574933	0.207867
100	0	0	82	0	1	0	0.207867	0.210913
100	0	0	82	0	1	1	0.210913	0.346715
100	0	0	82	0	1	0	0.346715	0.348704
100	0	0	82	0	1	1	0.348704	0.427
##	100	0	0	82	0	1	0.2
##	100	0	0	82	mtdna	1
100	0	0	83	0	0	1	0	0.0142316
100	0	0	83	0	0	0	0.0142316	0.0269033
100	0	0	83	0	0	1	0.0269033	0.197118
100	0	0	83	0	0	0	0.197118	0.22112
100	0	0	83	0	0	1	0.22112	0.427
##	100	0	0	83	0	0
100	0	0	83	0	1	1	0	0.0437745
100	0	0	83	0	1	0	0.0437745	0.055071
100	0	0	83	0	1	1	0.055071	0.0966732
100	0	0	83	0	1	0	0.0966732	0.109281
100	0	0	83	0	1	1	0.109281	0.181863
100	0	0	83	0	1	0	0.181863	0.187172
100	0	0	83	0	1	1	0.187172	0.427
##	100	0	0	83	0	1	0.2
##	100	0	0	83	mtdna	1
100	0	0	84	0	0	1	0	0.346715
100	0	0	84	0	0	0	0.346715	0.354344
100	0	0	84	0	0	1	0.354344	0.427
##	100	0	0	84	0	0	0.2
100	0	0	84	0	1	1	0	0.13034
100	0	0	84	0	1	0	0.13034	0.156358
100	0	0	84	0	1	1	0.156358	0.263842
100	0	0	84	0	1	0	0.263842	0.27109
100	0	0	84	0	1	1	0.27109	0.372559
100	0	0	84	0	1	0	0.372559	0.377028
100	0	0	84	0	1	1	0.377028	0.393406
100	0	0	84	0	1	0	0.393406	0.408004
100	0	0	84	0	1	1	0.408004	0.427
##	100	0	0	84	0	1	0.2
##	100	0	0	84	mtdna	1
100	0	0	85	0	0	1	0	0.0971047
100	0	0	85	0	0	0	0.0971047	0.105039
100	0	0	85	0	0	1	0.105039	0.418359
100	0	0	85	0	0	0	0.418359	0.418834
100	0	0	85	0	0	1	0.418834	0.427
##	100	0	0	85	0	0	0.2
100	0	0	85	0	1	1	0	0.369665
100	0	0	85	0	1	0	0.369665	0.373415
100	0	0	85	0	1	1	0.373415	0.427
##	100	0	0	85	0	1	0.2
##	100	0	0	85	mtdna	1
100	0	0	86	0	0	1	0	0.147611
100	0	0	86	0	0	0	0.147611	0.150576
100	0	0	86	0	0	1	0.150576	0.427
##	100	0	0	86	0	0	0.2
100	0	0	86	0	1	1	0	0.0971047
100	0	0	86	0	1	0	0.0971047	0.0984508
100	0	0	86	0	1	1	0.0984508	0.127288
100	0	0	86	0	1	0	0.127288	0.197687
100	0	0	86	0	1	1	0.197687	0.227894
100	0	0	86	0	1	0	0.227894	0.228346
100	0	0	86	0	1	1	0.228346	0.30475
100	0	0	86	0	1	0	0.30475	0.310943
100	0	0	86	0	1	1	0.310943	0.427
##	100	0	0	86	0	1	0.2
##	100	0	0	86	mtdna	1
100	0	0	87	0	0	1	0	0.0639892
100	0	0	87	0	0	0	0.0639892	0.0765544
100	0	0	87	0	0	1	0.0765544	0.427
##	100	0	0	87	0	0	0.2
100	0	0	87	0	1	1	0	0.427
##	100	0	0	87	0	1	0.2
##	100	0	0	87	mtdna	1
100	0	0	88	0	0	1	0	0.0412034
100	0	0	88	0	0	0	0.0412034	0.0418445
100	0	0	88	0	0	1	0.0418445	0.0450716
100	0	0	88	0	0	0	0.0450716	0.0512464
100	0	0	88	0	0	1	0.0512464	0.115674
100	0	0	88	0	0	0	0.115674	0.127403
100	0	0	88	0	0	1	0.127403	0.148094
100	0	0	88	0	0	0	0.148094	0.161643
100	0	0	88	0	0	1	0.161643	0.427
##	100	0	0	88	0	0	0.2
100	0	0	88	0	1	1	0	0.0768493
100	0	0	88	0	1	0	0.0768493	0.0848519
100	0	0	88	0	1	1	0.0848519	0.135368
100	0	0	88	0	1	0	0.135368	0.144195
100	0	0	88	0	1	1	0.144195	0.263213
100	0	0	88	0	1	0	0.263213	0.285464
100	0	0	88	0	1	1	0.285464	0.382315
100	0	0	88	0	1	0	0.382315	0.404206
100	0	0	88	0	1	1	0.404206	0.418302
100	0	0	88	0	1	0	0.418302	0.427
##	100	0	0	88	0	1	0.2
##	100	0	0	88	mtdna	1
100	0	0	89	0	0	1	0	0.184962
100	0	0	89	0	0	0	0.184962	0.18809
100	0	0	89	0	0	1	0.18809	0.274455
100	0	0	89	0	0	0	0.274455	0.308259
100	0	0	89	0	0	1	0.308259	0.355965
100	0	0	89	0	0	0	0.355965	0.357568
100	0	0	89	0	0	1	0.357568	0.427
##	100	0	0	89	0	0	0.2
100	0	0	89	0	1	1	0	0.188542
100	0	0	89	0	1	0	0.188542	0.215597
100	0	0	89	0	1	1	0.215597	0.365924
100	0	0	89	0	1	0	0.365924	0.374744
100	0	0	89	0	1	1	0.374744	0.427
##	100	0	0	89	0	1
##	100	0	0	89	mtdna	1
100	0	0	90	0	0	1	0	0.19987
100	0	0	90	0	0	0	0.19987	0.2078
100	0	0	90	0	0	1	0.2078	0.342354
100	0	0	90	0	0	0	0.342354	0.402815
100	0	0	90	0	0	1	0.402815	0.427
##	100	0	0	90	0	0
100	0	0	90	0	1	1	0	0.0499153
100	0	0	90	0	1	0	0.0499153	0.056609
100	0	0	90	0	1	1	0.056609	0.12951
100	0	0	90	0	1	0	0.12951	0.144906
100	0	0	90	0	1	1	0.144906	0.198621
100	0	0	90	0	1	0	0.198621	0.211095
100	0	0	90	0	1	1	0.211095	0.238146
100	0	0	90	0	1	0	0.238146	0.242526
100	0	0	90	0	1	1	0.242526	0.363139
100	0	0	90	0	1	0	0.363139	0.377028
100	0	0	90	0	1	1	0.377028	0.401873
100	0	0	90	0	1	0	0.401873	0.41157
100	0	0	90	0	1	1	0.41157	0.422043
100	0	0	90	0	1	0	0.422043	0.424378
100	0	0	90	0	1	1	0.424378	0.427
##	100	0	0	90	0	1
##	100	0	0	90	mtdna	1
100	0	0	91	0	0	0	0	0.00974237
100	0	0	91	0	0	1	0.00974237	0.175344
100	0	0	91	0	0	0	0.175344	0.187966
100	0	0	91	0	0	1	0.187966	0.257793
100	0	0	91	0	0	0	0.257793	0.274227
100	0	0	91	0	0	1	0.274227	0.427
##	100	0	0	91	0	0	0.2
100	0	0	91	0	1	1	0	0.0297589
100	0	0	91	0	1	0	0.0297589	0.0373363
100	0	0	91	0	1	1	0.0373363	0.0446487
100	0	0	91	0	1	0	0.0446487	0.0565164
100	0	0	91	0	1	1	0.0565164	0.167197
100	0	0	91	0	1	0	0.167197	0.20256
100	0	0	91	0	1	1	0.20256	0.346789
100	0	0	91	0	1	0	0.346789	0.350527
100	0	0	91	0	1	1	0.350527	0.427
##	100	0	0	91	0	1
##	100	0	0	91	mtdna	1
100	0	0	92	0	0	1	0	0.100534
100	0	0	92	0	0	0	0.100534	0.102323
100	0	0	92	0	0	1	0.102323	0.192458
100	0	0	92	0	0	0	0.192458	0.23472
100	0	0	92	0	0	1	0.23472	0.235373
100	0	0	92	0	0	0	0.235373	0.24904
100	0	0	92	0	0	1	0.24904	0.393013
100	0	0	92	0	0	0	0.393013	0.413198
100	0	0	92	0	0	1	0.413198	0.427
##	100	0	0	92	0	0
100	0	0	92	0	1	1	0	0.427
##	100	0	0	92	0	1	0.2
##	100	0	0	92	mtdna	1
100	0	0	93	0	0	1	0	0.427
##	100	0	0	93	0	0	0.2
100	0	0	93	0	1	1	0	0.0581221
100	0	0	93	0	1	0	0.0581221	0.0845489
100	0	0	93	0	1	1	0.0845489	0.427
##	100	0	0	93	0	1	0.2
##	100	0	0	93	mtdna	1
100	0	0	94	0	0	1	0	0.184962
100	0	0	94	0	0	0	0.184962	0.221829
100	0	0	94	0	0	1	0.221829	0.280491
100	0	0	94	0	0	0	0.280491	0.29146
100	0	0	94	0	0	1	0.29146	0.367881
100	0	0	94	0	0	0	0.367881	0.383772
100	0	0	94	0	0	1	0.383772	0.427
##	100	0	0	94	0	0
100	0	0	94	0	1	1	0	0.175344
100	0	0	94	0	1	0	0.175344	0.177445
100	0	0	94	0	1	1	0.177445	0.199896
100	0	0	94	0	1	0	0.199896	0.207143
100	0	0	94	0	1	1	0.207143	0.286663
100	0	0	94	0	1	0	0.286663	0.294067
100	0	0	94	0	1	1	0.294067	0.427
##	100	0	0	94	0	1
##	100	0	0	94	mtdna	1
100	0	0	95	0	0	1	0	0.22101
100	0	0	95	0	0	0	0.22101	0.223305
100	0	0	95	0	0	1	0.223305	0.423181
100	0	0	95	0	0	0	0.423181	0.426816
100	0	0	95	0	0	1	0.426816	0.427
##	100	0	0	95	0	0	0.2
100	0	0	95	0	1	1	0	0.298244
100	0	0	95	0	1	0	0.298244	0.301194
100	0	0	95	0	1	1	0.301194	0.324593
100	0	0	95	0	1	0	0.324593	0.337755
100	0	0	95	0	1	1	0.337755	0.371062
100	0	0	95	0	1	0	0.371062	0.388984
100	0	0	95	0	1	1	0.388984	0.427
##	100	0	0	95	0	1	0.2
##	100	0	0	95	mtdna	1
100	0	0	96	0	0	1	0	0.00737034
100	0	0	96	0	0	0	0.00737034	0.0269182
100	0	0	96	0	0	1	0.0269182	0.279178
100	0	0	96	0	0	0	0.279178	0.296338
100	0	0	96	0	0	1	0.296338	0.379617
100	0	0	96	0	0	0	0.379617	0.393879
100	0	0	96	0	0	1	0.393879	0.410884
100	0	0	96	0	0	0	0.410884	0.423112
100	0	0	96	0	0	1	0.423112	0.427
##	100	0	0	96	0	0	0.2
100	0	0	96	0	1	1	0	0.042185
100	0	0	96	0	1	0	0.042185	0.0545294
100	0	0	96	0	1	1	0.0545294	0.174672
100	0	0	96	0	1	0	0.174672	0.204688
100	0	0	96	0	1	1	0.204688	0.427
##	100	0	0	96	0	1
##	100	0	0	96	mtdna	1
100	0	0	97	0	0	1	0	0.102834
100	0	0	97	0	0	0	0.102834	0.106068
100	0	0	97	0	0	1	0.106068	0.360303
100	0	0	97	0	0	0	0.360303	0.368084
100	0	0	97	0	0	1	0.368084	0.427
##	100	0	0	97	0	0	0.2
100	0	0	97	0	1	1	0	0.0237434
100	0	0	97	0	1	0	0.0237434	0.0497682
100	0	0	97	0	1	1	0.0497682	0.0690791
100	0	0	97	0	1	0	0.0690791	0.0741443
100	0	0	97	0	1	1	0.0741443	0.0984459
100	0	0	97	0	1	0	0.0984459	0.0985799
100	0	0	97	0	1	1	0.0985799	0.132228
100	0	0	97	0	1	0	0.132228	0.133856
100	0	0	97	0	1	1	0.133856	0.427
##	100	0	0	97	0	1	0.2
##	100	0	0	97	mtdna	1
100	0	0	98	0	0	1	0	0.171496
100	0	0	98	0	0	0	0.171496	0.208046
100	0	0	98	0	0	1	0.208046	0.427
##	100	0	0	98	0	0
100	0	0	98	0	1	1	0	0.120075
100	0	0	98	0	1	0	0.120075	0.123622
100	0	0	98	0	1	1	0.123622	0.161859
100	0	0	98	0	1	0	0.161859	0.208046
100	0	0	98	0	1	1	0.208046	0.239864
100	0	0	98	0	1	0	0.239864	0.257716
100	0	0	98	0	1	1	0.257716	0.363815
100	0	0	98	0	1	0	0.363815	0.388632
100	0	0	98	0	1	1	0.388632	0.427
##	100	0	0	98	0	1
##	100	0	0	98	mtdna	0
100	0	0	99	0	0	1	0	0.137162
100	0	0	99	0	0	0	0.137162	0.140267
100	0	0	99	0	0	1	0.140267	0.2741
100	0	0	99	0	0	0	0.2741	0.277078
100	0	0	99	0	0	1	0.277078	0.289079
100	0	0	99	0	0	0	0.289079	0.308259
100	0	0	99	0	0	1	0.308259	0.354292
100	0	0	99	0	0	0	0.354292	0.368952
100	0	0	99	0	0	1	0.368952	0.427
##	100	0	0	99	0	0	0.2
100	0	0	99	0	1	1	0	0.138027
100	0	0	99	0	1	0	0.138027	0.153592
100	0	0	99	0	1	1	0.153592	0.361613
100	0	0	99	0	1	0	0.361613	0.368089
100	0	0	99	0	1	1	0.368089	0.376542
100	0	0	99	0	1	0	0.376542	0.378173
100	0	0	99	0	1	1	0.378173	0.427
##	100	0	0	99	0	1	0.2
##	100	0	0	99	mtdna	1
100	0	0	100	0	0	1	0	0.0976217
100	0	0	100	0	0	0	0.0976217	0.107494
100	0	0	100	0	0	1	0.107494	0.253857
100	0	0	100	0	0	0	0.253857	0.273794
100	0	0	100	0	0	1	0.273794	0.427
##	100	0	0	100	0	0	0.2
100	0	0	100	0	1	1	0	0.1809
100	0	0	100	0	1	0	0.1809	0.191519
100	0	0	100	0	1	1	0.191519	0.427
##	100	0	0	100	0	1	0.2
##	100	0	0	100	mtdna	1
