200	0	0	1	0	0	1	0	0.143091
200	0	0	1	0	0	0	0.143091	0.148684
200	0	0	1	0	0	1	0.148684	0.151349
200	0	0	1	0	0	0	0.151349	0.152456
200	0	0	1	0	0	1	0.152456	0.160551
200	0	0	1	0	0	0	0.160551	0.165616
200	0	0	1	0	0	1	0.165616	0.168266
200	0	0	1	0	0	0	0.168266	0.170557
200	0	0	1	0	0	1	0.170557	0.186141
200	0	0	1	0	0	0	0.186141	0.198561
200	0	0	1	0	0	1	0.198561	0.294197
200	0	0	1	0	0	0	0.294197	0.297973
200	0	0	1	0	0	1	0.297973	0.350297
200	0	0	1	0	0	0	0.350297	0.352707
200	0	0	1	0	0	1	0.352707	0.427
##	200	0	0	1	0	0	0.2
200	0	0	1	0	1	1	0	0.0389685
200	0	0	1	0	1	0	0.0389685	0.0398286
200	0	0	1	0	1	1	0.0398286	0.04506
200	0	0	1	0	1	0	0.04506	0.0503866
200	0	0	1	0	1	1	0.0503866	0.139664
200	0	0	1	0	1	0	0.139664	0.141895
200	0	0	1	0	1	1	0.141895	0.153548
200	0	0	1	0	1	0	0.153548	0.155147
200	0	0	1	0	1	1	0.155147	0.165282
200	0	0	1	0	1	0	0.165282	0.165571
200	0	0	1	0	1	1	0.165571	0.217266
200	0	0	1	0	1	0	0.217266	0.219347
200	0	0	1	0	1	1	0.219347	0.223851
200	0	0	1	0	1	0	0.223851	0.226037
200	0	0	1	0	1	1	0.226037	0.402011
200	0	0	1	0	1	0	0.402011	0.403696
200	0	0	1	0	1	1	0.403696	0.427
##	200	0	0	1	0	1	0.2
##	200	0	0	1	mtdna	1
200	0	0	2	0	0	1	0	0.0326011
200	0	0	2	0	0	0	0.0326011	0.0330468
200	0	0	2	0	0	1	0.0330468	0.0794407
200	0	0	2	0	0	0	0.0794407	0.0826963
200	0	0	2	0	0	1	0.0826963	0.135051
200	0	0	2	0	0	0	0.135051	0.138718
200	0	0	2	0	0	1	0.138718	0.154202
200	0	0	2	0	0	0	0.154202	0.164524
200	0	0	2	0	0	1	0.164524	0.186098
200	0	0	2	0	0	0	0.186098	0.190724
200	0	0	2	0	0	1	0.190724	0.194787
200	0	0	2	0	0	0	0.194787	0.205191
200	0	0	2	0	0	1	0.205191	0.349631
200	0	0	2	0	0	0	0.349631	0.365123
200	0	0	2	0	0	1	0.365123	0.427
##	200	0	0	2	0	0
200	0	0	2	0	1	1	0	0.0267077
200	0	0	2	0	1	0	0.0267077	0.0270839
200	0	0	2	0	1	1	0.0270839	0.209508
200	0	0	2	0	1	0	0.209508	0.214473
200	0	0	2	0	1	1	0.214473	0.318387
200	0	0	2	0	1	0	0.318387	0.321294
200	0	0	2	0	1	1	0.321294	0.334187
200	0	0	2	0	1	0	0.334187	0.334794
200	0	0	2	0	1	1	0.334794	0.427
##	200	0	0	2	0	1	0.2
##	200	0	0	2	mtdna	1
200	0	0	3	0	0	1	0	0.108789
200	0	0	3	0	0	0	0.108789	0.110617
200	0	0	3	0	0	1	0.110617	0.183129
200	0	0	3	0	0	0	0.183129	0.184687
200	0	0	3	0	0	1	0.184687	0.197569
200	0	0	3	0	0	0	0.197569	0.207964
200	0	0	3	0	0	1	0.207964	0.222102
200	0	0	3	0	0	0	0.222102	0.223986
200	0	0	3	0	0	1	0.223986	0.241882
200	0	0	3	0	0	0	0.241882	0.242029
200	0	0	3	0	0	1	0.242029	0.262119
200	0	0	3	0	0	0	0.262119	0.266686
200	0	0	3	0	0	1	0.266686	0.281615
200	0	0	3	0	0	0	0.281615	0.282882
200	0	0	3	0	0	1	0.282882	0.396107
200	0	0	3	0	0	0	0.396107	0.397581
200	0	0	3	0	0	1	0.397581	0.399988
200	0	0	3	0	0	0	0.399988	0.407539
200	0	0	3	0	0	1	0.407539	0.427
##	200	0	0	3	0	0
200	0	0	3	0	1	1	0	0.188105
200	0	0	3	0	1	0	0.188105	0.192103
200	0	0	3	0	1	1	0.192103	0.246597
200	0	0	3	0	1	0	0.246597	0.251802
200	0	0	3	0	1	1	0.251802	0.369874
200	0	0	3	0	1	0	0.369874	0.370423
200	0	0	3	0	1	1	0.370423	0.377351
200	0	0	3	0	1	0	0.377351	0.377381
200	0	0	3	0	1	1	0.377381	0.427
##	200	0	0	3	0	1	0.2
##	200	0	0	3	mtdna	1
200	0	0	4	0	0	1	0	0.0115763
200	0	0	4	0	0	0	0.0115763	0.0120727
200	0	0	4	0	0	1	0.0120727	0.105508
200	0	0	4	0	0	0	0.105508	0.115736
200	0	0	4	0	0	1	0.115736	0.280467
200	0	0	4	0	0	0	0.280467	0.282185
200	0	0	4	0	0	1	0.282185	0.427
##	200	0	0	4	0	0	0.2
200	0	0	4	0	1	1	0	0.085888
200	0	0	4	0	1	0	0.085888	0.0885766
200	0	0	4	0	1	1	0.0885766	0.0927296
200	0	0	4	0	1	0	0.0927296	0.0946871
200	0	0	4	0	1	1	0.0946871	0.10082
200	0	0	4	0	1	0	0.10082	0.101963
200	0	0	4	0	1	1	0.101963	0.184703
200	0	0	4	0	1	0	0.184703	0.185031
200	0	0	4	0	1	1	0.185031	0.397489
200	0	0	4	0	1	0	0.397489	0.398467
200	0	0	4	0	1	1	0.398467	0.427
##	200	0	0	4	0	1	0.2
##	200	0	0	4	mtdna	1
200	0	0	5	0	0	1	0	0.0425272
200	0	0	5	0	0	0	0.0425272	0.0600571
200	0	0	5	0	0	1	0.0600571	0.132776
200	0	0	5	0	0	0	0.132776	0.134413
200	0	0	5	0	0	1	0.134413	0.145042
200	0	0	5	0	0	0	0.145042	0.146877
200	0	0	5	0	0	1	0.146877	0.338408
200	0	0	5	0	0	0	0.338408	0.338742
200	0	0	5	0	0	1	0.338742	0.361172
200	0	0	5	0	0	0	0.361172	0.364832
200	0	0	5	0	0	1	0.364832	0.389419
200	0	0	5	0	0	0	0.389419	0.390579
200	0	0	5	0	0	1	0.390579	0.427
##	200	0	0	5	0	0	0.2
200	0	0	5	0	1	1	0	0.07178
200	0	0	5	0	1	0	0.07178	0.0804753
200	0	0	5	0	1	1	0.0804753	0.0954384
200	0	0	5	0	1	0	0.0954384	0.0968779
200	0	0	5	0	1	1	0.0968779	0.140927
200	0	0	5	0	1	0	0.140927	0.14646
200	0	0	5	0	1	1	0.14646	0.176974
200	0	0	5	0	1	0	0.176974	0.178527
200	0	0	5	0	1	1	0.178527	0.334434
200	0	0	5	0	1	0	0.334434	0.342978
200	0	0	5	0	1	1	0.342978	0.427
##	200	0	0	5	0	1	0.2
##	200	0	0	5	mtdna	1
200	0	0	6	0	0	1	0	0.032802
200	0	0	6	0	0	0	0.032802	0.0363547
200	0	0	6	0	0	1	0.0363547	0.427
##	200	0	0	6	0	0	0.2
200	0	0	6	0	1	1	0	0.0221881
200	0	0	6	0	1	0	0.0221881	0.0262643
200	0	0	6	0	1	1	0.0262643	0.120784
200	0	0	6	0	1	0	0.120784	0.136562
200	0	0	6	0	1	1	0.136562	0.140378
200	0	0	6	0	1	0	0.140378	0.144584
200	0	0	6	0	1	1	0.144584	0.202837
200	0	0	6	0	1	0	0.202837	0.206512
200	0	0	6	0	1	1	0.206512	0.208998
200	0	0	6	0	1	0	0.208998	0.209203
200	0	0	6	0	1	1	0.209203	0.266154
200	0	0	6	0	1	0	0.266154	0.267684
200	0	0	6	0	1	1	0.267684	0.37838
200	0	0	6	0	1	0	0.37838	0.380839
200	0	0	6	0	1	1	0.380839	0.391607
200	0	0	6	0	1	0	0.391607	0.396794
200	0	0	6	0	1	1	0.396794	0.427
##	200	0	0	6	0	1	0.2
##	200	0	0	6	mtdna	1
200	0	0	7	0	0	1	0	0.0830506
200	0	0	7	0	0	0	0.0830506	0.0830948
200	0	0	7	0	0	1	0.0830948	0.120784
200	0	0	7	0	0	0	0.120784	0.136562
200	0	0	7	0	0	1	0.136562	0.140378
200	0	0	7	0	0	0	0.140378	0.144584
200	0	0	7	0	0	1	0.144584	0.246004
200	0	0	7	0	0	0	0.246004	0.251506
200	0	0	7	0	0	1	0.251506	0.427
##	200	0	0	7	0	0	0.2
200	0	0	7	0	1	1	0	0.0808341
200	0	0	7	0	1	0	0.0808341	0.0857169
200	0	0	7	0	1	1	0.0857169	0.128581
200	0	0	7	0	1	0	0.128581	0.140387
200	0	0	7	0	1	1	0.140387	0.148608
200	0	0	7	0	1	0	0.148608	0.154961
200	0	0	7	0	1	1	0.154961	0.186127
200	0	0	7	0	1	0	0.186127	0.194386
200	0	0	7	0	1	1	0.194386	0.212328
200	0	0	7	0	1	0	0.212328	0.223815
200	0	0	7	0	1	1	0.223815	0.224542
200	0	0	7	0	1	0	0.224542	0.229723
200	0	0	7	0	1	1	0.229723	0.235129
200	0	0	7	0	1	0	0.235129	0.246227
200	0	0	7	0	1	1	0.246227	0.427
##	200	0	0	7	0	1	0.2
##	200	0	0	7	mtdna	1
200	0	0	8	0	0	1	0	0.138279
200	0	0	8	0	0	0	0.138279	0.142539
200	0	0	8	0	0	1	0.142539	0.163962
200	0	0	8	0	0	0	0.163962	0.174685
200	0	0	8	0	0	1	0.174685	0.339407
200	0	0	8	0	0	0	0.339407	0.341696
200	0	0	8	0	0	1	0.341696	0.3981
200	0	0	8	0	0	0	0.3981	0.405441
200	0	0	8	0	0	1	0.405441	0.427
##	200	0	0	8	0	0	0.2
200	0	0	8	0	1	1	0	0.0373975
200	0	0	8	0	1	0	0.0373975	0.0393966
200	0	0	8	0	1	1	0.0393966	0.0612606
200	0	0	8	0	1	0	0.0612606	0.0618985
200	0	0	8	0	1	1	0.0618985	0.156637
200	0	0	8	0	1	0	0.156637	0.15842
200	0	0	8	0	1	1	0.15842	0.191008
200	0	0	8	0	1	0	0.191008	0.200882
200	0	0	8	0	1	1	0.200882	0.218882
200	0	0	8	0	1	0	0.218882	0.219448
200	0	0	8	0	1	1	0.219448	0.334434
200	0	0	8	0	1	0	0.334434	0.342978
200	0	0	8	0	1	1	0.342978	0.427
##	200	0	0	8	0	1
##	200	0	0	8	mtdna	1
200	0	0	9	0	0	1	0	0.0811757
200	0	0	9	0	0	0	0.0811757	0.0836139
200	0	0	9	0	0	1	0.0836139	0.154118
200	0	0	9	0	0	0	0.154118	0.158458
200	0	0	9	0	0	1	0.158458	0.225998
200	0	0	9	0	0	0	0.225998	0.228918
200	0	0	9	0	0	1	0.228918	0.309767
200	0	0	9	0	0	0	0.309767	0.31012
200	0	0	9	0	0	1	0.31012	0.414824
200	0	0	9	0	0	0	0.414824	0.417729
200	0	0	9	0	0	1	0.417729	0.427
##	200	0	0	9	0	0	0.2
200	0	0	9	0	1	1	0	0.401093
200	0	0	9	0	1	0	0.401093	0.404515
200	0	0	9	0	1	1	0.404515	0.427
##	200	0	0	9	0	1	0.2
##	200	0	0	9	mtdna	1
200	0	0	10	0	0	1	0	0.00239191
200	0	0	10	0	0	0	0.00239191	0.00552994
200	0	0	10	0	0	1	0.00552994	0.0604365
200	0	0	10	0	0	0	0.0604365	0.0919763
200	0	0	10	0	0	1	0.0919763	0.256279
200	0	0	10	0	0	0	0.256279	0.259882
200	0	0	10	0	0	1	0.259882	0.326131
200	0	0	10	0	0	0	0.326131	0.326951
200	0	0	10	0	0	1	0.326951	0.427
##	200	0	0	10	0	0	0.2
200	0	0	10	0	1	1	0	0.214896
200	0	0	10	0	1	0	0.214896	0.216091
200	0	0	10	0	1	1	0.216091	0.322011
200	0	0	10	0	1	0	0.322011	0.323049
200	0	0	10	0	1	1	0.323049	0.427
##	200	0	0	10	0	1	0.2
##	200	0	0	10	mtdna	1
200	0	0	11	0	0	1	0	0.124875
200	0	0	11	0	0	0	0.124875	0.125628
200	0	0	11	0	0	1	0.125628	0.180269
200	0	0	11	0	0	0	0.180269	0.181464
200	0	0	11	0	0	1	0.181464	0.194767
200	0	0	11	0	0	0	0.194767	0.20156
200	0	0	11	0	0	1	0.20156	0.348284
200	0	0	11	0	0	0	0.348284	0.349434
200	0	0	11	0	0	1	0.349434	0.381968
200	0	0	11	0	0	0	0.381968	0.407502
200	0	0	11	0	0	1	0.407502	0.427
##	200	0	0	11	0	0
200	0	0	11	0	1	1	0	0.127273
200	0	0	11	0	1	0	0.127273	0.127626
200	0	0	11	0	1	1	0.127626	0.12807
200	0	0	11	0	1	0	0.12807	0.138702
200	0	0	11	0	1	1	0.138702	0.236487
200	0	0	11	0	1	0	0.236487	0.241809
200	0	0	11	0	1	1	0.241809	0.294402
200	0	0	11	0	1	0	0.294402	0.308881
200	0	0	11	0	1	1	0.308881	0.313441
200	0	0	11	0	1	0	0.313441	0.314494
200	0	0	11	0	1	1	0.314494	0.409293
200	0	0	11	0	1	0	0.409293	0.415042
200	0	0	11	0	1	1	0.415042	0.427
##	200	0	0	11	0	1	0.2
##	200	0	0	11	mtdna	1
200	0	0	12	0	0	1	0	0.00499449
200	0	0	12	0	0	0	0.00499449	0.00733229
200	0	0	12	0	0	1	0.00733229	0.0135636
200	0	0	12	0	0	0	0.0135636	0.0138216
200	0	0	12	0	0	1	0.0138216	0.0921847
200	0	0	12	0	0	0	0.0921847	0.0963761
200	0	0	12	0	0	1	0.0963761	0.245305
200	0	0	12	0	0	0	0.245305	0.250701
200	0	0	12	0	0	1	0.250701	0.427
##	200	0	0	12	0	0	0.2
200	0	0	12	0	1	1	0	0.0578023
200	0	0	12	0	1	0	0.0578023	0.0614866
200	0	0	12	0	1	1	0.0614866	0.0738953
200	0	0	12	0	1	0	0.0738953	0.085208
200	0	0	12	0	1	1	0.085208	0.187308
200	0	0	12	0	1	0	0.187308	0.210167
200	0	0	12	0	1	1	0.210167	0.280076
200	0	0	12	0	1	0	0.280076	0.28321
200	0	0	12	0	1	1	0.28321	0.407771
200	0	0	12	0	1	0	0.407771	0.409567
200	0	0	12	0	1	1	0.409567	0.427
##	200	0	0	12	0	1
##	200	0	0	12	mtdna	1
200	0	0	13	0	0	1	0	0.12375
200	0	0	13	0	0	0	0.12375	0.137814
200	0	0	13	0	0	1	0.137814	0.152085
200	0	0	13	0	0	0	0.152085	0.15842
200	0	0	13	0	0	1	0.15842	0.316704
200	0	0	13	0	0	0	0.316704	0.320367
200	0	0	13	0	0	1	0.320367	0.365695
200	0	0	13	0	0	0	0.365695	0.366212
200	0	0	13	0	0	1	0.366212	0.369251
200	0	0	13	0	0	0	0.369251	0.375263
200	0	0	13	0	0	1	0.375263	0.427
##	200	0	0	13	0	0	0.2
200	0	0	13	0	1	1	0	0.130909
200	0	0	13	0	1	0	0.130909	0.132183
200	0	0	13	0	1	1	0.132183	0.207376
200	0	0	13	0	1	0	0.207376	0.210458
200	0	0	13	0	1	1	0.210458	0.222811
200	0	0	13	0	1	0	0.222811	0.236151
200	0	0	13	0	1	1	0.236151	0.268562
200	0	0	13	0	1	0	0.268562	0.274264
200	0	0	13	0	1	1	0.274264	0.392788
200	0	0	13	0	1	0	0.392788	0.392858
200	0	0	13	0	1	1	0.392858	0.427
##	200	0	0	13	0	1	0.2
##	200	0	0	13	mtdna	1
200	0	0	14	0	0	1	0	0.022321
200	0	0	14	0	0	0	0.022321	0.0256583
200	0	0	14	0	0	1	0.0256583	0.0437739
200	0	0	14	0	0	0	0.0437739	0.049262
200	0	0	14	0	0	1	0.049262	0.170697
200	0	0	14	0	0	0	0.170697	0.170762
200	0	0	14	0	0	1	0.170762	0.21634
200	0	0	14	0	0	0	0.21634	0.217532
200	0	0	14	0	0	1	0.217532	0.427
##	200	0	0	14	0	0	0.2
200	0	0	14	0	1	1	0	0.205899
200	0	0	14	0	1	0	0.205899	0.230681
200	0	0	14	0	1	1	0.230681	0.281292
200	0	0	14	0	1	0	0.281292	0.281915
200	0	0	14	0	1	1	0.281915	0.419717
200	0	0	14	0	1	0	0.419717	0.421035
200	0	0	14	0	1	1	0.421035	0.426474
200	0	0	14	0	1	0	0.426474	0.427
##	200	0	0	14	0	1	0.2
##	200	0	0	14	mtdna	1
200	0	0	15	0	0	1	0	0.0714075
200	0	0	15	0	0	0	0.0714075	0.0757146
200	0	0	15	0	0	1	0.0757146	0.0778202
200	0	0	15	0	0	0	0.0778202	0.080891
200	0	0	15	0	0	1	0.080891	0.0859939
200	0	0	15	0	0	0	0.0859939	0.10048
200	0	0	15	0	0	1	0.10048	0.142512
200	0	0	15	0	0	0	0.142512	0.151388
200	0	0	15	0	0	1	0.151388	0.213441
200	0	0	15	0	0	0	0.213441	0.214058
200	0	0	15	0	0	1	0.214058	0.219211
200	0	0	15	0	0	0	0.219211	0.224123
200	0	0	15	0	0	1	0.224123	0.427
##	200	0	0	15	0	0	0.2
200	0	0	15	0	1	1	0	0.0629144
200	0	0	15	0	1	0	0.0629144	0.0686333
200	0	0	15	0	1	1	0.0686333	0.108581
200	0	0	15	0	1	0	0.108581	0.110617
200	0	0	15	0	1	1	0.110617	0.160486
200	0	0	15	0	1	0	0.160486	0.162373
200	0	0	15	0	1	1	0.162373	0.33377
200	0	0	15	0	1	0	0.33377	0.335057
200	0	0	15	0	1	1	0.335057	0.397419
200	0	0	15	0	1	0	0.397419	0.398679
200	0	0	15	0	1	1	0.398679	0.406424
200	0	0	15	0	1	0	0.406424	0.411751
200	0	0	15	0	1	1	0.411751	0.427
##	200	0	0	15	0	1	0.2
##	200	0	0	15	mtdna	1
200	0	0	16	0	0	1	0	0.00318905
200	0	0	16	0	0	0	0.00318905	0.0095484
200	0	0	16	0	0	1	0.0095484	0.304023
200	0	0	16	0	0	0	0.304023	0.305014
200	0	0	16	0	0	1	0.305014	0.349695
200	0	0	16	0	0	0	0.349695	0.352495
200	0	0	16	0	0	1	0.352495	0.386298
200	0	0	16	0	0	0	0.386298	0.387585
200	0	0	16	0	0	1	0.387585	0.390646
200	0	0	16	0	0	0	0.390646	0.398679
200	0	0	16	0	0	1	0.398679	0.427
##	200	0	0	16	0	0	0.2
200	0	0	16	0	1	1	0	0.184719
200	0	0	16	0	1	0	0.184719	0.185595
200	0	0	16	0	1	1	0.185595	0.216553
200	0	0	16	0	1	0	0.216553	0.224619
200	0	0	16	0	1	1	0.224619	0.427
##	200	0	0	16	0	1	0.2
##	200	0	0	16	mtdna	1
200	0	0	17	0	0	1	0	0.00446629
200	0	0	17	0	0	0	0.00446629	0.00759578
200	0	0	17	0	0	1	0.00759578	0.0517321
200	0	0	17	0	0	0	0.0517321	0.0538953
200	0	0	17	0	0	1	0.0538953	0.104593
200	0	0	17	0	0	0	0.104593	0.105052
200	0	0	17	0	0	1	0.105052	0.106934
200	0	0	17	0	0	0	0.106934	0.110163
200	0	0	17	0	0	1	0.110163	0.170998
200	0	0	17	0	0	0	0.170998	0.17341
200	0	0	17	0	0	1	0.17341	0.307486
200	0	0	17	0	0	0	0.307486	0.331781
200	0	0	17	0	0	1	0.331781	0.427
##	200	0	0	17	0	0	0.2
200	0	0	17	0	1	1	0	0.0746864
200	0	0	17	0	1	0	0.0746864	0.0763913
200	0	0	17	0	1	1	0.0763913	0.110429
200	0	0	17	0	1	0	0.110429	0.118735
200	0	0	17	0	1	1	0.118735	0.120563
200	0	0	17	0	1	0	0.120563	0.129627
200	0	0	17	0	1	1	0.129627	0.171054
200	0	0	17	0	1	0	0.171054	0.176472
200	0	0	17	0	1	1	0.176472	0.427
##	200	0	0	17	0	1	0.2
##	200	0	0	17	mtdna	1
200	0	0	18	0	0	1	0	0.0137802
200	0	0	18	0	0	0	0.0137802	0.0279429
200	0	0	18	0	0	1	0.0279429	0.136466
200	0	0	18	0	0	0	0.136466	0.137186
200	0	0	18	0	0	1	0.137186	0.232557
200	0	0	18	0	0	0	0.232557	0.238306
200	0	0	18	0	0	1	0.238306	0.427
##	200	0	0	18	0	0	0.2
200	0	0	18	0	1	1	0	0.0326564
200	0	0	18	0	1	0	0.0326564	0.0475096
200	0	0	18	0	1	1	0.0475096	0.0751648
200	0	0	18	0	1	0	0.0751648	0.0986774
200	0	0	18	0	1	1	0.0986774	0.13652
200	0	0	18	0	1	0	0.13652	0.138718
200	0	0	18	0	1	1	0.138718	0.278561
200	0	0	18	0	1	0	0.278561	0.282555
200	0	0	18	0	1	1	0.282555	0.392834
200	0	0	18	0	1	0	0.392834	0.396851
200	0	0	18	0	1	1	0.396851	0.427
##	200	0	0	18	0	1	0.2
##	200	0	0	18	mtdna	1
200	0	0	19	0	0	1	0	0.115587
200	0	0	19	0	0	0	0.115587	0.120933
200	0	0	19	0	0	1	0.120933	0.142004
200	0	0	19	0	0	0	0.142004	0.143121
200	0	0	19	0	0	1	0.143121	0.290656
200	0	0	19	0	0	0	0.290656	0.295557
200	0	0	19	0	0	1	0.295557	0.34597
200	0	0	19	0	0	0	0.34597	0.348667
200	0	0	19	0	0	1	0.348667	0.427
##	200	0	0	19	0	0	0.2
200	0	0	19	0	1	1	0	0.0383164
200	0	0	19	0	1	0	0.0383164	0.0600799
200	0	0	19	0	1	1	0.0600799	0.0810619
200	0	0	19	0	1	0	0.0810619	0.0842538
200	0	0	19	0	1	1	0.0842538	0.163564
200	0	0	19	0	1	0	0.163564	0.168727
200	0	0	19	0	1	1	0.168727	0.196776
200	0	0	19	0	1	0	0.196776	0.206047
200	0	0	19	0	1	1	0.206047	0.27323
200	0	0	19	0	1	0	0.27323	0.289271
200	0	0	19	0	1	1	0.289271	0.333025
200	0	0	19	0	1	0	0.333025	0.333093
200	0	0	19	0	1	1	0.333093	0.390027
200	0	0	19	0	1	0	0.390027	0.393454
200	0	0	19	0	1	1	0.393454	0.427
##	200	0	0	19	0	1
##	200	0	0	19	mtdna	1
200	0	0	20	0	0	1	0	0.113218
200	0	0	20	0	0	0	0.113218	0.115352
200	0	0	20	0	0	1	0.115352	0.183892
200	0	0	20	0	0	0	0.183892	0.188431
200	0	0	20	0	0	1	0.188431	0.394457
200	0	0	20	0	0	0	0.394457	0.396888
200	0	0	20	0	0	1	0.396888	0.427
##	200	0	0	20	0	0	0.2
200	0	0	20	0	1	1	0	0.134993
200	0	0	20	0	1	0	0.134993	0.135792
200	0	0	20	0	1	1	0.135792	0.206665
200	0	0	20	0	1	0	0.206665	0.221236
200	0	0	20	0	1	1	0.221236	0.241889
200	0	0	20	0	1	0	0.241889	0.254621
200	0	0	20	0	1	1	0.254621	0.278464
200	0	0	20	0	1	0	0.278464	0.292243
200	0	0	20	0	1	1	0.292243	0.354921
200	0	0	20	0	1	0	0.354921	0.357724
200	0	0	20	0	1	1	0.357724	0.372936
200	0	0	20	0	1	0	0.372936	0.376987
200	0	0	20	0	1	1	0.376987	0.382788
200	0	0	20	0	1	0	0.382788	0.384776
200	0	0	20	0	1	1	0.384776	0.404315
200	0	0	20	0	1	0	0.404315	0.405352
200	0	0	20	0	1	1	0.405352	0.427
##	200	0	0	20	0	1	0.2
##	200	0	0	20	mtdna	1
200	0	0	21	0	0	1	0	0.253695
200	0	0	21	0	0	0	0.253695	0.256888
200	0	0	21	0	0	1	0.256888	0.427
##	200	0	0	21	0	0	0.2
200	0	0	21	0	1	1	0	0.0476248
200	0	0	21	0	1	0	0.0476248	0.0526226
200	0	0	21	0	1	1	0.0526226	0.0720754
200	0	0	21	0	1	0	0.0720754	0.0726996
200	0	0	21	0	1	1	0.0726996	0.136886
200	0	0	21	0	1	0	0.136886	0.137188
200	0	0	21	0	1	1	0.137188	0.205486
200	0	0	21	0	1	0	0.205486	0.207062
200	0	0	21	0	1	1	0.207062	0.242635
200	0	0	21	0	1	0	0.242635	0.247222
200	0	0	21	0	1	1	0.247222	0.264305
200	0	0	21	0	1	0	0.264305	0.270402
200	0	0	21	0	1	1	0.270402	0.304086
200	0	0	21	0	1	0	0.304086	0.304631
200	0	0	21	0	1	1	0.304631	0.340612
200	0	0	21	0	1	0	0.340612	0.342688
200	0	0	21	0	1	1	0.342688	0.372545
200	0	0	21	0	1	0	0.372545	0.378324
200	0	0	21	0	1	1	0.378324	0.418121
200	0	0	21	0	1	0	0.418121	0.419261
200	0	0	21	0	1	1	0.419261	0.427
##	200	0	0	21	0	1	0.2
##	200	0	0	21	mtdna	0
200	0	0	22	0	0	1	0	0.153364
200	0	0	22	0	0	0	0.153364	0.155912
200	0	0	22	0	0	1	0.155912	0.32776
200	0	0	22	0	0	0	0.32776	0.328879
200	0	0	22	0	0	1	0.328879	0.427
##	200	0	0	22	0	0	0.2
200	0	0	22	0	1	1	0	0.0393523
200	0	0	22	0	1	0	0.0393523	0.0417388
200	0	0	22	0	1	1	0.0417388	0.100144
200	0	0	22	0	1	0	0.100144	0.104271
200	0	0	22	0	1	1	0.104271	0.104732
200	0	0	22	0	1	0	0.104732	0.109347
200	0	0	22	0	1	1	0.109347	0.139973
200	0	0	22	0	1	0	0.139973	0.146896
200	0	0	22	0	1	1	0.146896	0.381106
200	0	0	22	0	1	0	0.381106	0.387377
200	0	0	22	0	1	1	0.387377	0.392472
200	0	0	22	0	1	0	0.392472	0.403701
200	0	0	22	0	1	1	0.403701	0.423292
200	0	0	22	0	1	0	0.423292	0.427
##	200	0	0	22	0	1	0.2
##	200	0	0	22	mtdna	1
200	0	0	23	0	0	1	0	0.0800544
200	0	0	23	0	0	0	0.0800544	0.0810294
200	0	0	23	0	0	1	0.0810294	0.14955
200	0	0	23	0	0	0	0.14955	0.152249
200	0	0	23	0	0	1	0.152249	0.160551
200	0	0	23	0	0	0	0.160551	0.166689
200	0	0	23	0	0	1	0.166689	0.311574
200	0	0	23	0	0	0	0.311574	0.314494
200	0	0	23	0	0	1	0.314494	0.420903
200	0	0	23	0	0	0	0.420903	0.423881
200	0	0	23	0	0	1	0.423881	0.427
##	200	0	0	23	0	0	0.2
200	0	0	23	0	1	1	0	0.123781
200	0	0	23	0	1	0	0.123781	0.126032
200	0	0	23	0	1	1	0.126032	0.16153
200	0	0	23	0	1	0	0.16153	0.164219
200	0	0	23	0	1	1	0.164219	0.182486
200	0	0	23	0	1	0	0.182486	0.191688
200	0	0	23	0	1	1	0.191688	0.197952
200	0	0	23	0	1	0	0.197952	0.203824
200	0	0	23	0	1	1	0.203824	0.299137
200	0	0	23	0	1	0	0.299137	0.309615
200	0	0	23	0	1	1	0.309615	0.354539
200	0	0	23	0	1	0	0.354539	0.360082
200	0	0	23	0	1	1	0.360082	0.376555
200	0	0	23	0	1	0	0.376555	0.382178
200	0	0	23	0	1	1	0.382178	0.427
##	200	0	0	23	0	1
##	200	0	0	23	mtdna	1
200	0	0	24	0	0	1	0	0.060485
200	0	0	24	0	0	0	0.060485	0.0624424
200	0	0	24	0	0	1	0.0624424	0.092477
200	0	0	24	0	0	0	0.092477	0.102
200	0	0	24	0	0	1	0.102	0.127265
200	0	0	24	0	0	0	0.127265	0.128259
200	0	0	24	0	0	1	0.128259	0.201743
200	0	0	24	0	0	0	0.201743	0.205277
200	0	0	24	0	0	1	0.205277	0.214304
200	0	0	24	0	0	0	0.214304	0.216749
200	0	0	24	0	0	1	0.216749	0.231779
200	0	0	24	0	0	0	0.231779	0.243078
200	0	0	24	0	0	1	0.243078	0.27937
200	0	0	24	0	0	0	0.27937	0.28156
200	0	0	24	0	0	1	0.28156	0.427
##	200	0	0	24	0	0	0.2
200	0	0	24	0	1	1	0	0.0202397
200	0	0	24	0	1	0	0.0202397	0.0279429
200	0	0	24	0	1	1	0.0279429	0.215674
200	0	0	24	0	1	0	0.215674	0.215801
200	0	0	24	0	1	1	0.215801	0.245243
200	0	0	24	0	1	0	0.245243	0.245662
200	0	0	24	0	1	1	0.245662	0.305156
200	0	0	24	0	1	0	0.305156	0.315241
200	0	0	24	0	1	1	0.315241	0.330947
200	0	0	24	0	1	0	0.330947	0.331015
200	0	0	24	0	1	1	0.331015	0.427
##	200	0	0	24	0	1	0.2
##	200	0	0	24	mtdna	1
200	0	0	25	0	0	1	0	0.26403
200	0	0	25	0	0	0	0.26403	0.266348
200	0	0	25	0	0	1	0.266348	0.400795
200	0	0	25	0	0	0	0.400795	0.405083
200	0	0	25	0	0	1	0.405083	0.427
##	200	0	0	25	0	0	0.2
200	0	0	25	0	1	1	0	0.0431263
200	0	0	25	0	1	0	0.0431263	0.0442059
200	0	0	25	0	1	1	0.0442059	0.139664
200	0	0	25	0	1	0	0.139664	0.141895
200	0	0	25	0	1	1	0.141895	0.153548
200	0	0	25	0	1	0	0.153548	0.155147
200	0	0	25	0	1	1	0.155147	0.165282
200	0	0	25	0	1	0	0.165282	0.16902
200	0	0	25	0	1	1	0.16902	0.427
##	200	0	0	25	0	1	0.2
##	200	0	0	25	mtdna	1
200	0	0	26	0	0	1	0	0.191078
200	0	0	26	0	0	0	0.191078	0.194339
200	0	0	26	0	0	1	0.194339	0.427
##	200	0	0	26	0	0	0.2
200	0	0	26	0	1	1	0	0.0831449
200	0	0	26	0	1	0	0.0831449	0.0881988
200	0	0	26	0	1	1	0.0881988	0.198449
200	0	0	26	0	1	0	0.198449	0.205071
200	0	0	26	0	1	1	0.205071	0.22214
200	0	0	26	0	1	0	0.22214	0.223986
200	0	0	26	0	1	1	0.223986	0.412537
200	0	0	26	0	1	0	0.412537	0.415978
200	0	0	26	0	1	1	0.415978	0.427
##	200	0	0	26	0	1
##	200	0	0	26	mtdna	1
200	0	0	27	0	0	1	0	0.060868
200	0	0	27	0	0	0	0.060868	0.0652979
200	0	0	27	0	0	1	0.0652979	0.0954893
200	0	0	27	0	0	0	0.0954893	0.10062
200	0	0	27	0	0	1	0.10062	0.147406
200	0	0	27	0	0	0	0.147406	0.158661
200	0	0	27	0	0	1	0.158661	0.203389
200	0	0	27	0	0	0	0.203389	0.220549
200	0	0	27	0	0	1	0.220549	0.427
##	200	0	0	27	0	0	0.2
200	0	0	27	0	1	1	0	0.0373458
200	0	0	27	0	1	0	0.0373458	0.0389984
200	0	0	27	0	1	1	0.0389984	0.0509068
200	0	0	27	0	1	0	0.0509068	0.0583591
200	0	0	27	0	1	1	0.0583591	0.194412
200	0	0	27	0	1	0	0.194412	0.209523
200	0	0	27	0	1	1	0.209523	0.270444
200	0	0	27	0	1	0	0.270444	0.27979
200	0	0	27	0	1	1	0.27979	0.423203
200	0	0	27	0	1	0	0.423203	0.427
##	200	0	0	27	0	1
##	200	0	0	27	mtdna	0
200	0	0	28	0	0	1	0	0.0573898
200	0	0	28	0	0	0	0.0573898	0.0618947
200	0	0	28	0	0	1	0.0618947	0.141634
200	0	0	28	0	0	0	0.141634	0.141895
200	0	0	28	0	0	1	0.141895	0.208998
200	0	0	28	0	0	0	0.208998	0.214524
200	0	0	28	0	0	1	0.214524	0.282654
200	0	0	28	0	0	0	0.282654	0.29238
200	0	0	28	0	0	1	0.29238	0.38395
200	0	0	28	0	0	0	0.38395	0.389251
200	0	0	28	0	0	1	0.389251	0.427
##	200	0	0	28	0	0	0.2
200	0	0	28	0	1	1	0	0.0083194
200	0	0	28	0	1	0	0.0083194	0.00962948
200	0	0	28	0	1	1	0.00962948	0.102556
200	0	0	28	0	1	0	0.102556	0.105052
200	0	0	28	0	1	1	0.105052	0.395181
200	0	0	28	0	1	0	0.395181	0.399567
200	0	0	28	0	1	1	0.399567	0.403835
200	0	0	28	0	1	0	0.403835	0.4079
200	0	0	28	0	1	1	0.4079	0.427
##	200	0	0	28	0	1	0.2
##	200	0	0	28	mtdna	0
200	0	0	29	0	0	1	0	0.177649
200	0	0	29	0	0	0	0.177649	0.20017
200	0	0	29	0	0	1	0.20017	0.427
##	200	0	0	29	0	0
200	0	0	29	0	1	1	0	0.0200172
200	0	0	29	0	1	0	0.0200172	0.0271084
200	0	0	29	0	1	1	0.0271084	0.0618909
200	0	0	29	0	1	0	0.0618909	0.062815
200	0	0	29	0	1	1	0.062815	0.171557
200	0	0	29	0	1	0	0.171557	0.190241
200	0	0	29	0	1	1	0.190241	0.245243
200	0	0	29	0	1	0	0.245243	0.25214
200	0	0	29	0	1	1	0.25214	0.427
##	200	0	0	29	0	1	0.2
##	200	0	0	29	mtdna	1
200	0	0	30	0	0	1	0	0.0282323
200	0	0	30	0	0	0	0.0282323	0.0286379
200	0	0	30	0	0	1	0.0286379	0.0594335
200	0	0	30	0	0	0	0.0594335	0.0645761
200	0	0	30	0	0	1	0.0645761	0.11782
200	0	0	30	0	0	0	0.11782	0.120022
200	0	0	30	0	0	1	0.120022	0.1493
200	0	0	30	0	0	0	0.1493	0.155538
200	0	0	30	0	0	1	0.155538	0.167517
200	0	0	30	0	0	0	0.167517	0.169228
200	0	0	30	0	0	1	0.169228	0.427
##	200	0	0	30	0	0	0.2
200	0	0	30	0	1	1	0	0.0160743
200	0	0	30	0	1	0	0.0160743	0.0168615
200	0	0	30	0	1	1	0.0168615	0.300028
200	0	0	30	0	1	0	0.300028	0.30358
200	0	0	30	0	1	1	0.30358	0.427
##	200	0	0	30	0	1	0.2
##	200	0	0	30	mtdna	1
200	0	0	31	0	0	1	0	0.195278
200	0	0	31	0	0	0	0.195278	0.20137
200	0	0	31	0	0	1	0.20137	0.304739
200	0	0	31	0	0	0	0.304739	0.305653
200	0	0	31	0	0	1	0.305653	0.427
##	200	0	0	31	0	0
200	0	0	31	0	1	1	0	0.0314594
200	0	0	31	0	1	0	0.0314594	0.03177
200	0	0	31	0	1	1	0.03177	0.164839
200	0	0	31	0	1	0	0.164839	0.174725
200	0	0	31	0	1	1	0.174725	0.392581
200	0	0	31	0	1	0	0.392581	0.395719
200	0	0	31	0	1	1	0.395719	0.427
##	200	0	0	31	0	1	0.2
##	200	0	0	31	mtdna	1
200	0	0	32	0	0	1	0	0.0457088
200	0	0	32	0	0	0	0.0457088	0.0472566
200	0	0	32	0	0	1	0.0472566	0.151545
200	0	0	32	0	0	0	0.151545	0.154911
200	0	0	32	0	0	1	0.154911	0.159372
200	0	0	32	0	0	0	0.159372	0.162841
200	0	0	32	0	0	1	0.162841	0.405283
200	0	0	32	0	0	0	0.405283	0.407934
200	0	0	32	0	0	1	0.407934	0.427
##	200	0	0	32	0	0	0.2
200	0	0	32	0	1	1	0	0.0344
200	0	0	32	0	1	0	0.0344	0.0366346
200	0	0	32	0	1	1	0.0366346	0.0620086
200	0	0	32	0	1	0	0.0620086	0.0665391
200	0	0	32	0	1	1	0.0665391	0.142272
200	0	0	32	0	1	0	0.142272	0.143042
200	0	0	32	0	1	1	0.143042	0.199202
200	0	0	32	0	1	0	0.199202	0.208011
200	0	0	32	0	1	1	0.208011	0.327966
200	0	0	32	0	1	0	0.327966	0.330337
200	0	0	32	0	1	1	0.330337	0.427
##	200	0	0	32	0	1
##	200	0	0	32	mtdna	1
200	0	0	33	0	0	1	0	0.0286614
200	0	0	33	0	0	0	0.0286614	0.0435705
200	0	0	33	0	0	1	0.0435705	0.121955
200	0	0	33	0	0	0	0.121955	0.134413
200	0	0	33	0	0	1	0.134413	0.193301
200	0	0	33	0	0	0	0.193301	0.20137
200	0	0	33	0	0	1	0.20137	0.248475
200	0	0	33	0	0	0	0.248475	0.262583
200	0	0	33	0	0	1	0.262583	0.427
##	200	0	0	33	0	0
200	0	0	33	0	1	1	0	0.0335652
200	0	0	33	0	1	0	0.0335652	0.0337418
200	0	0	33	0	1	1	0.0337418	0.129623
200	0	0	33	0	1	0	0.129623	0.13802
200	0	0	33	0	1	1	0.13802	0.321137
200	0	0	33	0	1	0	0.321137	0.332115
200	0	0	33	0	1	1	0.332115	0.427
##	200	0	0	33	0	1	0.2
##	200	0	0	33	mtdna	1
200	0	0	34	0	0	1	0	0.154348
200	0	0	34	0	0	0	0.154348	0.163732
200	0	0	34	0	0	1	0.163732	0.20611
200	0	0	34	0	0	0	0.20611	0.219797
200	0	0	34	0	0	1	0.219797	0.383247
200	0	0	34	0	0	0	0.383247	0.388171
200	0	0	34	0	0	1	0.388171	0.427
##	200	0	0	34	0	0	0.2
200	0	0	34	0	1	1	0	0.0129154
200	0	0	34	0	1	0	0.0129154	0.0138216
200	0	0	34	0	1	1	0.0138216	0.149214
200	0	0	34	0	1	0	0.149214	0.150776
200	0	0	34	0	1	1	0.150776	0.163962
200	0	0	34	0	1	0	0.163962	0.176482
200	0	0	34	0	1	1	0.176482	0.303094
200	0	0	34	0	1	0	0.303094	0.303323
200	0	0	34	0	1	1	0.303323	0.409461
200	0	0	34	0	1	0	0.409461	0.423253
200	0	0	34	0	1	1	0.423253	0.427
##	200	0	0	34	0	1	0.2
##	200	0	0	34	mtdna	1
200	0	0	35	0	0	1	0	0.0160743
200	0	0	35	0	0	0	0.0160743	0.0168615
200	0	0	35	0	0	1	0.0168615	0.110363
200	0	0	35	0	0	0	0.110363	0.118698
200	0	0	35	0	0	1	0.118698	0.136255
200	0	0	35	0	0	0	0.136255	0.144308
200	0	0	35	0	0	1	0.144308	0.151121
200	0	0	35	0	0	0	0.151121	0.15627
200	0	0	35	0	0	1	0.15627	0.392581
200	0	0	35	0	0	0	0.392581	0.397692
200	0	0	35	0	0	1	0.397692	0.427
##	200	0	0	35	0	0	0.2
200	0	0	35	0	1	1	0	0.303078
200	0	0	35	0	1	0	0.303078	0.309036
200	0	0	35	0	1	1	0.309036	0.386298
200	0	0	35	0	1	0	0.386298	0.387585
200	0	0	35	0	1	1	0.387585	0.417118
200	0	0	35	0	1	0	0.417118	0.420871
200	0	0	35	0	1	1	0.420871	0.427
##	200	0	0	35	0	1	0.2
##	200	0	0	35	mtdna	1
200	0	0	36	0	0	1	0	0.0267077
200	0	0	36	0	0	0	0.0267077	0.0270839
200	0	0	36	0	0	1	0.0270839	0.134862
200	0	0	36	0	0	0	0.134862	0.141228
200	0	0	36	0	0	1	0.141228	0.171104
200	0	0	36	0	0	0	0.171104	0.174798
200	0	0	36	0	0	1	0.174798	0.208998
200	0	0	36	0	0	0	0.208998	0.214524
200	0	0	36	0	0	1	0.214524	0.282654
200	0	0	36	0	0	0	0.282654	0.29238
200	0	0	36	0	0	1	0.29238	0.403331
200	0	0	36	0	0	0	0.403331	0.405144
200	0	0	36	0	0	1	0.405144	0.427
##	200	0	0	36	0	0	0.2
200	0	0	36	0	1	1	0	0.124397
200	0	0	36	0	1	0	0.124397	0.12579
200	0	0	36	0	1	1	0.12579	0.250002
200	0	0	36	0	1	0	0.250002	0.251506
200	0	0	36	0	1	1	0.251506	0.389745
200	0	0	36	0	1	0	0.389745	0.39466
200	0	0	36	0	1	1	0.39466	0.427
##	200	0	0	36	0	1	0.2
##	200	0	0	36	mtdna	1
200	0	0	37	0	0	1	0	0.00521775
200	0	0	37	0	0	0	0.00521775	0.00773218
200	0	0	37	0	0	1	0.00773218	0.118137
200	0	0	37	0	0	0	0.118137	0.127626
200	0	0	37	0	0	1	0.127626	0.12807
200	0	0	37	0	0	0	0.12807	0.138702
200	0	0	37	0	0	1	0.138702	0.204321
200	0	0	37	0	0	0	0.204321	0.206661
200	0	0	37	0	0	1	0.206661	0.243496
200	0	0	37	0	0	0	0.243496	0.244426
200	0	0	37	0	0	1	0.244426	0.427
##	200	0	0	37	0	0	0.2
200	0	0	37	0	1	1	0	0.0239781
200	0	0	37	0	1	0	0.0239781	0.0245851
200	0	0	37	0	1	1	0.0245851	0.0561802
200	0	0	37	0	1	0	0.0561802	0.056729
200	0	0	37	0	1	1	0.056729	0.060676
200	0	0	37	0	1	0	0.060676	0.0607518
200	0	0	37	0	1	1	0.0607518	0.381437
200	0	0	37	0	1	0	0.381437	0.383793
200	0	0	37	0	1	1	0.383793	0.397536
200	0	0	37	0	1	0	0.397536	0.404367
200	0	0	37	0	1	1	0.404367	0.427
##	200	0	0	37	0	1	0.2
##	200	0	0	37	mtdna	1
200	0	0	38	0	0	1	0	0.0478109
200	0	0	38	0	0	0	0.0478109	0.0484693
200	0	0	38	0	0	1	0.0484693	0.137605
200	0	0	38	0	0	0	0.137605	0.138831
200	0	0	38	0	0	1	0.138831	0.178058
200	0	0	38	0	0	0	0.178058	0.184028
200	0	0	38	0	0	1	0.184028	0.427
##	200	0	0	38	0	0	0.2
200	0	0	38	0	1	0	0	0.0192846
200	0	0	38	0	1	1	0.0192846	0.0670431
200	0	0	38	0	1	0	0.0670431	0.0722717
200	0	0	38	0	1	1	0.0722717	0.164836
200	0	0	38	0	1	0	0.164836	0.166556
200	0	0	38	0	1	1	0.166556	0.277573
200	0	0	38	0	1	0	0.277573	0.279201
200	0	0	38	0	1	1	0.279201	0.27946
200	0	0	38	0	1	0	0.27946	0.28259
200	0	0	38	0	1	1	0.28259	0.387655
200	0	0	38	0	1	0	0.387655	0.396469
200	0	0	38	0	1	1	0.396469	0.427
##	200	0	0	38	0	1	0.2
##	200	0	0	38	mtdna	1
200	0	0	39	0	0	1	0	0.0902478
200	0	0	39	0	0	0	0.0902478	0.0913351
200	0	0	39	0	0	1	0.0913351	0.124763
200	0	0	39	0	0	0	0.124763	0.125545
200	0	0	39	0	0	1	0.125545	0.248409
200	0	0	39	0	0	0	0.248409	0.254621
200	0	0	39	0	0	1	0.254621	0.427
##	200	0	0	39	0	0	0.2
200	0	0	39	0	1	1	0	0.14462
200	0	0	39	0	1	0	0.14462	0.160473
200	0	0	39	0	1	1	0.160473	0.179669
200	0	0	39	0	1	0	0.179669	0.186857
200	0	0	39	0	1	1	0.186857	0.369121
200	0	0	39	0	1	0	0.369121	0.380411
200	0	0	39	0	1	1	0.380411	0.427
##	200	0	0	39	0	1	0.2
##	200	0	0	39	mtdna	1
200	0	0	40	0	0	1	0	0.0146068
200	0	0	40	0	0	0	0.0146068	0.0167742
200	0	0	40	0	0	1	0.0167742	0.0257389
200	0	0	40	0	0	0	0.0257389	0.0264004
200	0	0	40	0	0	1	0.0264004	0.0965107
200	0	0	40	0	0	0	0.0965107	0.0966813
200	0	0	40	0	0	1	0.0966813	0.0975748
200	0	0	40	0	0	0	0.0975748	0.100265
200	0	0	40	0	0	1	0.100265	0.128117
200	0	0	40	0	0	0	0.128117	0.129024
200	0	0	40	0	0	1	0.129024	0.230237
200	0	0	40	0	0	0	0.230237	0.23055
200	0	0	40	0	0	1	0.23055	0.383223
200	0	0	40	0	0	0	0.383223	0.40059
200	0	0	40	0	0	1	0.40059	0.427
##	200	0	0	40	0	0	0.2
200	0	0	40	0	1	1	0	0.0229713
200	0	0	40	0	1	0	0.0229713	0.0474534
200	0	0	40	0	1	1	0.0474534	0.170998
200	0	0	40	0	1	0	0.170998	0.17341
200	0	0	40	0	1	1	0.17341	0.208342
200	0	0	40	0	1	0	0.208342	0.210681
200	0	0	40	0	1	1	0.210681	0.379541
200	0	0	40	0	1	0	0.379541	0.391051
200	0	0	40	0	1	1	0.391051	0.427
##	200	0	0	40	0	1	0.2
##	200	0	0	40	mtdna	1
200	0	0	41	0	0	1	0	0.00521775
200	0	0	41	0	0	0	0.00521775	0.00773218
200	0	0	41	0	0	1	0.00773218	0.125183
200	0	0	41	0	0	0	0.125183	0.136562
200	0	0	41	0	0	1	0.136562	0.143004
200	0	0	41	0	0	0	0.143004	0.145215
200	0	0	41	0	0	1	0.145215	0.198258
200	0	0	41	0	0	0	0.198258	0.200086
200	0	0	41	0	0	1	0.200086	0.308421
200	0	0	41	0	0	0	0.308421	0.340056
200	0	0	41	0	0	1	0.340056	0.427
##	200	0	0	41	0	0
200	0	0	41	0	1	1	0	0.0860509
200	0	0	41	0	1	0	0.0860509	0.101026
200	0	0	41	0	1	1	0.101026	0.176799
200	0	0	41	0	1	0	0.176799	0.179975
200	0	0	41	0	1	1	0.179975	0.241615
200	0	0	41	0	1	0	0.241615	0.241712
200	0	0	41	0	1	1	0.241712	0.427
##	200	0	0	41	0	1	0.2
##	200	0	0	41	mtdna	1
200	0	0	42	0	0	1	0	0.0298823
200	0	0	42	0	0	0	0.0298823	0.0335234
200	0	0	42	0	0	1	0.0335234	0.0419491
200	0	0	42	0	0	0	0.0419491	0.0479399
200	0	0	42	0	0	1	0.0479399	0.0619171
200	0	0	42	0	0	0	0.0619171	0.0661385
200	0	0	42	0	0	1	0.0661385	0.0830506
200	0	0	42	0	0	0	0.0830506	0.0863327
200	0	0	42	0	0	1	0.0863327	0.235191
200	0	0	42	0	0	0	0.235191	0.235597
200	0	0	42	0	0	1	0.235597	0.241658
200	0	0	42	0	0	0	0.241658	0.24769
200	0	0	42	0	0	1	0.24769	0.304023
200	0	0	42	0	0	0	0.304023	0.305014
200	0	0	42	0	0	1	0.305014	0.334434
200	0	0	42	0	0	0	0.334434	0.341213
200	0	0	42	0	0	1	0.341213	0.349631
200	0	0	42	0	0	0	0.349631	0.353088
200	0	0	42	0	0	1	0.353088	0.392952
200	0	0	42	0	0	0	0.392952	0.397854
200	0	0	42	0	0	1	0.397854	0.427
##	200	0	0	42	0	0	0.2
200	0	0	42	0	1	1	0	0.0322162
200	0	0	42	0	1	0	0.0322162	0.0390222
200	0	0	42	0	1	1	0.0390222	0.0449589
200	0	0	42	0	1	0	0.0449589	0.0671325
200	0	0	42	0	1	1	0.0671325	0.0786842
200	0	0	42	0	1	0	0.0786842	0.0802056
200	0	0	42	0	1	1	0.0802056	0.0969453
200	0	0	42	0	1	0	0.0969453	0.103206
200	0	0	42	0	1	1	0.103206	0.107826
200	0	0	42	0	1	0	0.107826	0.111806
200	0	0	42	0	1	1	0.111806	0.427
##	200	0	0	42	0	1	0.2
##	200	0	0	42	mtdna	1
200	0	0	43	0	0	1	0	0.0771735
200	0	0	43	0	0	0	0.0771735	0.0866478
200	0	0	43	0	0	1	0.0866478	0.133006
200	0	0	43	0	0	0	0.133006	0.139643
200	0	0	43	0	0	1	0.139643	0.371911
200	0	0	43	0	0	0	0.371911	0.374635
200	0	0	43	0	0	1	0.374635	0.375763
200	0	0	43	0	0	0	0.375763	0.380784
200	0	0	43	0	0	1	0.380784	0.388243
200	0	0	43	0	0	0	0.388243	0.395052
200	0	0	43	0	0	1	0.395052	0.427
##	200	0	0	43	0	0	0.2
200	0	0	43	0	1	1	0	0.216111
200	0	0	43	0	1	0	0.216111	0.218921
200	0	0	43	0	1	1	0.218921	0.308537
200	0	0	43	0	1	0	0.308537	0.309194
200	0	0	43	0	1	1	0.309194	0.427
##	200	0	0	43	0	1	0.2
##	200	0	0	43	mtdna	1
200	0	0	44	0	0	1	0	0.0963586
200	0	0	44	0	0	0	0.0963586	0.109347
200	0	0	44	0	0	1	0.109347	0.110325
200	0	0	44	0	0	0	0.110325	0.127209
200	0	0	44	0	0	1	0.127209	0.202418
200	0	0	44	0	0	0	0.202418	0.203854
200	0	0	44	0	0	1	0.203854	0.403011
200	0	0	44	0	0	0	0.403011	0.408571
200	0	0	44	0	0	1	0.408571	0.427
##	200	0	0	44	0	0	0.2
200	0	0	44	0	1	1	0	0.0390858
200	0	0	44	0	1	0	0.0390858	0.0434481
200	0	0	44	0	1	1	0.0434481	0.0452699
200	0	0	44	0	1	0	0.0452699	0.0452843
200	0	0	44	0	1	1	0.0452843	0.0616505
200	0	0	44	0	1	0	0.0616505	0.0664053
200	0	0	44	0	1	1	0.0664053	0.0805803
200	0	0	44	0	1	0	0.0805803	0.0810523
200	0	0	44	0	1	1	0.0810523	0.211632
200	0	0	44	0	1	0	0.211632	0.216629
200	0	0	44	0	1	1	0.216629	0.237642
200	0	0	44	0	1	0	0.237642	0.241809
200	0	0	44	0	1	1	0.241809	0.303094
200	0	0	44	0	1	0	0.303094	0.316724
200	0	0	44	0	1	1	0.316724	0.427
##	200	0	0	44	0	1	0.2
##	200	0	0	44	mtdna	1
200	0	0	45	0	0	1	0	0.0351202
200	0	0	45	0	0	0	0.0351202	0.0366346
200	0	0	45	0	0	1	0.0366346	0.334024
200	0	0	45	0	0	0	0.334024	0.335905
200	0	0	45	0	0	1	0.335905	0.392335
200	0	0	45	0	0	0	0.392335	0.392559
200	0	0	45	0	0	1	0.392559	0.427
##	200	0	0	45	0	0	0.2
200	0	0	45	0	1	1	0	0.0594064
200	0	0	45	0	1	0	0.0594064	0.0677009
200	0	0	45	0	1	1	0.0677009	0.209405
200	0	0	45	0	1	0	0.209405	0.214154
200	0	0	45	0	1	1	0.214154	0.427
##	200	0	0	45	0	1	0.2
##	200	0	0	45	mtdna	1
200	0	0	46	0	0	1	0	0.427
##	200	0	0	46	0	0	0.2
200	0	0	46	0	1	1	0	0.0221881
200	0	0	46	0	1	0	0.0221881	0.0236866
200	0	0	46	0	1	1	0.0236866	0.0410741
200	0	0	46	0	1	0	0.0410741	0.0475057
200	0	0	46	0	1	1	0.0475057	0.0804104
200	0	0	46	0	1	0	0.0804104	0.0842538
200	0	0	46	0	1	1	0.0842538	0.110334
200	0	0	46	0	1	0	0.110334	0.111521
200	0	0	46	0	1	1	0.111521	0.144933
200	0	0	46	0	1	0	0.144933	0.148435
200	0	0	46	0	1	1	0.148435	0.246543
200	0	0	46	0	1	0	0.246543	0.249065
200	0	0	46	0	1	1	0.249065	0.412736
200	0	0	46	0	1	0	0.412736	0.414335
200	0	0	46	0	1	1	0.414335	0.427
##	200	0	0	46	0	1	0.2
##	200	0	0	46	mtdna	1
200	0	0	47	0	0	1	0	0.0824652
200	0	0	47	0	0	0	0.0824652	0.0842538
200	0	0	47	0	0	1	0.0842538	0.131739
200	0	0	47	0	0	0	0.131739	0.142988
200	0	0	47	0	0	1	0.142988	0.427
##	200	0	0	47	0	0	0.2
200	0	0	47	0	1	1	0	0.00694573
200	0	0	47	0	1	0	0.00694573	0.0287005
200	0	0	47	0	1	1	0.0287005	0.0377618
200	0	0	47	0	1	0	0.0377618	0.0415059
200	0	0	47	0	1	1	0.0415059	0.0427582
200	0	0	47	0	1	0	0.0427582	0.0442376
200	0	0	47	0	1	1	0.0442376	0.0460522
200	0	0	47	0	1	0	0.0460522	0.0526136
200	0	0	47	0	1	1	0.0526136	0.150891
200	0	0	47	0	1	0	0.150891	0.152249
200	0	0	47	0	1	1	0.152249	0.17339
200	0	0	47	0	1	0	0.17339	0.176906
200	0	0	47	0	1	1	0.176906	0.425546
200	0	0	47	0	1	0	0.425546	0.427
##	200	0	0	47	0	1	0.2
##	200	0	0	47	mtdna	1
200	0	0	48	0	0	1	0	0.0361675
200	0	0	48	0	0	0	0.0361675	0.0423206
200	0	0	48	0	0	1	0.0423206	0.239789
200	0	0	48	0	0	0	0.239789	0.246678
200	0	0	48	0	0	1	0.246678	0.36779
200	0	0	48	0	0	0	0.36779	0.377072
200	0	0	48	0	0	1	0.377072	0.427
##	200	0	0	48	0	0	0.2
200	0	0	48	0	1	1	0	0.0338744
200	0	0	48	0	1	0	0.0338744	0.0339415
200	0	0	48	0	1	1	0.0339415	0.04506
200	0	0	48	0	1	0	0.04506	0.0503866
200	0	0	48	0	1	1	0.0503866	0.268959
200	0	0	48	0	1	0	0.268959	0.269106
200	0	0	48	0	1	1	0.269106	0.280638
200	0	0	48	0	1	0	0.280638	0.284185
200	0	0	48	0	1	1	0.284185	0.358056
200	0	0	48	0	1	0	0.358056	0.358418
200	0	0	48	0	1	1	0.358418	0.368811
200	0	0	48	0	1	0	0.368811	0.373304
200	0	0	48	0	1	1	0.373304	0.427
##	200	0	0	48	0	1	0.2
##	200	0	0	48	mtdna	1
200	0	0	49	0	0	1	0	0.00679813
200	0	0	49	0	0	0	0.00679813	0.0182819
200	0	0	49	0	0	1	0.0182819	0.033243
200	0	0	49	0	0	0	0.033243	0.0393822
200	0	0	49	0	0	1	0.0393822	0.0587588
200	0	0	49	0	0	0	0.0587588	0.0682534
200	0	0	49	0	0	1	0.0682534	0.0967152
200	0	0	49	0	0	0	0.0967152	0.0990087
200	0	0	49	0	0	1	0.0990087	0.118159
200	0	0	49	0	0	0	0.118159	0.122947
200	0	0	49	0	0	1	0.122947	0.145082
200	0	0	49	0	0	0	0.145082	0.153483
200	0	0	49	0	0	1	0.153483	0.204994
200	0	0	49	0	0	0	0.204994	0.206052
200	0	0	49	0	0	1	0.206052	0.427
##	200	0	0	49	0	0	0.2
200	0	0	49	0	1	0	0	0.00362949
200	0	0	49	0	1	1	0.00362949	0.118164
200	0	0	49	0	1	0	0.118164	0.120648
200	0	0	49	0	1	1	0.120648	0.120765
200	0	0	49	0	1	0	0.120765	0.12144
200	0	0	49	0	1	1	0.12144	0.14955
200	0	0	49	0	1	0	0.14955	0.152249
200	0	0	49	0	1	1	0.152249	0.175748
200	0	0	49	0	1	0	0.175748	0.17798
200	0	0	49	0	1	1	0.17798	0.40064
200	0	0	49	0	1	0	0.40064	0.402969
200	0	0	49	0	1	1	0.402969	0.427
##	200	0	0	49	0	1	0.2
##	200	0	0	49	mtdna	1
200	0	0	50	0	0	1	0	0.0325695
200	0	0	50	0	0	0	0.0325695	0.0353054
200	0	0	50	0	0	1	0.0353054	0.0738308
200	0	0	50	0	0	0	0.0738308	0.0761652
200	0	0	50	0	0	1	0.0761652	0.107685
200	0	0	50	0	0	0	0.107685	0.122163
200	0	0	50	0	0	1	0.122163	0.187091
200	0	0	50	0	0	0	0.187091	0.188691
200	0	0	50	0	0	1	0.188691	0.290162
200	0	0	50	0	0	0	0.290162	0.295859
200	0	0	50	0	0	1	0.295859	0.355866
200	0	0	50	0	0	0	0.355866	0.356715
200	0	0	50	0	0	1	0.356715	0.427
##	200	0	0	50	0	0	0.2
200	0	0	50	0	1	1	0	0.0513859
200	0	0	50	0	1	0	0.0513859	0.0632296
200	0	0	50	0	1	1	0.0632296	0.0682557
200	0	0	50	0	1	0	0.0682557	0.0746879
200	0	0	50	0	1	1	0.0746879	0.183849
200	0	0	50	0	1	0	0.183849	0.195117
200	0	0	50	0	1	1	0.195117	0.29724
200	0	0	50	0	1	0	0.29724	0.300231
200	0	0	50	0	1	1	0.300231	0.304373
200	0	0	50	0	1	0	0.304373	0.307427
200	0	0	50	0	1	1	0.307427	0.427
##	200	0	0	50	0	1	0.2
##	200	0	0	50	mtdna	1
200	0	0	51	0	0	1	0	0.00452058
200	0	0	51	0	0	0	0.00452058	0.0107479
200	0	0	51	0	0	1	0.0107479	0.139664
200	0	0	51	0	0	0	0.139664	0.141895
200	0	0	51	0	0	1	0.141895	0.176657
200	0	0	51	0	0	0	0.176657	0.20017
200	0	0	51	0	0	1	0.20017	0.261952
200	0	0	51	0	0	0	0.261952	0.266414
200	0	0	51	0	0	1	0.266414	0.314333
200	0	0	51	0	0	0	0.314333	0.316979
200	0	0	51	0	0	1	0.316979	0.327852
200	0	0	51	0	0	0	0.327852	0.328734
200	0	0	51	0	0	1	0.328734	0.398715
200	0	0	51	0	0	0	0.398715	0.404881
200	0	0	51	0	0	1	0.404881	0.427
##	200	0	0	51	0	0
200	0	0	51	0	1	1	0	0.188883
200	0	0	51	0	1	0	0.188883	0.192327
200	0	0	51	0	1	1	0.192327	0.427
##	200	0	0	51	0	1	0.2
##	200	0	0	51	mtdna	1
200	0	0	52	0	0	1	0	0.0318505
200	0	0	52	0	0	0	0.0318505	0.0326408
200	0	0	52	0	0	1	0.0326408	0.0985235
200	0	0	52	0	0	0	0.0985235	0.103859
200	0	0	52	0	0	1	0.103859	0.260873
200	0	0	52	0	0	0	0.260873	0.261907
200	0	0	52	0	0	1	0.261907	0.287884
200	0	0	52	0	0	0	0.287884	0.292243
200	0	0	52	0	0	1	0.292243	0.297954
200	0	0	52	0	0	0	0.297954	0.297967
200	0	0	52	0	0	1	0.297967	0.427
##	200	0	0	52	0	0	0.2
200	0	0	52	0	1	1	0	0.180646
200	0	0	52	0	1	0	0.180646	0.182344
200	0	0	52	0	1	1	0.182344	0.184825
200	0	0	52	0	1	0	0.184825	0.187566
200	0	0	52	0	1	1	0.187566	0.310148
200	0	0	52	0	1	0	0.310148	0.319177
200	0	0	52	0	1	1	0.319177	0.372936
200	0	0	52	0	1	0	0.372936	0.376987
200	0	0	52	0	1	1	0.376987	0.427
##	200	0	0	52	0	1	0.2
##	200	0	0	52	mtdna	1
200	0	0	53	0	0	1	0	0.197408
200	0	0	53	0	0	0	0.197408	0.201174
200	0	0	53	0	0	1	0.201174	0.313299
200	0	0	53	0	0	0	0.313299	0.320378
200	0	0	53	0	0	1	0.320378	0.427
##	200	0	0	53	0	0
200	0	0	53	0	1	1	0	0.117521
200	0	0	53	0	1	0	0.117521	0.117881
200	0	0	53	0	1	1	0.117881	0.172821
200	0	0	53	0	1	0	0.172821	0.175477
200	0	0	53	0	1	1	0.175477	0.195661
200	0	0	53	0	1	0	0.195661	0.207324
200	0	0	53	0	1	1	0.207324	0.215674
200	0	0	53	0	1	0	0.215674	0.215801
200	0	0	53	0	1	1	0.215801	0.222821
200	0	0	53	0	1	0	0.222821	0.223375
200	0	0	53	0	1	1	0.223375	0.393129
200	0	0	53	0	1	0	0.393129	0.403701
200	0	0	53	0	1	1	0.403701	0.427
##	200	0	0	53	0	1
##	200	0	0	53	mtdna	1
200	0	0	54	0	0	1	0	0.0860691
200	0	0	54	0	0	0	0.0860691	0.0890106
200	0	0	54	0	0	1	0.0890106	0.18523
200	0	0	54	0	0	0	0.18523	0.208794
200	0	0	54	0	0	1	0.208794	0.265001
200	0	0	54	0	0	0	0.265001	0.266435
200	0	0	54	0	0	1	0.266435	0.416771
200	0	0	54	0	0	0	0.416771	0.422217
200	0	0	54	0	0	1	0.422217	0.427
##	200	0	0	54	0	0
200	0	0	54	0	1	1	0	0.18649
200	0	0	54	0	1	0	0.18649	0.192327
200	0	0	54	0	1	1	0.192327	0.278561
200	0	0	54	0	1	0	0.278561	0.282555
200	0	0	54	0	1	1	0.282555	0.305758
200	0	0	54	0	1	0	0.305758	0.315827
200	0	0	54	0	1	1	0.315827	0.369251
200	0	0	54	0	1	0	0.369251	0.375265
200	0	0	54	0	1	1	0.375265	0.389527
200	0	0	54	0	1	0	0.389527	0.406215
200	0	0	54	0	1	1	0.406215	0.427
##	200	0	0	54	0	1	0.2
##	200	0	0	54	mtdna	1
200	0	0	55	0	0	1	0	0.26403
200	0	0	55	0	0	0	0.26403	0.266348
200	0	0	55	0	0	1	0.266348	0.342478
200	0	0	55	0	0	0	0.342478	0.34633
200	0	0	55	0	0	1	0.34633	0.378723
200	0	0	55	0	0	0	0.378723	0.392692
200	0	0	55	0	0	1	0.392692	0.427
##	200	0	0	55	0	0	0.2
200	0	0	55	0	1	1	0	0.0551356
200	0	0	55	0	1	0	0.0551356	0.0574317
200	0	0	55	0	1	1	0.0574317	0.0622391
200	0	0	55	0	1	0	0.0622391	0.0645408
200	0	0	55	0	1	1	0.0645408	0.173596
200	0	0	55	0	1	0	0.173596	0.17569
200	0	0	55	0	1	1	0.17569	0.281792
200	0	0	55	0	1	0	0.281792	0.292243
200	0	0	55	0	1	1	0.292243	0.353658
200	0	0	55	0	1	0	0.353658	0.356052
200	0	0	55	0	1	1	0.356052	0.427
##	200	0	0	55	0	1	0.2
##	200	0	0	55	mtdna	1
200	0	0	56	0	0	1	0	0.0110479
200	0	0	56	0	0	0	0.0110479	0.0192846
200	0	0	56	0	0	1	0.0192846	0.12548
200	0	0	56	0	0	0	0.12548	0.128259
200	0	0	56	0	0	1	0.128259	0.21452
200	0	0	56	0	0	0	0.21452	0.223486
200	0	0	56	0	0	1	0.223486	0.28412
200	0	0	56	0	0	0	0.28412	0.28497
200	0	0	56	0	0	1	0.28497	0.397419
200	0	0	56	0	0	0	0.397419	0.398679
200	0	0	56	0	0	1	0.398679	0.406424
200	0	0	56	0	0	0	0.406424	0.411144
200	0	0	56	0	0	1	0.411144	0.427
##	200	0	0	56	0	0	0.2
200	0	0	56	0	1	1	0	0.0145895
200	0	0	56	0	1	0	0.0145895	0.0153173
200	0	0	56	0	1	1	0.0153173	0.235068
200	0	0	56	0	1	0	0.235068	0.235461
200	0	0	56	0	1	1	0.235461	0.272462
200	0	0	56	0	1	0	0.272462	0.281295
200	0	0	56	0	1	1	0.281295	0.398055
200	0	0	56	0	1	0	0.398055	0.402815
200	0	0	56	0	1	1	0.402815	0.427
##	200	0	0	56	0	1	0.2
##	200	0	0	56	mtdna	1
200	0	0	57	0	0	1	0	0.101415
200	0	0	57	0	0	0	0.101415	0.111806
200	0	0	57	0	0	1	0.111806	0.150073
200	0	0	57	0	0	0	0.150073	0.152713
200	0	0	57	0	0	1	0.152713	0.165533
200	0	0	57	0	0	0	0.165533	0.171537
200	0	0	57	0	0	1	0.171537	0.192767
200	0	0	57	0	0	0	0.192767	0.194523
200	0	0	57	0	0	1	0.194523	0.248477
200	0	0	57	0	0	0	0.248477	0.260567
200	0	0	57	0	0	1	0.260567	0.264291
200	0	0	57	0	0	0	0.264291	0.264585
200	0	0	57	0	0	1	0.264585	0.33412
200	0	0	57	0	0	0	0.33412	0.338448
200	0	0	57	0	0	1	0.338448	0.359083
200	0	0	57	0	0	0	0.359083	0.378127
200	0	0	57	0	0	1	0.378127	0.427
##	200	0	0	57	0	0	0.2
200	0	0	57	0	1	1	0	0.0258038
200	0	0	57	0	1	0	0.0258038	0.0288658
200	0	0	57	0	1	1	0.0288658	0.123641
200	0	0	57	0	1	0	0.123641	0.12877
200	0	0	57	0	1	1	0.12877	0.17339
200	0	0	57	0	1	0	0.17339	0.180729
200	0	0	57	0	1	1	0.180729	0.19805
200	0	0	57	0	1	0	0.19805	0.208391
200	0	0	57	0	1	1	0.208391	0.328618
200	0	0	57	0	1	0	0.328618	0.329209
200	0	0	57	0	1	1	0.329209	0.37904
200	0	0	57	0	1	0	0.37904	0.388506
200	0	0	57	0	1	1	0.388506	0.427
##	200	0	0	57	0	1
##	200	0	0	57	mtdna	1
200	0	0	58	0	0	1	0	0.247622
200	0	0	58	0	0	0	0.247622	0.263013
200	0	0	58	0	0	1	0.263013	0.40064
200	0	0	58	0	0	0	0.40064	0.402969
200	0	0	58	0	0	1	0.402969	0.427
##	200	0	0	58	0	0	0.2
200	0	0	58	0	1	1	0	0.0509068
200	0	0	58	0	1	0	0.0509068	0.0583591
200	0	0	58	0	1	1	0.0583591	0.173164
200	0	0	58	0	1	0	0.173164	0.176222
200	0	0	58	0	1	1	0.176222	0.215674
200	0	0	58	0	1	0	0.215674	0.215801
200	0	0	58	0	1	1	0.215801	0.221222
200	0	0	58	0	1	0	0.221222	0.223375
200	0	0	58	0	1	1	0.223375	0.299137
200	0	0	58	0	1	0	0.299137	0.309615
200	0	0	58	0	1	1	0.309615	0.367091
200	0	0	58	0	1	0	0.367091	0.372709
200	0	0	58	0	1	1	0.372709	0.427
##	200	0	0	58	0	1	0.2
##	200	0	0	58	mtdna	1
200	0	0	59	0	0	1	0	0.0319868
200	0	0	59	0	0	0	0.0319868	0.035086
200	0	0	59	0	0	1	0.035086	0.0873222
200	0	0	59	0	0	0	0.0873222	0.0907519
200	0	0	59	0	0	1	0.0907519	0.208342
200	0	0	59	0	0	0	0.208342	0.218093
200	0	0	59	0	0	1	0.218093	0.427
##	200	0	0	59	0	0	0.2
200	0	0	59	0	1	1	0	0.0162195
200	0	0	59	0	1	0	0.0162195	0.0182819
200	0	0	59	0	1	1	0.0182819	0.0280515
200	0	0	59	0	1	0	0.0280515	0.0292307
200	0	0	59	0	1	1	0.0292307	0.0482172
200	0	0	59	0	1	0	0.0482172	0.0615916
200	0	0	59	0	1	1	0.0615916	0.225803
200	0	0	59	0	1	0	0.225803	0.229432
200	0	0	59	0	1	1	0.229432	0.248475
200	0	0	59	0	1	0	0.248475	0.262583
200	0	0	59	0	1	1	0.262583	0.427
##	200	0	0	59	0	1	0.2
##	200	0	0	59	mtdna	1
200	0	0	60	0	0	1	0	0.00699465
200	0	0	60	0	0	0	0.00699465	0.00704905
200	0	0	60	0	0	1	0.00704905	0.0188112
200	0	0	60	0	0	0	0.0188112	0.0205594
200	0	0	60	0	0	1	0.0205594	0.04131
200	0	0	60	0	0	0	0.04131	0.0415313
200	0	0	60	0	0	1	0.0415313	0.118137
200	0	0	60	0	0	0	0.118137	0.119355
200	0	0	60	0	0	1	0.119355	0.221222
200	0	0	60	0	0	0	0.221222	0.223375
200	0	0	60	0	0	1	0.223375	0.305298
200	0	0	60	0	0	0	0.305298	0.311948
200	0	0	60	0	0	1	0.311948	0.31225
200	0	0	60	0	0	0	0.31225	0.316518
200	0	0	60	0	0	1	0.316518	0.32776
200	0	0	60	0	0	0	0.32776	0.328879
200	0	0	60	0	0	1	0.328879	0.399085
200	0	0	60	0	0	0	0.399085	0.403881
200	0	0	60	0	0	1	0.403881	0.427
##	200	0	0	60	0	0	0.2
200	0	0	60	0	1	1	0	0.218422
200	0	0	60	0	1	0	0.218422	0.219773
200	0	0	60	0	1	1	0.219773	0.230314
200	0	0	60	0	1	0	0.230314	0.249185
200	0	0	60	0	1	1	0.249185	0.417928
200	0	0	60	0	1	0	0.417928	0.419997
200	0	0	60	0	1	1	0.419997	0.427
##	200	0	0	60	0	1	0.2
##	200	0	0	60	mtdna	1
200	0	0	61	0	0	1	0	0.194488
200	0	0	61	0	0	0	0.194488	0.20017
200	0	0	61	0	0	1	0.20017	0.289367
200	0	0	61	0	0	0	0.289367	0.295859
200	0	0	61	0	0	1	0.295859	0.381866
200	0	0	61	0	0	0	0.381866	0.385862
200	0	0	61	0	0	1	0.385862	0.427
##	200	0	0	61	0	0
200	0	0	61	0	1	1	0	0.0410414
200	0	0	61	0	1	0	0.0410414	0.0428886
200	0	0	61	0	1	1	0.0428886	0.0846126
200	0	0	61	0	1	0	0.0846126	0.0921796
200	0	0	61	0	1	1	0.0921796	0.218823
200	0	0	61	0	1	0	0.218823	0.224654
200	0	0	61	0	1	1	0.224654	0.427
##	200	0	0	61	0	1	0.2
##	200	0	0	61	mtdna	1
200	0	0	62	0	0	1	0	0.0282323
200	0	0	62	0	0	0	0.0282323	0.0337418
200	0	0	62	0	0	1	0.0337418	0.177761
200	0	0	62	0	0	0	0.177761	0.17798
200	0	0	62	0	0	1	0.17798	0.202837
200	0	0	62	0	0	0	0.202837	0.206512
200	0	0	62	0	0	1	0.206512	0.208998
200	0	0	62	0	0	0	0.208998	0.209203
200	0	0	62	0	0	1	0.209203	0.427
##	200	0	0	62	0	0	0.2
200	0	0	62	0	1	1	0	0.0253195
200	0	0	62	0	1	0	0.0253195	0.0257443
200	0	0	62	0	1	1	0.0257443	0.0927748
200	0	0	62	0	1	0	0.0927748	0.0996862
200	0	0	62	0	1	1	0.0996862	0.160475
200	0	0	62	0	1	0	0.160475	0.162701
200	0	0	62	0	1	1	0.162701	0.389419
200	0	0	62	0	1	0	0.389419	0.390579
200	0	0	62	0	1	1	0.390579	0.427
##	200	0	0	62	0	1	0.2
##	200	0	0	62	mtdna	1
200	0	0	63	0	0	1	0	0.198905
200	0	0	63	0	0	0	0.198905	0.201897
200	0	0	63	0	0	1	0.201897	0.215115
200	0	0	63	0	0	0	0.215115	0.215892
200	0	0	63	0	0	1	0.215892	0.427
##	200	0	0	63	0	0
200	0	0	63	0	1	1	0	0.0772822
200	0	0	63	0	1	0	0.0772822	0.0805106
200	0	0	63	0	1	1	0.0805106	0.186597
200	0	0	63	0	1	0	0.186597	0.196625
200	0	0	63	0	1	1	0.196625	0.376555
200	0	0	63	0	1	0	0.376555	0.382178
200	0	0	63	0	1	1	0.382178	0.427
##	200	0	0	63	0	1	0.2
##	200	0	0	63	mtdna	1
200	0	0	64	0	0	1	0	0.171557
200	0	0	64	0	0	0	0.171557	0.190241
200	0	0	64	0	0	1	0.190241	0.191257
200	0	0	64	0	0	0	0.191257	0.195141
200	0	0	64	0	0	1	0.195141	0.274268
200	0	0	64	0	0	0	0.274268	0.289523
200	0	0	64	0	0	1	0.289523	0.382671
200	0	0	64	0	0	0	0.382671	0.386501
200	0	0	64	0	0	1	0.386501	0.423733
200	0	0	64	0	0	0	0.423733	0.42653
200	0	0	64	0	0	1	0.42653	0.427
##	200	0	0	64	0	0	0.2
200	0	0	64	0	1	1	0	0.0451393
200	0	0	64	0	1	0	0.0451393	0.0514111
200	0	0	64	0	1	1	0.0514111	0.198258
200	0	0	64	0	1	0	0.198258	0.203583
200	0	0	64	0	1	1	0.203583	0.234965
200	0	0	64	0	1	0	0.234965	0.236989
200	0	0	64	0	1	1	0.236989	0.271164
200	0	0	64	0	1	0	0.271164	0.274264
200	0	0	64	0	1	1	0.274264	0.314173
200	0	0	64	0	1	0	0.314173	0.316724
200	0	0	64	0	1	1	0.316724	0.370859
200	0	0	64	0	1	0	0.370859	0.382266
200	0	0	64	0	1	1	0.382266	0.389968
200	0	0	64	0	1	0	0.389968	0.392458
200	0	0	64	0	1	1	0.392458	0.427
##	200	0	0	64	0	1
##	200	0	0	64	mtdna	1
200	0	0	65	0	0	1	0	0.115587
200	0	0	65	0	0	0	0.115587	0.120933
200	0	0	65	0	0	1	0.120933	0.142004
200	0	0	65	0	0	0	0.142004	0.143121
200	0	0	65	0	0	1	0.143121	0.386854
200	0	0	65	0	0	0	0.386854	0.38766
200	0	0	65	0	0	1	0.38766	0.419247
200	0	0	65	0	0	0	0.419247	0.420608
200	0	0	65	0	0	1	0.420608	0.427
##	200	0	0	65	0	0	0.2
200	0	0	65	0	1	1	0	0.120453
200	0	0	65	0	1	0	0.120453	0.12877
200	0	0	65	0	1	1	0.12877	0.135932
200	0	0	65	0	1	0	0.135932	0.13779
200	0	0	65	0	1	1	0.13779	0.153364
200	0	0	65	0	1	0	0.153364	0.155912
200	0	0	65	0	1	1	0.155912	0.253764
200	0	0	65	0	1	0	0.253764	0.253846
200	0	0	65	0	1	1	0.253846	0.320499
200	0	0	65	0	1	0	0.320499	0.323981
200	0	0	65	0	1	1	0.323981	0.36038
200	0	0	65	0	1	0	0.36038	0.363602
200	0	0	65	0	1	1	0.363602	0.427
##	200	0	0	65	0	1	0.2
##	200	0	0	65	mtdna	1
200	0	0	66	0	0	1	0	0.179184
200	0	0	66	0	0	0	0.179184	0.183848
200	0	0	66	0	0	1	0.183848	0.316138
200	0	0	66	0	0	0	0.316138	0.319077
200	0	0	66	0	0	1	0.319077	0.356044
200	0	0	66	0	0	0	0.356044	0.356312
200	0	0	66	0	0	1	0.356312	0.386298
200	0	0	66	0	0	0	0.386298	0.387585
200	0	0	66	0	0	1	0.387585	0.388857
200	0	0	66	0	0	0	0.388857	0.397187
200	0	0	66	0	0	1	0.397187	0.427
##	200	0	0	66	0	0	0.2
200	0	0	66	0	1	1	0	0.0738308
200	0	0	66	0	1	0	0.0738308	0.0761652
200	0	0	66	0	1	1	0.0761652	0.107685
200	0	0	66	0	1	0	0.107685	0.122163
200	0	0	66	0	1	1	0.122163	0.290188
200	0	0	66	0	1	0	0.290188	0.29077
200	0	0	66	0	1	1	0.29077	0.33808
200	0	0	66	0	1	0	0.33808	0.342683
200	0	0	66	0	1	1	0.342683	0.36779
200	0	0	66	0	1	0	0.36779	0.377072
200	0	0	66	0	1	1	0.377072	0.395209
200	0	0	66	0	1	0	0.395209	0.396469
200	0	0	66	0	1	1	0.396469	0.427
##	200	0	0	66	0	1	0.2
##	200	0	0	66	mtdna	1
200	0	0	67	0	0	1	0	0.0138229
200	0	0	67	0	0	0	0.0138229	0.0198421
200	0	0	67	0	0	1	0.0198421	0.0286614
200	0	0	67	0	0	0	0.0286614	0.0337379
200	0	0	67	0	0	1	0.0337379	0.0964407
200	0	0	67	0	0	0	0.0964407	0.108362
200	0	0	67	0	0	1	0.108362	0.270586
200	0	0	67	0	0	0	0.270586	0.276314
200	0	0	67	0	0	1	0.276314	0.358651
200	0	0	67	0	0	0	0.358651	0.378127
200	0	0	67	0	0	1	0.378127	0.407968
200	0	0	67	0	0	0	0.407968	0.414177
200	0	0	67	0	0	1	0.414177	0.426885
200	0	0	67	0	0	0	0.426885	0.427
##	200	0	0	67	0	0	0.2
200	0	0	67	0	1	1	0	0.116758
200	0	0	67	0	1	0	0.116758	0.124698
200	0	0	67	0	1	1	0.124698	0.210102
200	0	0	67	0	1	0	0.210102	0.213874
200	0	0	67	0	1	1	0.213874	0.215325
200	0	0	67	0	1	0	0.215325	0.222503
200	0	0	67	0	1	1	0.222503	0.427
##	200	0	0	67	0	1	0.2
##	200	0	0	67	mtdna	1
200	0	0	68	0	0	1	0	0.0326011
200	0	0	68	0	0	0	0.0326011	0.0343619
200	0	0	68	0	0	1	0.0343619	0.0788144
200	0	0	68	0	0	0	0.0788144	0.0953003
200	0	0	68	0	0	1	0.0953003	0.114494
200	0	0	68	0	0	0	0.114494	0.134413
200	0	0	68	0	0	1	0.134413	0.149075
200	0	0	68	0	0	0	0.149075	0.159056
200	0	0	68	0	0	1	0.159056	0.241912
200	0	0	68	0	0	0	0.241912	0.244348
200	0	0	68	0	0	1	0.244348	0.314173
200	0	0	68	0	0	0	0.314173	0.316724
200	0	0	68	0	0	1	0.316724	0.395304
200	0	0	68	0	0	0	0.395304	0.397038
200	0	0	68	0	0	1	0.397038	0.422675
200	0	0	68	0	0	0	0.422675	0.427
##	200	0	0	68	0	0	0.2
200	0	0	68	0	1	1	0	0.0282323
200	0	0	68	0	1	0	0.0282323	0.0328454
200	0	0	68	0	1	1	0.0328454	0.0491233
200	0	0	68	0	1	0	0.0491233	0.0517857
200	0	0	68	0	1	1	0.0517857	0.198258
200	0	0	68	0	1	0	0.198258	0.200086
200	0	0	68	0	1	1	0.200086	0.293205
200	0	0	68	0	1	0	0.293205	0.293509
200	0	0	68	0	1	1	0.293509	0.393051
200	0	0	68	0	1	0	0.393051	0.413151
200	0	0	68	0	1	1	0.413151	0.427
##	200	0	0	68	0	1
##	200	0	0	68	mtdna	1
200	0	0	69	0	0	1	0	0.011676
200	0	0	69	0	0	0	0.011676	0.0204122
200	0	0	69	0	0	1	0.0204122	0.10071
200	0	0	69	0	0	0	0.10071	0.101052
200	0	0	69	0	0	1	0.101052	0.124435
200	0	0	69	0	0	0	0.124435	0.12655
200	0	0	69	0	0	1	0.12655	0.172268
200	0	0	69	0	0	0	0.172268	0.179985
200	0	0	69	0	0	1	0.179985	0.199831
200	0	0	69	0	0	0	0.199831	0.215801
200	0	0	69	0	0	1	0.215801	0.221222
200	0	0	69	0	0	0	0.221222	0.223375
200	0	0	69	0	0	1	0.223375	0.299623
200	0	0	69	0	0	0	0.299623	0.303212
200	0	0	69	0	0	1	0.303212	0.326414
200	0	0	69	0	0	0	0.326414	0.334261
200	0	0	69	0	0	1	0.334261	0.400851
200	0	0	69	0	0	0	0.400851	0.406735
200	0	0	69	0	0	1	0.406735	0.427
##	200	0	0	69	0	0
200	0	0	69	0	1	1	0	0.0256887
200	0	0	69	0	1	0	0.0256887	0.0302398
200	0	0	69	0	1	1	0.0302398	0.112672
200	0	0	69	0	1	0	0.112672	0.113335
200	0	0	69	0	1	1	0.113335	0.132593
200	0	0	69	0	1	0	0.132593	0.150107
200	0	0	69	0	1	1	0.150107	0.1599
200	0	0	69	0	1	0	0.1599	0.164524
200	0	0	69	0	1	1	0.164524	0.185632
200	0	0	69	0	1	0	0.185632	0.189425
200	0	0	69	0	1	1	0.189425	0.200051
200	0	0	69	0	1	0	0.200051	0.206512
200	0	0	69	0	1	1	0.206512	0.208998
200	0	0	69	0	1	0	0.208998	0.214524
200	0	0	69	0	1	1	0.214524	0.425213
200	0	0	69	0	1	0	0.425213	0.427
##	200	0	0	69	0	1	0.2
##	200	0	0	69	mtdna	1
200	0	0	70	0	0	1	0	0.110363
200	0	0	70	0	0	0	0.110363	0.118698
200	0	0	70	0	0	1	0.118698	0.136255
200	0	0	70	0	0	0	0.136255	0.144308
200	0	0	70	0	0	1	0.144308	0.151121
200	0	0	70	0	0	0	0.151121	0.15627
200	0	0	70	0	0	1	0.15627	0.255686
200	0	0	70	0	0	0	0.255686	0.257783
200	0	0	70	0	0	1	0.257783	0.427
##	200	0	0	70	0	0	0.2
200	0	0	70	0	1	1	0	0.0808341
200	0	0	70	0	1	0	0.0808341	0.0851545
200	0	0	70	0	1	1	0.0851545	0.179174
200	0	0	70	0	1	0	0.179174	0.179611
200	0	0	70	0	1	1	0.179611	0.194412
200	0	0	70	0	1	0	0.194412	0.20513
200	0	0	70	0	1	1	0.20513	0.314173
200	0	0	70	0	1	0	0.314173	0.316724
200	0	0	70	0	1	1	0.316724	0.426419
200	0	0	70	0	1	0	0.426419	0.427
##	200	0	0	70	0	1
##	200	0	0	70	mtdna	1
200	0	0	71	0	0	1	0	0.13908
200	0	0	71	0	0	0	0.13908	0.150551
200	0	0	71	0	0	1	0.150551	0.196677
200	0	0	71	0	0	0	0.196677	0.20457
200	0	0	71	0	0	1	0.20457	0.251177
200	0	0	71	0	0	0	0.251177	0.254508
200	0	0	71	0	0	1	0.254508	0.273389
200	0	0	71	0	0	0	0.273389	0.274264
200	0	0	71	0	0	1	0.274264	0.403731
200	0	0	71	0	0	0	0.403731	0.408572
200	0	0	71	0	0	1	0.408572	0.427
##	200	0	0	71	0	0
200	0	0	71	0	1	1	0	0.062299
200	0	0	71	0	1	0	0.062299	0.0623621
200	0	0	71	0	1	1	0.0623621	0.0984295
200	0	0	71	0	1	0	0.0984295	0.100658
200	0	0	71	0	1	1	0.100658	0.131272
200	0	0	71	0	1	0	0.131272	0.138229
200	0	0	71	0	1	1	0.138229	0.179174
200	0	0	71	0	1	0	0.179174	0.179611
200	0	0	71	0	1	1	0.179611	0.427
##	200	0	0	71	0	1	0.2
##	200	0	0	71	mtdna	1
200	0	0	72	0	0	1	0	0.00388949
200	0	0	72	0	0	0	0.00388949	0.013598
200	0	0	72	0	0	1	0.013598	0.0282323
200	0	0	72	0	0	0	0.0282323	0.0314036
200	0	0	72	0	0	1	0.0314036	0.104519
200	0	0	72	0	0	0	0.104519	0.112587
200	0	0	72	0	0	1	0.112587	0.133831
200	0	0	72	0	0	0	0.133831	0.137145
200	0	0	72	0	0	1	0.137145	0.197539
200	0	0	72	0	0	0	0.197539	0.200506
200	0	0	72	0	0	1	0.200506	0.242975
200	0	0	72	0	0	0	0.242975	0.249431
200	0	0	72	0	0	1	0.249431	0.254041
200	0	0	72	0	0	0	0.254041	0.254093
200	0	0	72	0	0	1	0.254093	0.288276
200	0	0	72	0	0	0	0.288276	0.292509
200	0	0	72	0	0	1	0.292509	0.342478
200	0	0	72	0	0	0	0.342478	0.34633
200	0	0	72	0	0	1	0.34633	0.378723
200	0	0	72	0	0	0	0.378723	0.392692
200	0	0	72	0	0	1	0.392692	0.427
##	200	0	0	72	0	0
200	0	0	72	0	1	1	0	0.00434947
200	0	0	72	0	1	0	0.00434947	0.00623113
200	0	0	72	0	1	1	0.00623113	0.0559849
200	0	0	72	0	1	0	0.0559849	0.0568053
200	0	0	72	0	1	1	0.0568053	0.111691
200	0	0	72	0	1	0	0.111691	0.118966
200	0	0	72	0	1	1	0.118966	0.18731
200	0	0	72	0	1	0	0.18731	0.189041
200	0	0	72	0	1	1	0.189041	0.217902
200	0	0	72	0	1	0	0.217902	0.219448
200	0	0	72	0	1	1	0.219448	0.29953
200	0	0	72	0	1	0	0.29953	0.300243
200	0	0	72	0	1	1	0.300243	0.4016
200	0	0	72	0	1	0	0.4016	0.410051
200	0	0	72	0	1	1	0.410051	0.427
##	200	0	0	72	0	1	0.2
##	200	0	0	72	mtdna	1
200	0	0	73	0	0	1	0	0.0208255
200	0	0	73	0	0	0	0.0208255	0.0335234
200	0	0	73	0	0	1	0.0335234	0.0373484
200	0	0	73	0	0	0	0.0373484	0.0417205
200	0	0	73	0	0	1	0.0417205	0.143814
200	0	0	73	0	0	0	0.143814	0.148422
200	0	0	73	0	0	1	0.148422	0.176974
200	0	0	73	0	0	0	0.176974	0.185959
200	0	0	73	0	0	1	0.185959	0.186842
200	0	0	73	0	0	0	0.186842	0.187456
200	0	0	73	0	0	1	0.187456	0.354921
200	0	0	73	0	0	0	0.354921	0.357724
200	0	0	73	0	0	1	0.357724	0.372936
200	0	0	73	0	0	0	0.372936	0.376987
200	0	0	73	0	0	1	0.376987	0.382788
200	0	0	73	0	0	0	0.382788	0.384776
200	0	0	73	0	0	1	0.384776	0.427
##	200	0	0	73	0	0	0.2
200	0	0	73	0	1	1	0	0.427
##	200	0	0	73	0	1	0.2
##	200	0	0	73	mtdna	1
200	0	0	74	0	0	1	0	0.211
200	0	0	74	0	0	0	0.211	0.215801
200	0	0	74	0	0	1	0.215801	0.221222
200	0	0	74	0	0	0	0.221222	0.223375
200	0	0	74	0	0	1	0.223375	0.271177
200	0	0	74	0	0	0	0.271177	0.276314
200	0	0	74	0	0	1	0.276314	0.38706
200	0	0	74	0	0	0	0.38706	0.413493
200	0	0	74	0	0	1	0.413493	0.427
##	200	0	0	74	0	0	0.2
200	0	0	74	0	1	1	0	0.229883
200	0	0	74	0	1	0	0.229883	0.232472
200	0	0	74	0	1	1	0.232472	0.282005
200	0	0	74	0	1	0	0.282005	0.291609
200	0	0	74	0	1	1	0.291609	0.427
##	200	0	0	74	0	1	0.2
##	200	0	0	74	mtdna	1
200	0	0	75	0	0	1	0	0.00581284
200	0	0	75	0	0	0	0.00581284	0.0119888
200	0	0	75	0	0	1	0.0119888	0.157293
200	0	0	75	0	0	0	0.157293	0.170384
200	0	0	75	0	0	1	0.170384	0.241882
200	0	0	75	0	0	0	0.241882	0.249431
200	0	0	75	0	0	1	0.249431	0.255351
200	0	0	75	0	0	0	0.255351	0.256577
200	0	0	75	0	0	1	0.256577	0.35906
200	0	0	75	0	0	0	0.35906	0.359478
200	0	0	75	0	0	1	0.359478	0.427
##	200	0	0	75	0	0	0.2
200	0	0	75	0	1	1	0	0.0527908
200	0	0	75	0	1	0	0.0527908	0.0536493
200	0	0	75	0	1	1	0.0536493	0.0638432
200	0	0	75	0	1	0	0.0638432	0.0656014
200	0	0	75	0	1	1	0.0656014	0.107622
200	0	0	75	0	1	0	0.107622	0.111598
200	0	0	75	0	1	1	0.111598	0.199905
200	0	0	75	0	1	0	0.199905	0.206047
200	0	0	75	0	1	1	0.206047	0.241882
200	0	0	75	0	1	0	0.241882	0.242029
200	0	0	75	0	1	1	0.242029	0.262119
200	0	0	75	0	1	0	0.262119	0.266686
200	0	0	75	0	1	1	0.266686	0.281615
200	0	0	75	0	1	0	0.281615	0.282882
200	0	0	75	0	1	1	0.282882	0.359083
200	0	0	75	0	1	0	0.359083	0.365683
200	0	0	75	0	1	1	0.365683	0.427
##	200	0	0	75	0	1
##	200	0	0	75	mtdna	1
200	0	0	76	0	0	1	0	0.0320062
200	0	0	76	0	0	0	0.0320062	0.0365816
200	0	0	76	0	0	1	0.0365816	0.0379653
200	0	0	76	0	0	0	0.0379653	0.0385089
200	0	0	76	0	0	1	0.0385089	0.137497
200	0	0	76	0	0	0	0.137497	0.158705
200	0	0	76	0	0	1	0.158705	0.161385
200	0	0	76	0	0	0	0.161385	0.163471
200	0	0	76	0	0	1	0.163471	0.427
##	200	0	0	76	0	0	0.2
200	0	0	76	0	1	1	0	0.194538
200	0	0	76	0	1	0	0.194538	0.209262
200	0	0	76	0	1	1	0.209262	0.264886
200	0	0	76	0	1	0	0.264886	0.268614
200	0	0	76	0	1	1	0.268614	0.304318
200	0	0	76	0	1	0	0.304318	0.30476
200	0	0	76	0	1	1	0.30476	0.316565
200	0	0	76	0	1	0	0.316565	0.3256
200	0	0	76	0	1	1	0.3256	0.403731
200	0	0	76	0	1	0	0.403731	0.408572
200	0	0	76	0	1	1	0.408572	0.427
##	200	0	0	76	0	1
##	200	0	0	76	mtdna	1
200	0	0	77	0	0	1	0	0.0509068
200	0	0	77	0	0	0	0.0509068	0.0583591
200	0	0	77	0	0	1	0.0583591	0.171475
200	0	0	77	0	0	0	0.171475	0.181216
200	0	0	77	0	0	1	0.181216	0.298452
200	0	0	77	0	0	0	0.298452	0.305871
200	0	0	77	0	0	1	0.305871	0.392472
200	0	0	77	0	0	0	0.392472	0.412965
200	0	0	77	0	0	1	0.412965	0.427
##	200	0	0	77	0	0	0.2
200	0	0	77	0	1	0	0	0.0106822
200	0	0	77	0	1	1	0.0106822	0.0242373
200	0	0	77	0	1	0	0.0242373	0.0306032
200	0	0	77	0	1	1	0.0306032	0.24608
200	0	0	77	0	1	0	0.24608	0.248426
200	0	0	77	0	1	1	0.248426	0.251853
200	0	0	77	0	1	0	0.251853	0.254643
200	0	0	77	0	1	1	0.254643	0.330947
200	0	0	77	0	1	0	0.330947	0.331018
200	0	0	77	0	1	1	0.331018	0.394588
200	0	0	77	0	1	0	0.394588	0.398521
200	0	0	77	0	1	1	0.398521	0.427
##	200	0	0	77	0	1	0.2
##	200	0	0	77	mtdna	1
200	0	0	78	0	0	1	0	0.152544
200	0	0	78	0	0	0	0.152544	0.165647
200	0	0	78	0	0	1	0.165647	0.427
##	200	0	0	78	0	0	0.2
200	0	0	78	0	1	1	0	0.127368
200	0	0	78	0	1	0	0.127368	0.127955
200	0	0	78	0	1	1	0.127955	0.148608
200	0	0	78	0	1	0	0.148608	0.154961
200	0	0	78	0	1	1	0.154961	0.175518
200	0	0	78	0	1	0	0.175518	0.176691
200	0	0	78	0	1	1	0.176691	0.213638
200	0	0	78	0	1	0	0.213638	0.216801
200	0	0	78	0	1	1	0.216801	0.427
##	200	0	0	78	0	1	0.2
##	200	0	0	78	mtdna	1
200	0	0	79	0	0	1	0	0.0780506
200	0	0	79	0	0	0	0.0780506	0.0782712
200	0	0	79	0	0	1	0.0782712	0.427
##	200	0	0	79	0	0	0.2
200	0	0	79	0	1	1	0	0.0331271
200	0	0	79	0	1	0	0.0331271	0.035827
200	0	0	79	0	1	1	0.035827	0.0669299
200	0	0	79	0	1	0	0.0669299	0.0734959
200	0	0	79	0	1	1	0.0734959	0.326206
200	0	0	79	0	1	0	0.326206	0.330313
200	0	0	79	0	1	1	0.330313	0.361978
200	0	0	79	0	1	0	0.361978	0.387841
200	0	0	79	0	1	1	0.387841	0.427
##	200	0	0	79	0	1	0.2
##	200	0	0	79	mtdna	1
200	0	0	80	0	0	1	0	0.141841
200	0	0	80	0	0	0	0.141841	0.145658
200	0	0	80	0	0	1	0.145658	0.190314
200	0	0	80	0	0	0	0.190314	0.20178
200	0	0	80	0	0	1	0.20178	0.205947
200	0	0	80	0	0	0	0.205947	0.210356
200	0	0	80	0	0	1	0.210356	0.361978
200	0	0	80	0	0	0	0.361978	0.372389
200	0	0	80	0	0	1	0.372389	0.427
##	200	0	0	80	0	0
200	0	0	80	0	1	1	0	0.208532
200	0	0	80	0	1	0	0.208532	0.209276
200	0	0	80	0	1	1	0.209276	0.403355
200	0	0	80	0	1	0	0.403355	0.404551
200	0	0	80	0	1	1	0.404551	0.427
##	200	0	0	80	0	1	0.2
##	200	0	0	80	mtdna	1
200	0	0	81	0	0	0	0	0.00181668
200	0	0	81	0	0	1	0.00181668	0.060485
200	0	0	81	0	0	0	0.060485	0.0688702
200	0	0	81	0	0	1	0.0688702	0.0786842
200	0	0	81	0	0	0	0.0786842	0.0838589
200	0	0	81	0	0	1	0.0838589	0.106731
200	0	0	81	0	0	0	0.106731	0.11101
200	0	0	81	0	0	1	0.11101	0.246004
200	0	0	81	0	0	0	0.246004	0.247627
200	0	0	81	0	0	1	0.247627	0.264875
200	0	0	81	0	0	0	0.264875	0.272991
200	0	0	81	0	0	1	0.272991	0.316138
200	0	0	81	0	0	0	0.316138	0.317483
200	0	0	81	0	0	1	0.317483	0.427
##	200	0	0	81	0	0	0.2
200	0	0	81	0	1	1	0	0.0822763
200	0	0	81	0	1	0	0.0822763	0.100048
200	0	0	81	0	1	1	0.100048	0.151938
200	0	0	81	0	1	0	0.151938	0.159257
200	0	0	81	0	1	1	0.159257	0.267347
200	0	0	81	0	1	0	0.267347	0.271174
200	0	0	81	0	1	1	0.271174	0.303445
200	0	0	81	0	1	0	0.303445	0.304316
200	0	0	81	0	1	1	0.304316	0.416771
200	0	0	81	0	1	0	0.416771	0.427
##	200	0	0	81	0	1	0.2
##	200	0	0	81	mtdna	1
200	0	0	82	0	0	1	0	0.0143966
200	0	0	82	0	0	0	0.0143966	0.017051
200	0	0	82	0	0	1	0.017051	0.0896291
200	0	0	82	0	0	0	0.0896291	0.0898311
200	0	0	82	0	0	1	0.0898311	0.136208
200	0	0	82	0	0	0	0.136208	0.138728
200	0	0	82	0	0	1	0.138728	0.427
##	200	0	0	82	0	0	0.2
200	0	0	82	0	1	1	0	0.00452058
200	0	0	82	0	1	0	0.00452058	0.0107479
200	0	0	82	0	1	1	0.0107479	0.189562
200	0	0	82	0	1	0	0.189562	0.19827
200	0	0	82	0	1	1	0.19827	0.235068
200	0	0	82	0	1	0	0.235068	0.235461
200	0	0	82	0	1	1	0.235461	0.272462
200	0	0	82	0	1	0	0.272462	0.281295
200	0	0	82	0	1	1	0.281295	0.316071
200	0	0	82	0	1	0	0.316071	0.319022
200	0	0	82	0	1	1	0.319022	0.400795
200	0	0	82	0	1	0	0.400795	0.405083
200	0	0	82	0	1	1	0.405083	0.427
##	200	0	0	82	0	1	0.2
##	200	0	0	82	mtdna	1
200	0	0	83	0	0	1	0	0.0637912
200	0	0	83	0	0	0	0.0637912	0.0665391
200	0	0	83	0	0	1	0.0665391	0.181235
200	0	0	83	0	0	0	0.181235	0.186557
200	0	0	83	0	0	1	0.186557	0.418455
200	0	0	83	0	0	0	0.418455	0.41964
200	0	0	83	0	0	1	0.41964	0.427
##	200	0	0	83	0	0	0.2
200	0	0	83	0	1	1	0	0.0597635
200	0	0	83	0	1	0	0.0597635	0.0672012
200	0	0	83	0	1	1	0.0672012	0.185632
200	0	0	83	0	1	0	0.185632	0.189425
200	0	0	83	0	1	1	0.189425	0.196957
200	0	0	83	0	1	0	0.196957	0.20621
200	0	0	83	0	1	1	0.20621	0.223588
200	0	0	83	0	1	0	0.223588	0.224655
200	0	0	83	0	1	1	0.224655	0.247068
200	0	0	83	0	1	0	0.247068	0.251006
200	0	0	83	0	1	1	0.251006	0.426885
200	0	0	83	0	1	0	0.426885	0.427
##	200	0	0	83	0	1
##	200	0	0	83	mtdna	1
200	0	0	84	0	0	1	0	0.0751648
200	0	0	84	0	0	0	0.0751648	0.0773232
200	0	0	84	0	0	1	0.0773232	0.168496
200	0	0	84	0	0	0	0.168496	0.169509
200	0	0	84	0	0	1	0.169509	0.19805
200	0	0	84	0	0	0	0.19805	0.208391
200	0	0	84	0	0	1	0.208391	0.254943
200	0	0	84	0	0	0	0.254943	0.263983
200	0	0	84	0	0	1	0.263983	0.299137
200	0	0	84	0	0	0	0.299137	0.302372
200	0	0	84	0	0	1	0.302372	0.427
##	200	0	0	84	0	0
200	0	0	84	0	1	1	0	0.0168139
200	0	0	84	0	1	0	0.0168139	0.0258541
200	0	0	84	0	1	1	0.0258541	0.0481552
200	0	0	84	0	1	0	0.0481552	0.0481629
200	0	0	84	0	1	1	0.0481629	0.10082
200	0	0	84	0	1	0	0.10082	0.122163
200	0	0	84	0	1	1	0.122163	0.202658
200	0	0	84	0	1	0	0.202658	0.226598
200	0	0	84	0	1	1	0.226598	0.427
##	200	0	0	84	0	1	0.2
##	200	0	0	84	mtdna	1
200	0	0	85	0	0	1	0	0.3212
200	0	0	85	0	0	0	0.3212	0.326632
200	0	0	85	0	0	1	0.326632	0.377955
200	0	0	85	0	0	0	0.377955	0.393632
200	0	0	85	0	0	1	0.393632	0.395524
200	0	0	85	0	0	0	0.395524	0.398524
200	0	0	85	0	0	1	0.398524	0.427
##	200	0	0	85	0	0	0.2
200	0	0	85	0	1	1	0	0.304086
200	0	0	85	0	1	0	0.304086	0.31012
200	0	0	85	0	1	1	0.31012	0.328108
200	0	0	85	0	1	0	0.328108	0.337536
200	0	0	85	0	1	1	0.337536	0.373816
200	0	0	85	0	1	0	0.373816	0.376082
200	0	0	85	0	1	1	0.376082	0.382788
200	0	0	85	0	1	0	0.382788	0.393493
200	0	0	85	0	1	1	0.393493	0.427
##	200	0	0	85	0	1	0.2
##	200	0	0	85	mtdna	1
200	0	0	86	0	0	1	0	0.144321
200	0	0	86	0	0	0	0.144321	0.14946
200	0	0	86	0	0	1	0.14946	0.219211
200	0	0	86	0	0	0	0.219211	0.224123
200	0	0	86	0	0	1	0.224123	0.360231
200	0	0	86	0	0	0	0.360231	0.361027
200	0	0	86	0	0	1	0.361027	0.401569
200	0	0	86	0	0	0	0.401569	0.403021
200	0	0	86	0	0	1	0.403021	0.427
##	200	0	0	86	0	0	0.2
200	0	0	86	0	1	1	0	0.289239
200	0	0	86	0	1	0	0.289239	0.289523
200	0	0	86	0	1	1	0.289523	0.307139
200	0	0	86	0	1	0	0.307139	0.312864
200	0	0	86	0	1	1	0.312864	0.427
##	200	0	0	86	0	1	0.2
##	200	0	0	86	mtdna	1
200	0	0	87	0	0	1	0	0.0368175
200	0	0	87	0	0	0	0.0368175	0.0383907
200	0	0	87	0	0	1	0.0383907	0.096682
200	0	0	87	0	0	0	0.096682	0.097004
200	0	0	87	0	0	1	0.097004	0.171078
200	0	0	87	0	0	0	0.171078	0.180759
200	0	0	87	0	0	1	0.180759	0.19954
200	0	0	87	0	0	0	0.19954	0.211903
200	0	0	87	0	0	1	0.211903	0.216994
200	0	0	87	0	0	0	0.216994	0.21702
200	0	0	87	0	0	1	0.21702	0.22632
200	0	0	87	0	0	0	0.22632	0.226598
200	0	0	87	0	0	1	0.226598	0.228229
200	0	0	87	0	0	0	0.228229	0.232323
200	0	0	87	0	0	1	0.232323	0.315061
200	0	0	87	0	0	0	0.315061	0.315111
200	0	0	87	0	0	1	0.315111	0.315403
200	0	0	87	0	0	0	0.315403	0.323195
200	0	0	87	0	0	1	0.323195	0.390027
200	0	0	87	0	0	0	0.390027	0.393454
200	0	0	87	0	0	1	0.393454	0.41117
200	0	0	87	0	0	0	0.41117	0.413652
200	0	0	87	0	0	1	0.413652	0.419363
200	0	0	87	0	0	0	0.419363	0.427
##	200	0	0	87	0	0
200	0	0	87	0	1	1	0	0.0333211
200	0	0	87	0	1	0	0.0333211	0.0366346
200	0	0	87	0	1	1	0.0366346	0.0791023
200	0	0	87	0	1	0	0.0791023	0.0808205
200	0	0	87	0	1	1	0.0808205	0.21515
200	0	0	87	0	1	0	0.21515	0.247826
200	0	0	87	0	1	1	0.247826	0.410168
200	0	0	87	0	1	0	0.410168	0.414282
200	0	0	87	0	1	1	0.414282	0.427
##	200	0	0	87	0	1	0.2
##	200	0	0	87	mtdna	1
200	0	0	88	0	0	1	0	0.0168139
200	0	0	88	0	0	0	0.0168139	0.0258541
200	0	0	88	0	0	1	0.0258541	0.0481552
200	0	0	88	0	0	0	0.0481552	0.0481629
200	0	0	88	0	0	1	0.0481629	0.10082
200	0	0	88	0	0	0	0.10082	0.122163
200	0	0	88	0	0	1	0.122163	0.202658
200	0	0	88	0	0	0	0.202658	0.226598
200	0	0	88	0	0	1	0.226598	0.26403
200	0	0	88	0	0	0	0.26403	0.266015
200	0	0	88	0	0	1	0.266015	0.316138
200	0	0	88	0	0	0	0.316138	0.323049
200	0	0	88	0	0	1	0.323049	0.427
##	200	0	0	88	0	0	0.2
200	0	0	88	0	1	1	0	0.135263
200	0	0	88	0	1	0	0.135263	0.139626
200	0	0	88	0	1	1	0.139626	0.245243
200	0	0	88	0	1	0	0.245243	0.253846
200	0	0	88	0	1	1	0.253846	0.303588
200	0	0	88	0	1	0	0.303588	0.308991
200	0	0	88	0	1	1	0.308991	0.393129
200	0	0	88	0	1	0	0.393129	0.400978
200	0	0	88	0	1	1	0.400978	0.427
##	200	0	0	88	0	1	0.2
##	200	0	0	88	mtdna	1
200	0	0	89	0	0	1	0	0.0267077
200	0	0	89	0	0	0	0.0267077	0.0271895
200	0	0	89	0	0	1	0.0271895	0.0431263
200	0	0	89	0	0	0	0.0431263	0.0442059
200	0	0	89	0	0	1	0.0442059	0.140059
200	0	0	89	0	0	0	0.140059	0.146194
200	0	0	89	0	0	1	0.146194	0.150446
200	0	0	89	0	0	0	0.150446	0.153236
200	0	0	89	0	0	1	0.153236	0.197569
200	0	0	89	0	0	0	0.197569	0.197735
200	0	0	89	0	0	1	0.197735	0.264644
200	0	0	89	0	0	0	0.264644	0.268142
200	0	0	89	0	0	1	0.268142	0.337519
200	0	0	89	0	0	0	0.337519	0.339748
200	0	0	89	0	0	1	0.339748	0.427
##	200	0	0	89	0	0	0.2
200	0	0	89	0	1	1	0	0.0326011
200	0	0	89	0	1	0	0.0326011	0.0366346
200	0	0	89	0	1	1	0.0366346	0.0620086
200	0	0	89	0	1	0	0.0620086	0.0665391
200	0	0	89	0	1	1	0.0665391	0.156241
200	0	0	89	0	1	0	0.156241	0.162701
200	0	0	89	0	1	1	0.162701	0.222747
200	0	0	89	0	1	0	0.222747	0.224671
200	0	0	89	0	1	1	0.224671	0.409644
200	0	0	89	0	1	0	0.409644	0.409753
200	0	0	89	0	1	1	0.409753	0.427
##	200	0	0	89	0	1	0.2
##	200	0	0	89	mtdna	1
200	0	0	90	0	0	1	0	0.0148175
200	0	0	90	0	0	0	0.0148175	0.0154232
200	0	0	90	0	0	1	0.0154232	0.0528177
200	0	0	90	0	0	0	0.0528177	0.0548143
200	0	0	90	0	0	1	0.0548143	0.0630823
200	0	0	90	0	0	0	0.0630823	0.0638427
200	0	0	90	0	0	1	0.0638427	0.115323
200	0	0	90	0	0	0	0.115323	0.128451
200	0	0	90	0	0	1	0.128451	0.326206
200	0	0	90	0	0	0	0.326206	0.330313
200	0	0	90	0	0	1	0.330313	0.427
##	200	0	0	90	0	0	0.2
200	0	0	90	0	1	1	0	0.349631
200	0	0	90	0	1	0	0.349631	0.353207
200	0	0	90	0	1	1	0.353207	0.409662
200	0	0	90	0	1	0	0.409662	0.410347
200	0	0	90	0	1	1	0.410347	0.427
##	200	0	0	90	0	1	0.2
##	200	0	0	90	mtdna	1
200	0	0	91	0	0	1	0	0.092244
200	0	0	91	0	0	0	0.092244	0.0995379
200	0	0	91	0	0	1	0.0995379	0.120658
200	0	0	91	0	0	0	0.120658	0.123747
200	0	0	91	0	0	1	0.123747	0.149614
200	0	0	91	0	0	0	0.149614	0.151388
200	0	0	91	0	0	1	0.151388	0.213441
200	0	0	91	0	0	0	0.213441	0.214058
200	0	0	91	0	0	1	0.214058	0.219211
200	0	0	91	0	0	0	0.219211	0.224123
200	0	0	91	0	0	1	0.224123	0.245453
200	0	0	91	0	0	0	0.245453	0.247147
200	0	0	91	0	0	1	0.247147	0.419717
200	0	0	91	0	0	0	0.419717	0.421035
200	0	0	91	0	0	1	0.421035	0.426474
200	0	0	91	0	0	0	0.426474	0.427
##	200	0	0	91	0	0	0.2
200	0	0	91	0	1	1	0	0.0258038
200	0	0	91	0	1	0	0.0258038	0.0288658
200	0	0	91	0	1	1	0.0288658	0.202958
200	0	0	91	0	1	0	0.202958	0.204928
200	0	0	91	0	1	1	0.204928	0.278224
200	0	0	91	0	1	0	0.278224	0.281653
200	0	0	91	0	1	1	0.281653	0.321593
200	0	0	91	0	1	0	0.321593	0.332115
200	0	0	91	0	1	1	0.332115	0.427
##	200	0	0	91	0	1	0.2
##	200	0	0	91	mtdna	1
200	0	0	92	0	0	1	0	0.0528177
200	0	0	92	0	0	0	0.0528177	0.0548143
200	0	0	92	0	0	1	0.0548143	0.125199
200	0	0	92	0	0	0	0.125199	0.126658
200	0	0	92	0	0	1	0.126658	0.427
##	200	0	0	92	0	0	0.2
200	0	0	92	0	1	1	0	0.0217739
200	0	0	92	0	1	0	0.0217739	0.0288658
200	0	0	92	0	1	1	0.0288658	0.393706
200	0	0	92	0	1	0	0.393706	0.395858
200	0	0	92	0	1	1	0.395858	0.427
##	200	0	0	92	0	1	0.2
##	200	0	0	92	mtdna	1
200	0	0	93	0	0	1	0	0.0373458
200	0	0	93	0	0	0	0.0373458	0.0409928
200	0	0	93	0	0	1	0.0409928	0.222484
200	0	0	93	0	0	0	0.222484	0.222503
200	0	0	93	0	0	1	0.222503	0.427
##	200	0	0	93	0	0	0.2
200	0	0	93	0	1	1	0	0.0501596
200	0	0	93	0	1	0	0.0501596	0.0539021
200	0	0	93	0	1	1	0.0539021	0.106395
200	0	0	93	0	1	0	0.106395	0.115645
200	0	0	93	0	1	1	0.115645	0.193301
200	0	0	93	0	1	0	0.193301	0.194908
200	0	0	93	0	1	1	0.194908	0.255351
200	0	0	93	0	1	0	0.255351	0.263096
200	0	0	93	0	1	1	0.263096	0.391854
200	0	0	93	0	1	0	0.391854	0.395234
200	0	0	93	0	1	1	0.395234	0.427
##	200	0	0	93	0	1	0.2
##	200	0	0	93	mtdna	1
200	0	0	94	0	0	1	0	0.011676
200	0	0	94	0	0	0	0.011676	0.0204122
200	0	0	94	0	0	1	0.0204122	0.10071
200	0	0	94	0	0	0	0.10071	0.101052
200	0	0	94	0	0	1	0.101052	0.124435
200	0	0	94	0	0	0	0.124435	0.12655
200	0	0	94	0	0	1	0.12655	0.172268
200	0	0	94	0	0	0	0.172268	0.179985
200	0	0	94	0	0	1	0.179985	0.199831
200	0	0	94	0	0	0	0.199831	0.215801
200	0	0	94	0	0	1	0.215801	0.221222
200	0	0	94	0	0	0	0.221222	0.223375
200	0	0	94	0	0	1	0.223375	0.299623
200	0	0	94	0	0	0	0.299623	0.303212
200	0	0	94	0	0	1	0.303212	0.326414
200	0	0	94	0	0	0	0.326414	0.334261
200	0	0	94	0	0	1	0.334261	0.400851
200	0	0	94	0	0	0	0.400851	0.406735
200	0	0	94	0	0	1	0.406735	0.427
##	200	0	0	94	0	0
200	0	0	94	0	1	1	0	0.0746864
200	0	0	94	0	1	0	0.0746864	0.0848563
200	0	0	94	0	1	1	0.0848563	0.26883
200	0	0	94	0	1	0	0.26883	0.269371
200	0	0	94	0	1	1	0.269371	0.427
##	200	0	0	94	0	1	0.2
##	200	0	0	94	mtdna	1
200	0	0	95	0	0	1	0	0.0178839
200	0	0	95	0	0	0	0.0178839	0.0228238
200	0	0	95	0	0	1	0.0228238	0.0523725
200	0	0	95	0	0	0	0.0523725	0.0602441
200	0	0	95	0	0	1	0.0602441	0.118492
200	0	0	95	0	0	0	0.118492	0.119135
200	0	0	95	0	0	1	0.119135	0.157293
200	0	0	95	0	0	0	0.157293	0.170384
200	0	0	95	0	0	1	0.170384	0.23076
200	0	0	95	0	0	0	0.23076	0.235334
200	0	0	95	0	0	1	0.235334	0.278205
200	0	0	95	0	0	0	0.278205	0.283244
200	0	0	95	0	0	1	0.283244	0.303565
200	0	0	95	0	0	0	0.303565	0.30358
200	0	0	95	0	0	1	0.30358	0.337067
200	0	0	95	0	0	0	0.337067	0.338246
200	0	0	95	0	0	1	0.338246	0.381968
200	0	0	95	0	0	0	0.381968	0.407502
200	0	0	95	0	0	1	0.407502	0.427
##	200	0	0	95	0	0	0.2
200	0	0	95	0	1	1	0	0.040962
200	0	0	95	0	1	0	0.040962	0.0671325
200	0	0	95	0	1	1	0.0671325	0.102521
200	0	0	95	0	1	0	0.102521	0.10659
200	0	0	95	0	1	1	0.10659	0.140059
200	0	0	95	0	1	0	0.140059	0.146194
200	0	0	95	0	1	1	0.146194	0.269588
200	0	0	95	0	1	0	0.269588	0.276097
200	0	0	95	0	1	1	0.276097	0.369669
200	0	0	95	0	1	0	0.369669	0.371323
200	0	0	95	0	1	1	0.371323	0.390785
200	0	0	95	0	1	0	0.390785	0.401017
200	0	0	95	0	1	1	0.401017	0.427
##	200	0	0	95	0	1	0.2
##	200	0	0	95	mtdna	1
200	0	0	96	0	0	1	0	0.0137485
200	0	0	96	0	0	0	0.0137485	0.0279429
200	0	0	96	0	0	1	0.0279429	0.0464456
200	0	0	96	0	0	0	0.0464456	0.0526226
200	0	0	96	0	0	1	0.0526226	0.120784
200	0	0	96	0	0	0	0.120784	0.136562
200	0	0	96	0	0	1	0.136562	0.140378
200	0	0	96	0	0	0	0.140378	0.144584
200	0	0	96	0	0	1	0.144584	0.17696
200	0	0	96	0	0	0	0.17696	0.183453
200	0	0	96	0	0	1	0.183453	0.213212
200	0	0	96	0	0	0	0.213212	0.215572
200	0	0	96	0	0	1	0.215572	0.322411
200	0	0	96	0	0	0	0.322411	0.324691
200	0	0	96	0	0	1	0.324691	0.399988
200	0	0	96	0	0	0	0.399988	0.401736
200	0	0	96	0	0	1	0.401736	0.427
##	200	0	0	96	0	0	0.2
200	0	0	96	0	1	1	0	0.0559811
200	0	0	96	0	1	0	0.0559811	0.0650943
200	0	0	96	0	1	1	0.0650943	0.215021
200	0	0	96	0	1	0	0.215021	0.229451
200	0	0	96	0	1	1	0.229451	0.333816
200	0	0	96	0	1	0	0.333816	0.335529
200	0	0	96	0	1	1	0.335529	0.35396
200	0	0	96	0	1	0	0.35396	0.376192
200	0	0	96	0	1	1	0.376192	0.37844
200	0	0	96	0	1	0	0.37844	0.387762
200	0	0	96	0	1	1	0.387762	0.427
##	200	0	0	96	0	1	0.2
##	200	0	0	96	mtdna	1
200	0	0	97	0	0	1	0	0.04131
200	0	0	97	0	0	0	0.04131	0.0415313
200	0	0	97	0	0	1	0.0415313	0.0441661
200	0	0	97	0	0	0	0.0441661	0.0502843
200	0	0	97	0	0	1	0.0502843	0.0627631
200	0	0	97	0	0	0	0.0627631	0.0646366
200	0	0	97	0	0	1	0.0646366	0.137865
200	0	0	97	0	0	0	0.137865	0.154785
200	0	0	97	0	0	1	0.154785	0.166373
200	0	0	97	0	0	0	0.166373	0.168625
200	0	0	97	0	0	1	0.168625	0.314173
200	0	0	97	0	0	0	0.314173	0.316724
200	0	0	97	0	0	1	0.316724	0.427
##	200	0	0	97	0	0	0.2
200	0	0	97	0	1	1	0	0.187091
200	0	0	97	0	1	0	0.187091	0.197732
200	0	0	97	0	1	1	0.197732	0.256166
200	0	0	97	0	1	0	0.256166	0.262981
200	0	0	97	0	1	1	0.262981	0.268577
200	0	0	97	0	1	0	0.268577	0.271174
200	0	0	97	0	1	1	0.271174	0.427
##	200	0	0	97	0	1	0.2
##	200	0	0	97	mtdna	1
200	0	0	98	0	0	1	0	0.0348122
200	0	0	98	0	0	0	0.0348122	0.0425949
200	0	0	98	0	0	1	0.0425949	0.207609
200	0	0	98	0	0	0	0.207609	0.210378
200	0	0	98	0	0	1	0.210378	0.294351
200	0	0	98	0	0	0	0.294351	0.300386
200	0	0	98	0	0	1	0.300386	0.305298
200	0	0	98	0	0	0	0.305298	0.308592
200	0	0	98	0	0	1	0.308592	0.376555
200	0	0	98	0	0	0	0.376555	0.382178
200	0	0	98	0	0	1	0.382178	0.427
##	200	0	0	98	0	0	0.2
200	0	0	98	0	1	1	0	0.102788
200	0	0	98	0	1	0	0.102788	0.117385
200	0	0	98	0	1	1	0.117385	0.246004
200	0	0	98	0	1	0	0.246004	0.251506
200	0	0	98	0	1	1	0.251506	0.280638
200	0	0	98	0	1	0	0.280638	0.284422
200	0	0	98	0	1	1	0.284422	0.427
##	200	0	0	98	0	1	0.2
##	200	0	0	98	mtdna	1
200	0	0	99	0	0	1	0	0.0464456
200	0	0	99	0	0	0	0.0464456	0.0526226
200	0	0	99	0	0	1	0.0526226	0.0804104
200	0	0	99	0	0	0	0.0804104	0.0835918
200	0	0	99	0	0	1	0.0835918	0.151962
200	0	0	99	0	0	0	0.151962	0.157365
200	0	0	99	0	0	1	0.157365	0.417315
200	0	0	99	0	0	0	0.417315	0.423304
200	0	0	99	0	0	1	0.423304	0.427
##	200	0	0	99	0	0	0.2
200	0	0	99	0	1	1	0	0.0338627
200	0	0	99	0	1	0	0.0338627	0.0390222
200	0	0	99	0	1	1	0.0390222	0.151001
200	0	0	99	0	1	0	0.151001	0.161982
200	0	0	99	0	1	1	0.161982	0.243753
200	0	0	99	0	1	0	0.243753	0.250322
200	0	0	99	0	1	1	0.250322	0.300035
200	0	0	99	0	1	0	0.300035	0.307578
200	0	0	99	0	1	1	0.307578	0.390348
200	0	0	99	0	1	0	0.390348	0.413936
200	0	0	99	0	1	1	0.413936	0.427
##	200	0	0	99	0	1	0.2
##	200	0	0	99	mtdna	1
200	0	0	100	0	0	1	0	0.00825757
200	0	0	100	0	0	0	0.00825757	0.0127721
200	0	0	100	0	0	1	0.0127721	0.173164
200	0	0	100	0	0	0	0.173164	0.174537
200	0	0	100	0	0	1	0.174537	0.199071
200	0	0	100	0	0	0	0.199071	0.219104
200	0	0	100	0	0	1	0.219104	0.238943
200	0	0	100	0	0	0	0.238943	0.24612
200	0	0	100	0	0	1	0.24612	0.253817
200	0	0	100	0	0	0	0.253817	0.255346
200	0	0	100	0	0	1	0.255346	0.266922
200	0	0	100	0	0	0	0.266922	0.272826
200	0	0	100	0	0	1	0.272826	0.40453
200	0	0	100	0	0	0	0.40453	0.407462
200	0	0	100	0	0	1	0.407462	0.42026
200	0	0	100	0	0	0	0.42026	0.420608
200	0	0	100	0	0	1	0.420608	0.427
##	200	0	0	100	0	0
200	0	0	100	0	1	1	0	0.174498
200	0	0	100	0	1	0	0.174498	0.178723
200	0	0	100	0	1	1	0.178723	0.213971
200	0	0	100	0	1	0	0.213971	0.22984
200	0	0	100	0	1	1	0.22984	0.261523
200	0	0	100	0	1	0	0.261523	0.26161
200	0	0	100	0	1	1	0.26161	0.327228
200	0	0	100	0	1	0	0.327228	0.329706
200	0	0	100	0	1	1	0.329706	0.401852
200	0	0	100	0	1	0	0.401852	0.420608
200	0	0	100	0	1	1	0.420608	0.427
##	200	0	0	100	0	1	0.2
##	200	0	0	100	mtdna	1
