100	0	0	1	0	0	1	0	0.147257
100	0	0	1	0	0	0	0.147257	0.153397
100	0	0	1	0	0	1	0.153397	0.167521
100	0	0	1	0	0	0	0.167521	0.224359
100	0	0	1	0	0	1	0.224359	0.265697
100	0	0	1	0	0	0	0.265697	0.279859
100	0	0	1	0	0	1	0.279859	0.28499
100	0	0	1	0	0	0	0.28499	0.302191
100	0	0	1	0	0	1	0.302191	0.352497
100	0	0	1	0	0	0	0.352497	0.36439
100	0	0	1	0	0	1	0.36439	0.3753
100	0	0	1	0	0	0	0.3753	0.386678
100	0	0	1	0	0	1	0.386678	0.427
##	100	0	0	1	0	0
100	0	0	1	0	1	1	0	0.0222269
100	0	0	1	0	1	0	0.0222269	0.0258904
100	0	0	1	0	1	1	0.0258904	0.166898
100	0	0	1	0	1	0	0.166898	0.171468
100	0	0	1	0	1	1	0.171468	0.2338
100	0	0	1	0	1	0	0.2338	0.234397
100	0	0	1	0	1	1	0.234397	0.23708
100	0	0	1	0	1	0	0.23708	0.247596
100	0	0	1	0	1	1	0.247596	0.427
##	100	0	0	1	0	1	0.2
##	100	0	0	1	mtdna	1
100	0	0	2	0	0	1	0	0.0505148
100	0	0	2	0	0	0	0.0505148	0.0515996
100	0	0	2	0	0	1	0.0515996	0.192498
100	0	0	2	0	0	0	0.192498	0.201593
100	0	0	2	0	0	1	0.201593	0.34109
100	0	0	2	0	0	0	0.34109	0.342755
100	0	0	2	0	0	1	0.342755	0.427
##	100	0	0	2	0	0
100	0	0	2	0	1	1	0	0.182182
100	0	0	2	0	1	0	0.182182	0.214543
100	0	0	2	0	1	1	0.214543	0.427
##	100	0	0	2	0	1
##	100	0	0	2	mtdna	1
100	0	0	3	0	0	1	0	0.0102473
100	0	0	3	0	0	0	0.0102473	0.0142996
100	0	0	3	0	0	1	0.0142996	0.0694403
100	0	0	3	0	0	0	0.0694403	0.0782322
100	0	0	3	0	0	1	0.0782322	0.12005
100	0	0	3	0	0	0	0.12005	0.122566
100	0	0	3	0	0	1	0.122566	0.193365
100	0	0	3	0	0	0	0.193365	0.198128
100	0	0	3	0	0	1	0.198128	0.205875
100	0	0	3	0	0	0	0.205875	0.231142
100	0	0	3	0	0	1	0.231142	0.248541
100	0	0	3	0	0	0	0.248541	0.249814
100	0	0	3	0	0	1	0.249814	0.271105
100	0	0	3	0	0	0	0.271105	0.274966
100	0	0	3	0	0	1	0.274966	0.280283
100	0	0	3	0	0	0	0.280283	0.305293
100	0	0	3	0	0	1	0.305293	0.427
##	100	0	0	3	0	0	0.2
100	0	0	3	0	1	1	0	0.21026
100	0	0	3	0	1	0	0.21026	0.210957
100	0	0	3	0	1	1	0.210957	0.248384
100	0	0	3	0	1	0	0.248384	0.25194
100	0	0	3	0	1	1	0.25194	0.393629
100	0	0	3	0	1	0	0.393629	0.394741
100	0	0	3	0	1	1	0.394741	0.418843
100	0	0	3	0	1	0	0.418843	0.424608
100	0	0	3	0	1	1	0.424608	0.427
##	100	0	0	3	0	1	0.2
##	100	0	0	3	mtdna	1
100	0	0	4	0	0	1	0	0.120029
100	0	0	4	0	0	0	0.120029	0.121421
100	0	0	4	0	0	1	0.121421	0.138816
100	0	0	4	0	0	0	0.138816	0.153651
100	0	0	4	0	0	1	0.153651	0.217814
100	0	0	4	0	0	0	0.217814	0.222304
100	0	0	4	0	0	1	0.222304	0.427
##	100	0	0	4	0	0	0.2
100	0	0	4	0	1	1	0	0.00566849
100	0	0	4	0	1	0	0.00566849	0.00754805
100	0	0	4	0	1	1	0.00754805	0.0173626
100	0	0	4	0	1	0	0.0173626	0.0278523
100	0	0	4	0	1	1	0.0278523	0.0583644
100	0	0	4	0	1	0	0.0583644	0.0585537
100	0	0	4	0	1	1	0.0585537	0.0637115
100	0	0	4	0	1	0	0.0637115	0.065953
100	0	0	4	0	1	1	0.065953	0.187078
100	0	0	4	0	1	0	0.187078	0.204788
100	0	0	4	0	1	1	0.204788	0.20903
100	0	0	4	0	1	0	0.20903	0.239237
100	0	0	4	0	1	1	0.239237	0.254301
100	0	0	4	0	1	0	0.254301	0.266252
100	0	0	4	0	1	1	0.266252	0.301086
100	0	0	4	0	1	0	0.301086	0.302113
100	0	0	4	0	1	1	0.302113	0.427
##	100	0	0	4	0	1
##	100	0	0	4	mtdna	1
100	0	0	5	0	0	1	0	0.143275
100	0	0	5	0	0	0	0.143275	0.163406
100	0	0	5	0	0	1	0.163406	0.171747
100	0	0	5	0	0	0	0.171747	0.186359
100	0	0	5	0	0	1	0.186359	0.208308
100	0	0	5	0	0	0	0.208308	0.217663
100	0	0	5	0	0	1	0.217663	0.238893
100	0	0	5	0	0	0	0.238893	0.255129
100	0	0	5	0	0	1	0.255129	0.26229
100	0	0	5	0	0	0	0.26229	0.314076
100	0	0	5	0	0	1	0.314076	0.427
##	100	0	0	5	0	0	0.2
100	0	0	5	0	1	1	0	0.02264
100	0	0	5	0	1	0	0.02264	0.0387636
100	0	0	5	0	1	1	0.0387636	0.141788
100	0	0	5	0	1	0	0.141788	0.146286
100	0	0	5	0	1	1	0.146286	0.201003
100	0	0	5	0	1	0	0.201003	0.218662
100	0	0	5	0	1	1	0.218662	0.223061
100	0	0	5	0	1	0	0.223061	0.231811
100	0	0	5	0	1	1	0.231811	0.291027
100	0	0	5	0	1	0	0.291027	0.308914
100	0	0	5	0	1	1	0.308914	0.381511
100	0	0	5	0	1	0	0.381511	0.38341
100	0	0	5	0	1	1	0.38341	0.424401
100	0	0	5	0	1	0	0.424401	0.427
##	100	0	0	5	0	1	0.2
##	100	0	0	5	mtdna	1
100	0	0	6	0	0	1	0	0.0218042
100	0	0	6	0	0	0	0.0218042	0.0257077
100	0	0	6	0	0	1	0.0257077	0.154147
100	0	0	6	0	0	0	0.154147	0.213068
100	0	0	6	0	0	1	0.213068	0.268572
100	0	0	6	0	0	0	0.268572	0.283397
100	0	0	6	0	0	1	0.283397	0.336904
100	0	0	6	0	0	0	0.336904	0.340063
100	0	0	6	0	0	1	0.340063	0.427
##	100	0	0	6	0	0
100	0	0	6	0	1	0	0	0.00292082
100	0	0	6	0	1	1	0.00292082	0.18329
100	0	0	6	0	1	0	0.18329	0.185219
100	0	0	6	0	1	1	0.185219	0.225551
100	0	0	6	0	1	0	0.225551	0.231811
100	0	0	6	0	1	1	0.231811	0.333119
100	0	0	6	0	1	0	0.333119	0.339201
100	0	0	6	0	1	1	0.339201	0.427
##	100	0	0	6	0	1	0.2
##	100	0	0	6	mtdna	1
100	0	0	7	0	0	1	0	0.0407459
100	0	0	7	0	0	0	0.0407459	0.0439909
100	0	0	7	0	0	1	0.0439909	0.116977
100	0	0	7	0	0	0	0.116977	0.118341
100	0	0	7	0	0	1	0.118341	0.202687
100	0	0	7	0	0	0	0.202687	0.213632
100	0	0	7	0	0	1	0.213632	0.422831
100	0	0	7	0	0	0	0.422831	0.427
##	100	0	0	7	0	0	0.2
100	0	0	7	0	1	1	0	0.0138205
100	0	0	7	0	1	0	0.0138205	0.0153719
100	0	0	7	0	1	1	0.0153719	0.147298
100	0	0	7	0	1	0	0.147298	0.188957
100	0	0	7	0	1	1	0.188957	0.19565
100	0	0	7	0	1	0	0.19565	0.207372
100	0	0	7	0	1	1	0.207372	0.300415
100	0	0	7	0	1	0	0.300415	0.307465
100	0	0	7	0	1	1	0.307465	0.427
##	100	0	0	7	0	1
##	100	0	0	7	mtdna	1
100	0	0	8	0	0	1	0	0.202523
100	0	0	8	0	0	0	0.202523	0.214328
100	0	0	8	0	0	1	0.214328	0.31694
100	0	0	8	0	0	0	0.31694	0.323498
100	0	0	8	0	0	1	0.323498	0.427
##	100	0	0	8	0	0	0.2
100	0	0	8	0	1	1	0	0.0269088
100	0	0	8	0	1	0	0.0269088	0.0280178
100	0	0	8	0	1	1	0.0280178	0.427
##	100	0	0	8	0	1	0.2
##	100	0	0	8	mtdna	1
100	0	0	9	0	0	1	0	0.0288463
100	0	0	9	0	0	0	0.0288463	0.0323883
100	0	0	9	0	0	1	0.0323883	0.177528
100	0	0	9	0	0	0	0.177528	0.217854
100	0	0	9	0	0	1	0.217854	0.245524
100	0	0	9	0	0	0	0.245524	0.291068
100	0	0	9	0	0	1	0.291068	0.408123
100	0	0	9	0	0	0	0.408123	0.41462
100	0	0	9	0	0	1	0.41462	0.427
##	100	0	0	9	0	0
100	0	0	9	0	1	1	0	0.11759
100	0	0	9	0	1	0	0.11759	0.118582
100	0	0	9	0	1	1	0.118582	0.180957
100	0	0	9	0	1	0	0.180957	0.21623
100	0	0	9	0	1	1	0.21623	0.224969
100	0	0	9	0	1	0	0.224969	0.288435
100	0	0	9	0	1	1	0.288435	0.341566
100	0	0	9	0	1	0	0.341566	0.342383
100	0	0	9	0	1	1	0.342383	0.427
##	100	0	0	9	0	1
##	100	0	0	9	mtdna	1
100	0	0	10	0	0	1	0	0.00815477
100	0	0	10	0	0	0	0.00815477	0.0137607
100	0	0	10	0	0	1	0.0137607	0.0329955
100	0	0	10	0	0	0	0.0329955	0.0478569
100	0	0	10	0	0	1	0.0478569	0.105064
100	0	0	10	0	0	0	0.105064	0.137302
100	0	0	10	0	0	1	0.137302	0.165539
100	0	0	10	0	0	0	0.165539	0.165999
100	0	0	10	0	0	1	0.165999	0.194443
100	0	0	10	0	0	0	0.194443	0.203229
100	0	0	10	0	0	1	0.203229	0.289832
100	0	0	10	0	0	0	0.289832	0.311933
100	0	0	10	0	0	1	0.311933	0.427
##	100	0	0	10	0	0
100	0	0	10	0	1	1	0	0.150258
100	0	0	10	0	1	0	0.150258	0.156
100	0	0	10	0	1	1	0.156	0.407001
100	0	0	10	0	1	0	0.407001	0.409634
100	0	0	10	0	1	1	0.409634	0.415384
100	0	0	10	0	1	0	0.415384	0.419995
100	0	0	10	0	1	1	0.419995	0.427
##	100	0	0	10	0	1	0.2
##	100	0	0	10	mtdna	1
100	0	0	11	0	0	1	0	0.118635
100	0	0	11	0	0	0	0.118635	0.153572
100	0	0	11	0	0	1	0.153572	0.171408
100	0	0	11	0	0	0	0.171408	0.176958
100	0	0	11	0	0	1	0.176958	0.242898
100	0	0	11	0	0	0	0.242898	0.244306
100	0	0	11	0	0	1	0.244306	0.268904
100	0	0	11	0	0	0	0.268904	0.308689
100	0	0	11	0	0	1	0.308689	0.366612
100	0	0	11	0	0	0	0.366612	0.374579
100	0	0	11	0	0	1	0.374579	0.427
##	100	0	0	11	0	0	0.2
100	0	0	11	0	1	1	0	0.120205
100	0	0	11	0	1	0	0.120205	0.120402
100	0	0	11	0	1	1	0.120402	0.151428
100	0	0	11	0	1	0	0.151428	0.181897
100	0	0	11	0	1	1	0.181897	0.194126
100	0	0	11	0	1	0	0.194126	0.201414
100	0	0	11	0	1	1	0.201414	0.213832
100	0	0	11	0	1	0	0.213832	0.233861
100	0	0	11	0	1	1	0.233861	0.313085
100	0	0	11	0	1	0	0.313085	0.316898
100	0	0	11	0	1	1	0.316898	0.427
##	100	0	0	11	0	1
##	100	0	0	11	mtdna	1
100	0	0	12	0	0	1	0	0.168335
100	0	0	12	0	0	0	0.168335	0.177882
100	0	0	12	0	0	1	0.177882	0.200091
100	0	0	12	0	0	0	0.200091	0.227516
100	0	0	12	0	0	1	0.227516	0.282421
100	0	0	12	0	0	0	0.282421	0.292015
100	0	0	12	0	0	1	0.292015	0.325367
100	0	0	12	0	0	0	0.325367	0.338647
100	0	0	12	0	0	1	0.338647	0.427
##	100	0	0	12	0	0	0.2
100	0	0	12	0	1	1	0	0.0490211
100	0	0	12	0	1	0	0.0490211	0.0522338
100	0	0	12	0	1	1	0.0522338	0.168335
100	0	0	12	0	1	0	0.168335	0.180516
100	0	0	12	0	1	1	0.180516	0.31694
100	0	0	12	0	1	0	0.31694	0.323498
100	0	0	12	0	1	1	0.323498	0.427
##	100	0	0	12	0	1	0.2
##	100	0	0	12	mtdna	1
100	0	0	13	0	0	1	0	0.0334367
100	0	0	13	0	0	0	0.0334367	0.0456301
100	0	0	13	0	0	1	0.0456301	0.427
##	100	0	0	13	0	0	0.2
100	0	0	13	0	1	1	0	0.0621866
100	0	0	13	0	1	0	0.0621866	0.0891243
100	0	0	13	0	1	1	0.0891243	0.122852
100	0	0	13	0	1	0	0.122852	0.137736
100	0	0	13	0	1	1	0.137736	0.166898
100	0	0	13	0	1	0	0.166898	0.182631
100	0	0	13	0	1	1	0.182631	0.195512
100	0	0	13	0	1	0	0.195512	0.207841
100	0	0	13	0	1	1	0.207841	0.238175
100	0	0	13	0	1	0	0.238175	0.240095
100	0	0	13	0	1	1	0.240095	0.427
##	100	0	0	13	0	1
##	100	0	0	13	mtdna	1
100	0	0	14	0	0	1	0	0.0769982
100	0	0	14	0	0	0	0.0769982	0.0811737
100	0	0	14	0	0	1	0.0811737	0.0873233
100	0	0	14	0	0	0	0.0873233	0.100887
100	0	0	14	0	0	1	0.100887	0.137266
100	0	0	14	0	0	0	0.137266	0.139948
100	0	0	14	0	0	1	0.139948	0.240688
100	0	0	14	0	0	0	0.240688	0.242431
100	0	0	14	0	0	1	0.242431	0.244164
100	0	0	14	0	0	0	0.244164	0.246829
100	0	0	14	0	0	1	0.246829	0.350966
100	0	0	14	0	0	0	0.350966	0.366217
100	0	0	14	0	0	1	0.366217	0.371514
100	0	0	14	0	0	0	0.371514	0.377286
100	0	0	14	0	0	1	0.377286	0.427
##	100	0	0	14	0	0	0.2
100	0	0	14	0	1	1	0	0.0205178
100	0	0	14	0	1	0	0.0205178	0.0207158
100	0	0	14	0	1	1	0.0207158	0.144382
100	0	0	14	0	1	0	0.144382	0.147523
100	0	0	14	0	1	1	0.147523	0.149413
100	0	0	14	0	1	0	0.149413	0.155162
100	0	0	14	0	1	1	0.155162	0.167496
100	0	0	14	0	1	0	0.167496	0.18128
100	0	0	14	0	1	1	0.18128	0.195489
100	0	0	14	0	1	0	0.195489	0.195831
100	0	0	14	0	1	1	0.195831	0.427
##	100	0	0	14	0	1	0.2
##	100	0	0	14	mtdna	1
100	0	0	15	0	0	1	0	0.17966
100	0	0	15	0	0	0	0.17966	0.212205
100	0	0	15	0	0	1	0.212205	0.277999
100	0	0	15	0	0	0	0.277999	0.285642
100	0	0	15	0	0	1	0.285642	0.39713
100	0	0	15	0	0	0	0.39713	0.419426
100	0	0	15	0	0	1	0.419426	0.427
##	100	0	0	15	0	0
100	0	0	15	0	1	1	0	0.120275
100	0	0	15	0	1	0	0.120275	0.129051
100	0	0	15	0	1	1	0.129051	0.147379
100	0	0	15	0	1	0	0.147379	0.166977
100	0	0	15	0	1	1	0.166977	0.17977
100	0	0	15	0	1	0	0.17977	0.180907
100	0	0	15	0	1	1	0.180907	0.188971
100	0	0	15	0	1	0	0.188971	0.203026
100	0	0	15	0	1	1	0.203026	0.258952
100	0	0	15	0	1	0	0.258952	0.261776
100	0	0	15	0	1	1	0.261776	0.282495
100	0	0	15	0	1	0	0.282495	0.296268
100	0	0	15	0	1	1	0.296268	0.427
##	100	0	0	15	0	1
##	100	0	0	15	mtdna	1
100	0	0	16	0	0	1	0	0.181068
100	0	0	16	0	0	0	0.181068	0.182324
100	0	0	16	0	0	1	0.182324	0.195837
100	0	0	16	0	0	0	0.195837	0.208016
100	0	0	16	0	0	1	0.208016	0.427
##	100	0	0	16	0	0
100	0	0	16	0	1	1	0	0.0199092
100	0	0	16	0	1	0	0.0199092	0.0342457
100	0	0	16	0	1	1	0.0342457	0.145536
100	0	0	16	0	1	0	0.145536	0.149205
100	0	0	16	0	1	1	0.149205	0.186153
100	0	0	16	0	1	0	0.186153	0.212258
100	0	0	16	0	1	1	0.212258	0.213285
100	0	0	16	0	1	0	0.213285	0.225909
100	0	0	16	0	1	1	0.225909	0.427
##	100	0	0	16	0	1
##	100	0	0	16	mtdna	1
100	0	0	17	0	0	1	0	0.149873
100	0	0	17	0	0	0	0.149873	0.159854
100	0	0	17	0	0	1	0.159854	0.181499
100	0	0	17	0	0	0	0.181499	0.185055
100	0	0	17	0	0	1	0.185055	0.185167
100	0	0	17	0	0	0	0.185167	0.1913
100	0	0	17	0	0	1	0.1913	0.293519
100	0	0	17	0	0	0	0.293519	0.303072
100	0	0	17	0	0	1	0.303072	0.323725
100	0	0	17	0	0	0	0.323725	0.326823
100	0	0	17	0	0	1	0.326823	0.427
##	100	0	0	17	0	0	0.2
100	0	0	17	0	1	1	0	0.0674462
100	0	0	17	0	1	0	0.0674462	0.0895773
100	0	0	17	0	1	1	0.0895773	0.173863
100	0	0	17	0	1	0	0.173863	0.202734
100	0	0	17	0	1	1	0.202734	0.345114
100	0	0	17	0	1	0	0.345114	0.358159
100	0	0	17	0	1	1	0.358159	0.427
##	100	0	0	17	0	1
##	100	0	0	17	mtdna	1
100	0	0	18	0	0	1	0	0.0226416
100	0	0	18	0	0	0	0.0226416	0.0377187
100	0	0	18	0	0	1	0.0377187	0.124018
100	0	0	18	0	0	0	0.124018	0.134681
100	0	0	18	0	0	1	0.134681	0.192157
100	0	0	18	0	0	0	0.192157	0.194109
100	0	0	18	0	0	1	0.194109	0.280634
100	0	0	18	0	0	0	0.280634	0.28303
100	0	0	18	0	0	1	0.28303	0.314617
100	0	0	18	0	0	0	0.314617	0.314967
100	0	0	18	0	0	1	0.314967	0.427
##	100	0	0	18	0	0	0.2
100	0	0	18	0	1	1	0	0.08082
100	0	0	18	0	1	0	0.08082	0.0891243
100	0	0	18	0	1	1	0.0891243	0.122852
100	0	0	18	0	1	0	0.122852	0.130896
100	0	0	18	0	1	1	0.130896	0.182994
100	0	0	18	0	1	0	0.182994	0.195654
100	0	0	18	0	1	1	0.195654	0.245793
100	0	0	18	0	1	0	0.245793	0.247029
100	0	0	18	0	1	1	0.247029	0.427
##	100	0	0	18	0	1	0.2
##	100	0	0	18	mtdna	1
100	0	0	19	0	0	1	0	0.204822
100	0	0	19	0	0	0	0.204822	0.206087
100	0	0	19	0	0	1	0.206087	0.22445
100	0	0	19	0	0	0	0.22445	0.225205
100	0	0	19	0	0	1	0.225205	0.275754
100	0	0	19	0	0	0	0.275754	0.277795
100	0	0	19	0	0	1	0.277795	0.427
##	100	0	0	19	0	0	0.2
100	0	0	19	0	1	0	0	0.00342488
100	0	0	19	0	1	1	0.00342488	0.0140289
100	0	0	19	0	1	0	0.0140289	0.0388658
100	0	0	19	0	1	1	0.0388658	0.179704
100	0	0	19	0	1	0	0.179704	0.180525
100	0	0	19	0	1	1	0.180525	0.192136
100	0	0	19	0	1	0	0.192136	0.205031
100	0	0	19	0	1	1	0.205031	0.427
##	100	0	0	19	0	1
##	100	0	0	19	mtdna	1
100	0	0	20	0	0	1	0	0.0915245
100	0	0	20	0	0	0	0.0915245	0.104505
100	0	0	20	0	0	1	0.104505	0.192689
100	0	0	20	0	0	0	0.192689	0.204788
100	0	0	20	0	0	1	0.204788	0.20903
100	0	0	20	0	0	0	0.20903	0.239237
100	0	0	20	0	0	1	0.239237	0.254301
100	0	0	20	0	0	0	0.254301	0.266252
100	0	0	20	0	0	1	0.266252	0.427
##	100	0	0	20	0	0
100	0	0	20	0	1	0	0	0.00161098
100	0	0	20	0	1	1	0.00161098	0.11106
100	0	0	20	0	1	0	0.11106	0.20595
100	0	0	20	0	1	1	0.20595	0.217855
100	0	0	20	0	1	0	0.217855	0.237425
100	0	0	20	0	1	1	0.237425	0.344843
100	0	0	20	0	1	0	0.344843	0.355057
100	0	0	20	0	1	1	0.355057	0.375836
100	0	0	20	0	1	0	0.375836	0.386678
100	0	0	20	0	1	1	0.386678	0.427
##	100	0	0	20	0	1
##	100	0	0	20	mtdna	1
100	0	0	21	0	0	1	0	0.0586736
100	0	0	21	0	0	0	0.0586736	0.0687671
100	0	0	21	0	0	1	0.0687671	0.195242
100	0	0	21	0	0	0	0.195242	0.201626
100	0	0	21	0	0	1	0.201626	0.203505
100	0	0	21	0	0	0	0.203505	0.235012
100	0	0	21	0	0	1	0.235012	0.240039
100	0	0	21	0	0	0	0.240039	0.243731
100	0	0	21	0	0	1	0.243731	0.262979
100	0	0	21	0	0	0	0.262979	0.263974
100	0	0	21	0	0	1	0.263974	0.267349
100	0	0	21	0	0	0	0.267349	0.269661
100	0	0	21	0	0	1	0.269661	0.377245
100	0	0	21	0	0	0	0.377245	0.40574
100	0	0	21	0	0	1	0.40574	0.427
##	100	0	0	21	0	0
100	0	0	21	0	1	1	0	0.141788
100	0	0	21	0	1	0	0.141788	0.146286
100	0	0	21	0	1	1	0.146286	0.187078
100	0	0	21	0	1	0	0.187078	0.226942
100	0	0	21	0	1	1	0.226942	0.361189
100	0	0	21	0	1	0	0.361189	0.361903
100	0	0	21	0	1	1	0.361903	0.427
##	100	0	0	21	0	1
##	100	0	0	21	mtdna	1
100	0	0	22	0	0	1	0	0.185202
100	0	0	22	0	0	0	0.185202	0.218526
100	0	0	22	0	0	1	0.218526	0.247202
100	0	0	22	0	0	0	0.247202	0.259376
100	0	0	22	0	0	1	0.259376	0.385238
100	0	0	22	0	0	0	0.385238	0.390856
100	0	0	22	0	0	1	0.390856	0.427
##	100	0	0	22	0	0
100	0	0	22	0	1	1	0	0.0286878
100	0	0	22	0	1	0	0.0286878	0.0287912
100	0	0	22	0	1	1	0.0287912	0.167905
100	0	0	22	0	1	0	0.167905	0.17636
100	0	0	22	0	1	1	0.17636	0.189036
100	0	0	22	0	1	0	0.189036	0.207372
100	0	0	22	0	1	1	0.207372	0.249894
100	0	0	22	0	1	0	0.249894	0.250195
100	0	0	22	0	1	1	0.250195	0.427
##	100	0	0	22	0	1
##	100	0	0	22	mtdna	1
100	0	0	23	0	0	1	0	0.0841629
100	0	0	23	0	0	0	0.0841629	0.119063
100	0	0	23	0	0	1	0.119063	0.187078
100	0	0	23	0	0	0	0.187078	0.203068
100	0	0	23	0	0	1	0.203068	0.242101
100	0	0	23	0	0	0	0.242101	0.246648
100	0	0	23	0	0	1	0.246648	0.293519
100	0	0	23	0	0	0	0.293519	0.299847
100	0	0	23	0	0	1	0.299847	0.415055
100	0	0	23	0	0	0	0.415055	0.416895
100	0	0	23	0	0	1	0.416895	0.424551
100	0	0	23	0	0	0	0.424551	0.427
##	100	0	0	23	0	0
100	0	0	23	0	1	1	0	0.122404
100	0	0	23	0	1	0	0.122404	0.151069
100	0	0	23	0	1	1	0.151069	0.370727
100	0	0	23	0	1	0	0.370727	0.381536
100	0	0	23	0	1	1	0.381536	0.427
##	100	0	0	23	0	1	0.2
##	100	0	0	23	mtdna	0
100	0	0	24	0	0	1	0	0.209769
100	0	0	24	0	0	0	0.209769	0.212098
100	0	0	24	0	0	1	0.212098	0.214157
100	0	0	24	0	0	0	0.214157	0.23406
100	0	0	24	0	0	1	0.23406	0.243321
100	0	0	24	0	0	0	0.243321	0.246734
100	0	0	24	0	0	1	0.246734	0.427
##	100	0	0	24	0	0	0.2
100	0	0	24	0	1	1	0	0.122426
100	0	0	24	0	1	0	0.122426	0.13363
100	0	0	24	0	1	1	0.13363	0.186221
100	0	0	24	0	1	0	0.186221	0.213051
100	0	0	24	0	1	1	0.213051	0.24101
100	0	0	24	0	1	0	0.24101	0.262093
100	0	0	24	0	1	1	0.262093	0.427
##	100	0	0	24	0	1
##	100	0	0	24	mtdna	1
100	0	0	25	0	0	1	0	0.164065
100	0	0	25	0	0	0	0.164065	0.178328
100	0	0	25	0	0	1	0.178328	0.315681
100	0	0	25	0	0	0	0.315681	0.316303
100	0	0	25	0	0	1	0.316303	0.427
##	100	0	0	25	0	0	0.2
100	0	0	25	0	1	1	0	0.195242
100	0	0	25	0	1	0	0.195242	0.201626
100	0	0	25	0	1	1	0.201626	0.203505
100	0	0	25	0	1	0	0.203505	0.235012
100	0	0	25	0	1	1	0.235012	0.24274
100	0	0	25	0	1	0	0.24274	0.276115
100	0	0	25	0	1	1	0.276115	0.427
##	100	0	0	25	0	1
##	100	0	0	25	mtdna	1
100	0	0	26	0	0	1	0	0.0236033
100	0	0	26	0	0	0	0.0236033	0.0367418
100	0	0	26	0	0	1	0.0367418	0.0998676
100	0	0	26	0	0	0	0.0998676	0.103418
100	0	0	26	0	0	1	0.103418	0.190801
100	0	0	26	0	0	0	0.190801	0.202563
100	0	0	26	0	0	1	0.202563	0.202898
100	0	0	26	0	0	0	0.202898	0.212337
100	0	0	26	0	0	1	0.212337	0.226145
100	0	0	26	0	0	0	0.226145	0.259266
100	0	0	26	0	0	1	0.259266	0.284459
100	0	0	26	0	0	0	0.284459	0.320474
100	0	0	26	0	0	1	0.320474	0.329207
100	0	0	26	0	0	0	0.329207	0.353616
100	0	0	26	0	0	1	0.353616	0.427
##	100	0	0	26	0	0
100	0	0	26	0	1	1	0	0.146165
100	0	0	26	0	1	0	0.146165	0.179191
100	0	0	26	0	1	1	0.179191	0.195155
100	0	0	26	0	1	0	0.195155	0.202617
100	0	0	26	0	1	1	0.202617	0.276298
100	0	0	26	0	1	0	0.276298	0.280727
100	0	0	26	0	1	1	0.280727	0.347298
100	0	0	26	0	1	0	0.347298	0.356581
100	0	0	26	0	1	1	0.356581	0.427
##	100	0	0	26	0	1
##	100	0	0	26	mtdna	0
100	0	0	27	0	0	1	0	0.142303
100	0	0	27	0	0	0	0.142303	0.14778
100	0	0	27	0	0	1	0.14778	0.17324
100	0	0	27	0	0	0	0.17324	0.179564
100	0	0	27	0	0	1	0.179564	0.274169
100	0	0	27	0	0	0	0.274169	0.28018
100	0	0	27	0	0	1	0.28018	0.32934
100	0	0	27	0	0	0	0.32934	0.331441
100	0	0	27	0	0	1	0.331441	0.346711
100	0	0	27	0	0	0	0.346711	0.359785
100	0	0	27	0	0	1	0.359785	0.427
##	100	0	0	27	0	0	0.2
100	0	0	27	0	1	1	0	0.125566
100	0	0	27	0	1	0	0.125566	0.126879
100	0	0	27	0	1	1	0.126879	0.154024
100	0	0	27	0	1	0	0.154024	0.154932
100	0	0	27	0	1	1	0.154932	0.197084
100	0	0	27	0	1	0	0.197084	0.207062
100	0	0	27	0	1	1	0.207062	0.427
##	100	0	0	27	0	1
##	100	0	0	27	mtdna	1
100	0	0	28	0	0	1	0	0.427
##	100	0	0	28	0	0	0.2
100	0	0	28	0	1	1	0	0.216068
100	0	0	28	0	1	0	0.216068	0.222304
100	0	0	28	0	1	1	0.222304	0.280634
100	0	0	28	0	1	0	0.280634	0.281341
100	0	0	28	0	1	1	0.281341	0.344664
100	0	0	28	0	1	0	0.344664	0.345693
100	0	0	28	0	1	1	0.345693	0.345721
100	0	0	28	0	1	0	0.345721	0.348215
100	0	0	28	0	1	1	0.348215	0.427
##	100	0	0	28	0	1	0.2
##	100	0	0	28	mtdna	1
100	0	0	29	0	0	1	0	0.194486
100	0	0	29	0	0	0	0.194486	0.214508
100	0	0	29	0	0	1	0.214508	0.261766
100	0	0	29	0	0	0	0.261766	0.277048
100	0	0	29	0	0	1	0.277048	0.389189
100	0	0	29	0	0	0	0.389189	0.397142
100	0	0	29	0	0	1	0.397142	0.427
##	100	0	0	29	0	0
100	0	0	29	0	1	1	0	0.0684394
100	0	0	29	0	1	0	0.0684394	0.0758153
100	0	0	29	0	1	1	0.0758153	0.0835337
100	0	0	29	0	1	0	0.0835337	0.084667
100	0	0	29	0	1	1	0.084667	0.177528
100	0	0	29	0	1	0	0.177528	0.207031
100	0	0	29	0	1	1	0.207031	0.236481
100	0	0	29	0	1	0	0.236481	0.248285
100	0	0	29	0	1	1	0.248285	0.27747
100	0	0	29	0	1	0	0.27747	0.291282
100	0	0	29	0	1	1	0.291282	0.365806
100	0	0	29	0	1	0	0.365806	0.374684
100	0	0	29	0	1	1	0.374684	0.427
##	100	0	0	29	0	1
##	100	0	0	29	mtdna	1
100	0	0	30	0	0	1	0	0.228554
100	0	0	30	0	0	0	0.228554	0.267589
100	0	0	30	0	0	1	0.267589	0.427
##	100	0	0	30	0	0	0.2
100	0	0	30	0	1	0	0	0.0218237
100	0	0	30	0	1	1	0.0218237	0.0873233
100	0	0	30	0	1	0	0.0873233	0.100887
100	0	0	30	0	1	1	0.100887	0.11415
100	0	0	30	0	1	0	0.11415	0.115358
100	0	0	30	0	1	1	0.115358	0.135898
100	0	0	30	0	1	0	0.135898	0.149369
100	0	0	30	0	1	1	0.149369	0.155062
100	0	0	30	0	1	0	0.155062	0.170409
100	0	0	30	0	1	1	0.170409	0.172254
100	0	0	30	0	1	0	0.172254	0.197199
100	0	0	30	0	1	1	0.197199	0.209303
100	0	0	30	0	1	0	0.209303	0.222304
100	0	0	30	0	1	1	0.222304	0.249812
100	0	0	30	0	1	0	0.249812	0.272866
100	0	0	30	0	1	1	0.272866	0.427
##	100	0	0	30	0	1	0.2
##	100	0	0	30	mtdna	1
100	0	0	31	0	0	1	0	0.17966
100	0	0	31	0	0	0	0.17966	0.212205
100	0	0	31	0	0	1	0.212205	0.273059
100	0	0	31	0	0	0	0.273059	0.29064
100	0	0	31	0	0	1	0.29064	0.303609
100	0	0	31	0	0	0	0.303609	0.329856
100	0	0	31	0	0	1	0.329856	0.427
##	100	0	0	31	0	0
100	0	0	31	0	1	1	0	0.167905
100	0	0	31	0	1	0	0.167905	0.1722
100	0	0	31	0	1	1	0.1722	0.184548
100	0	0	31	0	1	0	0.184548	0.198174
100	0	0	31	0	1	1	0.198174	0.200876
100	0	0	31	0	1	0	0.200876	0.210957
100	0	0	31	0	1	1	0.210957	0.21919
100	0	0	31	0	1	0	0.21919	0.234008
100	0	0	31	0	1	1	0.234008	0.319995
100	0	0	31	0	1	0	0.319995	0.322001
100	0	0	31	0	1	1	0.322001	0.422041
100	0	0	31	0	1	0	0.422041	0.427
##	100	0	0	31	0	1	0.2
##	100	0	0	31	mtdna	0
100	0	0	32	0	0	1	0	0.0689489
100	0	0	32	0	0	0	0.0689489	0.0742999
100	0	0	32	0	0	1	0.0742999	0.141363
100	0	0	32	0	0	0	0.141363	0.186005
100	0	0	32	0	0	1	0.186005	0.195512
100	0	0	32	0	0	0	0.195512	0.210651
100	0	0	32	0	0	1	0.210651	0.274105
100	0	0	32	0	0	0	0.274105	0.288259
100	0	0	32	0	0	1	0.288259	0.328692
100	0	0	32	0	0	0	0.328692	0.335568
100	0	0	32	0	0	1	0.335568	0.36666
100	0	0	32	0	0	0	0.36666	0.375446
100	0	0	32	0	0	1	0.375446	0.389504
100	0	0	32	0	0	0	0.389504	0.413874
100	0	0	32	0	0	1	0.413874	0.427
##	100	0	0	32	0	0
100	0	0	32	0	1	0	0	0.0094114
100	0	0	32	0	1	1	0.0094114	0.215344
100	0	0	32	0	1	0	0.215344	0.243078
100	0	0	32	0	1	1	0.243078	0.427
##	100	0	0	32	0	1	0.2
##	100	0	0	32	mtdna	1
100	0	0	33	0	0	1	0	0.0689489
100	0	0	33	0	0	0	0.0689489	0.0742999
100	0	0	33	0	0	1	0.0742999	0.19925
100	0	0	33	0	0	0	0.19925	0.207608
100	0	0	33	0	0	1	0.207608	0.211337
100	0	0	33	0	0	0	0.211337	0.22511
100	0	0	33	0	0	1	0.22511	0.238641
100	0	0	33	0	0	0	0.238641	0.252016
100	0	0	33	0	0	1	0.252016	0.291726
100	0	0	33	0	0	0	0.291726	0.304207
100	0	0	33	0	0	1	0.304207	0.332917
100	0	0	33	0	0	0	0.332917	0.347034
100	0	0	33	0	0	1	0.347034	0.352809
100	0	0	33	0	0	0	0.352809	0.373599
100	0	0	33	0	0	1	0.373599	0.427
##	100	0	0	33	0	0
100	0	0	33	0	1	1	0	0.19292
100	0	0	33	0	1	0	0.19292	0.194334
100	0	0	33	0	1	1	0.194334	0.273627
100	0	0	33	0	1	0	0.273627	0.278064
100	0	0	33	0	1	1	0.278064	0.427
##	100	0	0	33	0	1	0.2
##	100	0	0	33	mtdna	1
100	0	0	34	0	0	1	0	0.196373
100	0	0	34	0	0	0	0.196373	0.202745
100	0	0	34	0	0	1	0.202745	0.427
##	100	0	0	34	0	0
100	0	0	34	0	1	1	0	0.0751507
100	0	0	34	0	1	0	0.0751507	0.0808896
100	0	0	34	0	1	1	0.0808896	0.18708
100	0	0	34	0	1	0	0.18708	0.188304
100	0	0	34	0	1	1	0.188304	0.194758
100	0	0	34	0	1	0	0.194758	0.20502
100	0	0	34	0	1	1	0.20502	0.216618
100	0	0	34	0	1	0	0.216618	0.227516
100	0	0	34	0	1	1	0.227516	0.2755
100	0	0	34	0	1	0	0.2755	0.28018
100	0	0	34	0	1	1	0.28018	0.292435
100	0	0	34	0	1	0	0.292435	0.316898
100	0	0	34	0	1	1	0.316898	0.345112
100	0	0	34	0	1	0	0.345112	0.355521
100	0	0	34	0	1	1	0.355521	0.427
##	100	0	0	34	0	1
##	100	0	0	34	mtdna	1
100	0	0	35	0	0	1	0	0.19979
100	0	0	35	0	0	0	0.19979	0.20613
100	0	0	35	0	0	1	0.20613	0.243131
100	0	0	35	0	0	0	0.243131	0.255938
100	0	0	35	0	0	1	0.255938	0.427
##	100	0	0	35	0	0
100	0	0	35	0	1	1	0	0.0308796
100	0	0	35	0	1	0	0.0308796	0.0335496
100	0	0	35	0	1	1	0.0335496	0.128578
100	0	0	35	0	1	0	0.128578	0.130428
100	0	0	35	0	1	1	0.130428	0.1566
100	0	0	35	0	1	0	0.1566	0.165214
100	0	0	35	0	1	1	0.165214	0.202232
100	0	0	35	0	1	0	0.202232	0.208615
100	0	0	35	0	1	1	0.208615	0.386258
100	0	0	35	0	1	0	0.386258	0.396185
100	0	0	35	0	1	1	0.396185	0.427
##	100	0	0	35	0	1	0.2
##	100	0	0	35	mtdna	1
100	0	0	36	0	0	1	0	0.0349906
100	0	0	36	0	0	0	0.0349906	0.0569296
100	0	0	36	0	0	1	0.0569296	0.099632
100	0	0	36	0	0	0	0.099632	0.116429
100	0	0	36	0	0	1	0.116429	0.178149
100	0	0	36	0	0	0	0.178149	0.245328
100	0	0	36	0	0	1	0.245328	0.297118
100	0	0	36	0	0	0	0.297118	0.301228
100	0	0	36	0	0	1	0.301228	0.427
##	100	0	0	36	0	0
100	0	0	36	0	1	1	0	0.235514
100	0	0	36	0	1	0	0.235514	0.261019
100	0	0	36	0	1	1	0.261019	0.427
##	100	0	0	36	0	1	0.2
##	100	0	0	36	mtdna	1
100	0	0	37	0	0	1	0	0.143567
100	0	0	37	0	0	0	0.143567	0.157202
100	0	0	37	0	0	1	0.157202	0.193932
100	0	0	37	0	0	0	0.193932	0.226693
100	0	0	37	0	0	1	0.226693	0.233038
100	0	0	37	0	0	0	0.233038	0.246829
100	0	0	37	0	0	1	0.246829	0.254704
100	0	0	37	0	0	0	0.254704	0.257369
100	0	0	37	0	0	1	0.257369	0.427
##	100	0	0	37	0	0
100	0	0	37	0	1	1	0	0.188279
100	0	0	37	0	1	0	0.188279	0.188304
100	0	0	37	0	1	1	0.188304	0.227798
100	0	0	37	0	1	0	0.227798	0.245328
100	0	0	37	0	1	1	0.245328	0.292417
100	0	0	37	0	1	0	0.292417	0.296938
100	0	0	37	0	1	1	0.296938	0.404117
100	0	0	37	0	1	0	0.404117	0.41462
100	0	0	37	0	1	1	0.41462	0.424551
100	0	0	37	0	1	0	0.424551	0.427
##	100	0	0	37	0	1	0.2
##	100	0	0	37	mtdna	1
100	0	0	38	0	0	1	0	0.0221941
100	0	0	38	0	0	0	0.0221941	0.0306471
100	0	0	38	0	0	1	0.0306471	0.165415
100	0	0	38	0	0	0	0.165415	0.169122
100	0	0	38	0	0	1	0.169122	0.209429
100	0	0	38	0	0	0	0.209429	0.209612
100	0	0	38	0	0	1	0.209612	0.385658
100	0	0	38	0	0	0	0.385658	0.395538
100	0	0	38	0	0	1	0.395538	0.399717
100	0	0	38	0	0	0	0.399717	0.406344
100	0	0	38	0	0	1	0.406344	0.427
##	100	0	0	38	0	0	0.2
100	0	0	38	0	1	1	0	0.125689
100	0	0	38	0	1	0	0.125689	0.12975
100	0	0	38	0	1	1	0.12975	0.182682
100	0	0	38	0	1	0	0.182682	0.269503
100	0	0	38	0	1	1	0.269503	0.317164
100	0	0	38	0	1	0	0.317164	0.322196
100	0	0	38	0	1	1	0.322196	0.425104
100	0	0	38	0	1	0	0.425104	0.427
##	100	0	0	38	0	1
##	100	0	0	38	mtdna	1
100	0	0	39	0	0	1	0	0.173253
100	0	0	39	0	0	0	0.173253	0.179564
100	0	0	39	0	0	1	0.179564	0.418995
100	0	0	39	0	0	0	0.418995	0.426281
100	0	0	39	0	0	1	0.426281	0.427
##	100	0	0	39	0	0	0.2
100	0	0	39	0	1	1	0	0.118674
100	0	0	39	0	1	0	0.118674	0.140295
100	0	0	39	0	1	1	0.140295	0.142412
100	0	0	39	0	1	0	0.142412	0.143322
100	0	0	39	0	1	1	0.143322	0.32934
100	0	0	39	0	1	0	0.32934	0.331441
100	0	0	39	0	1	1	0.331441	0.406793
100	0	0	39	0	1	0	0.406793	0.407369
100	0	0	39	0	1	1	0.407369	0.427
##	100	0	0	39	0	1	0.2
##	100	0	0	39	mtdna	1
100	0	0	40	0	0	1	0	0.103145
100	0	0	40	0	0	0	0.103145	0.105133
100	0	0	40	0	0	1	0.105133	0.185785
100	0	0	40	0	0	0	0.185785	0.193446
100	0	0	40	0	0	1	0.193446	0.252605
100	0	0	40	0	0	0	0.252605	0.254077
100	0	0	40	0	0	1	0.254077	0.427
##	100	0	0	40	0	0	0.2
100	0	0	40	0	1	1	0	0.198958
100	0	0	40	0	1	0	0.198958	0.208337
100	0	0	40	0	1	1	0.208337	0.391245
100	0	0	40	0	1	0	0.391245	0.39239
100	0	0	40	0	1	1	0.39239	0.427
##	100	0	0	40	0	1
##	100	0	0	40	mtdna	1
100	0	0	41	0	0	1	0	0.117637
100	0	0	41	0	0	0	0.117637	0.130628
100	0	0	41	0	0	1	0.130628	0.178342
100	0	0	41	0	0	0	0.178342	0.229827
100	0	0	41	0	0	1	0.229827	0.267796
100	0	0	41	0	0	0	0.267796	0.26852
100	0	0	41	0	0	1	0.26852	0.329274
100	0	0	41	0	0	0	0.329274	0.329962
100	0	0	41	0	0	1	0.329962	0.362479
100	0	0	41	0	0	0	0.362479	0.36332
100	0	0	41	0	0	1	0.36332	0.427
##	100	0	0	41	0	0
100	0	0	41	0	1	1	0	0.108464
100	0	0	41	0	1	0	0.108464	0.110776
100	0	0	41	0	1	1	0.110776	0.141082
100	0	0	41	0	1	0	0.141082	0.15208
100	0	0	41	0	1	1	0.15208	0.24477
100	0	0	41	0	1	0	0.24477	0.260175
100	0	0	41	0	1	1	0.260175	0.427
##	100	0	0	41	0	1	0.2
##	100	0	0	41	mtdna	1
100	0	0	42	0	0	1	0	0.179708
100	0	0	42	0	0	0	0.179708	0.18104
100	0	0	42	0	0	1	0.18104	0.184354
100	0	0	42	0	0	0	0.184354	0.202134
100	0	0	42	0	0	1	0.202134	0.338709
100	0	0	42	0	0	0	0.338709	0.350922
100	0	0	42	0	0	1	0.350922	0.422786
100	0	0	42	0	0	0	0.422786	0.423224
100	0	0	42	0	0	1	0.423224	0.427
##	100	0	0	42	0	0
100	0	0	42	0	1	1	0	0.0272366
100	0	0	42	0	1	0	0.0272366	0.0285915
100	0	0	42	0	1	1	0.0285915	0.143079
100	0	0	42	0	1	0	0.143079	0.158931
100	0	0	42	0	1	1	0.158931	0.182974
100	0	0	42	0	1	0	0.182974	0.207841
100	0	0	42	0	1	1	0.207841	0.427
##	100	0	0	42	0	1
##	100	0	0	42	mtdna	1
100	0	0	43	0	0	1	0	0.0431736
100	0	0	43	0	0	0	0.0431736	0.0487754
100	0	0	43	0	0	1	0.0487754	0.0842774
100	0	0	43	0	0	0	0.0842774	0.0846017
100	0	0	43	0	0	1	0.0846017	0.109287
100	0	0	43	0	0	0	0.109287	0.118004
100	0	0	43	0	0	1	0.118004	0.152233
100	0	0	43	0	0	0	0.152233	0.154478
100	0	0	43	0	0	1	0.154478	0.21126
100	0	0	43	0	0	0	0.21126	0.225904
100	0	0	43	0	0	1	0.225904	0.248782
100	0	0	43	0	0	0	0.248782	0.26439
100	0	0	43	0	0	1	0.26439	0.427
##	100	0	0	43	0	0	0.2
100	0	0	43	0	1	1	0	0.181642
100	0	0	43	0	1	0	0.181642	0.212957
100	0	0	43	0	1	1	0.212957	0.269166
100	0	0	43	0	1	0	0.269166	0.277326
100	0	0	43	0	1	1	0.277326	0.292108
100	0	0	43	0	1	0	0.292108	0.297059
100	0	0	43	0	1	1	0.297059	0.427
##	100	0	0	43	0	1
##	100	0	0	43	mtdna	1
100	0	0	44	0	0	1	0	0.163059
100	0	0	44	0	0	0	0.163059	0.190776
100	0	0	44	0	0	1	0.190776	0.202687
100	0	0	44	0	0	0	0.202687	0.213632
100	0	0	44	0	0	1	0.213632	0.254945
100	0	0	44	0	0	0	0.254945	0.282746
100	0	0	44	0	0	1	0.282746	0.427
##	100	0	0	44	0	0	0.2
100	0	0	44	0	1	1	0	0.00429952
100	0	0	44	0	1	0	0.00429952	0.0328045
100	0	0	44	0	1	1	0.0328045	0.109141
100	0	0	44	0	1	0	0.109141	0.122485
100	0	0	44	0	1	1	0.122485	0.174847
100	0	0	44	0	1	0	0.174847	0.214112
100	0	0	44	0	1	1	0.214112	0.427
##	100	0	0	44	0	1
##	100	0	0	44	mtdna	1
100	0	0	45	0	0	1	0	0.182747
100	0	0	45	0	0	0	0.182747	0.200137
100	0	0	45	0	0	1	0.200137	0.201867
100	0	0	45	0	0	0	0.201867	0.217598
100	0	0	45	0	0	1	0.217598	0.427
##	100	0	0	45	0	0
100	0	0	45	0	1	1	0	0.0122713
100	0	0	45	0	1	0	0.0122713	0.0136459
100	0	0	45	0	1	1	0.0136459	0.021502
100	0	0	45	0	1	0	0.021502	0.0361693
100	0	0	45	0	1	1	0.0361693	0.2051
100	0	0	45	0	1	0	0.2051	0.242589
100	0	0	45	0	1	1	0.242589	0.344895
100	0	0	45	0	1	0	0.344895	0.345693
100	0	0	45	0	1	1	0.345693	0.381744
100	0	0	45	0	1	0	0.381744	0.385898
100	0	0	45	0	1	1	0.385898	0.427
##	100	0	0	45	0	1	0.2
##	100	0	0	45	mtdna	1
100	0	0	46	0	0	1	0	0.0308214
100	0	0	46	0	0	0	0.0308214	0.0423709
100	0	0	46	0	0	1	0.0423709	0.0569699
100	0	0	46	0	0	0	0.0569699	0.0691111
100	0	0	46	0	0	1	0.0691111	0.149481
100	0	0	46	0	0	0	0.149481	0.15426
100	0	0	46	0	0	1	0.15426	0.194879
100	0	0	46	0	0	0	0.194879	0.200181
100	0	0	46	0	0	1	0.200181	0.200406
100	0	0	46	0	0	0	0.200406	0.220172
100	0	0	46	0	0	1	0.220172	0.266398
100	0	0	46	0	0	0	0.266398	0.267622
100	0	0	46	0	0	1	0.267622	0.273156
100	0	0	46	0	0	0	0.273156	0.287739
100	0	0	46	0	0	1	0.287739	0.407302
100	0	0	46	0	0	0	0.407302	0.420425
100	0	0	46	0	0	1	0.420425	0.427
##	100	0	0	46	0	0
100	0	0	46	0	1	1	0	0.109141
100	0	0	46	0	1	0	0.109141	0.122485
100	0	0	46	0	1	1	0.122485	0.168335
100	0	0	46	0	1	0	0.168335	0.198077
100	0	0	46	0	1	1	0.198077	0.427
##	100	0	0	46	0	1	0.2
##	100	0	0	46	mtdna	1
100	0	0	47	0	0	1	0	0.165759
100	0	0	47	0	0	0	0.165759	0.169284
100	0	0	47	0	0	1	0.169284	0.193368
100	0	0	47	0	0	0	0.193368	0.238601
100	0	0	47	0	0	1	0.238601	0.427
##	100	0	0	47	0	0
100	0	0	47	0	1	1	0	0.0397107
100	0	0	47	0	1	0	0.0397107	0.0431711
100	0	0	47	0	1	1	0.0431711	0.205875
100	0	0	47	0	1	0	0.205875	0.231142
100	0	0	47	0	1	1	0.231142	0.248541
100	0	0	47	0	1	0	0.248541	0.249814
100	0	0	47	0	1	1	0.249814	0.296417
100	0	0	47	0	1	0	0.296417	0.313948
100	0	0	47	0	1	1	0.313948	0.427
##	100	0	0	47	0	1	0.2
##	100	0	0	47	mtdna	1
100	0	0	48	0	0	1	0	0.15602
100	0	0	48	0	0	0	0.15602	0.176414
100	0	0	48	0	0	1	0.176414	0.182677
100	0	0	48	0	0	0	0.182677	0.185748
100	0	0	48	0	0	1	0.185748	0.188102
100	0	0	48	0	0	0	0.188102	0.189152
100	0	0	48	0	0	1	0.189152	0.216558
100	0	0	48	0	0	0	0.216558	0.217089
100	0	0	48	0	0	1	0.217089	0.336904
100	0	0	48	0	0	0	0.336904	0.337624
100	0	0	48	0	0	1	0.337624	0.344242
100	0	0	48	0	0	0	0.344242	0.347138
100	0	0	48	0	0	1	0.347138	0.368234
100	0	0	48	0	0	0	0.368234	0.371367
100	0	0	48	0	0	1	0.371367	0.427
##	100	0	0	48	0	0	0.2
100	0	0	48	0	1	1	0	0.058896
100	0	0	48	0	1	0	0.058896	0.0864701
100	0	0	48	0	1	1	0.0864701	0.198865
100	0	0	48	0	1	0	0.198865	0.212537
100	0	0	48	0	1	1	0.212537	0.219471
100	0	0	48	0	1	0	0.219471	0.222095
100	0	0	48	0	1	1	0.222095	0.427
##	100	0	0	48	0	1
##	100	0	0	48	mtdna	1
100	0	0	49	0	0	1	0	0.0976487
100	0	0	49	0	0	0	0.0976487	0.124656
100	0	0	49	0	0	1	0.124656	0.165244
100	0	0	49	0	0	0	0.165244	0.244932
100	0	0	49	0	0	1	0.244932	0.427
##	100	0	0	49	0	0
100	0	0	49	0	1	1	0	0.064298
100	0	0	49	0	1	0	0.064298	0.0756362
100	0	0	49	0	1	1	0.0756362	0.0779576
100	0	0	49	0	1	0	0.0779576	0.108113
100	0	0	49	0	1	1	0.108113	0.166263
100	0	0	49	0	1	0	0.166263	0.217917
100	0	0	49	0	1	1	0.217917	0.256895
100	0	0	49	0	1	0	0.256895	0.258871
100	0	0	49	0	1	1	0.258871	0.274474
100	0	0	49	0	1	0	0.274474	0.278947
100	0	0	49	0	1	1	0.278947	0.29154
100	0	0	49	0	1	0	0.29154	0.292377
100	0	0	49	0	1	1	0.292377	0.382259
100	0	0	49	0	1	0	0.382259	0.386349
100	0	0	49	0	1	1	0.386349	0.393668
100	0	0	49	0	1	0	0.393668	0.395064
100	0	0	49	0	1	1	0.395064	0.427
##	100	0	0	49	0	1
##	100	0	0	49	mtdna	1
100	0	0	50	0	0	1	0	0.131603
100	0	0	50	0	0	0	0.131603	0.138958
100	0	0	50	0	0	1	0.138958	0.168335
100	0	0	50	0	0	0	0.168335	0.194325
100	0	0	50	0	0	1	0.194325	0.344242
100	0	0	50	0	0	0	0.344242	0.355831
100	0	0	50	0	0	1	0.355831	0.427
##	100	0	0	50	0	0	0.2
100	0	0	50	0	1	1	0	0.0527682
100	0	0	50	0	1	0	0.0527682	0.0540398
100	0	0	50	0	1	1	0.0540398	0.159794
100	0	0	50	0	1	0	0.159794	0.181586
100	0	0	50	0	1	1	0.181586	0.189008
100	0	0	50	0	1	0	0.189008	0.241807
100	0	0	50	0	1	1	0.241807	0.344114
100	0	0	50	0	1	0	0.344114	0.349014
100	0	0	50	0	1	1	0.349014	0.402925
100	0	0	50	0	1	0	0.402925	0.411363
100	0	0	50	0	1	1	0.411363	0.427
##	100	0	0	50	0	1
##	100	0	0	50	mtdna	1
100	0	0	51	0	0	1	0	0.137838
100	0	0	51	0	0	0	0.137838	0.218772
100	0	0	51	0	0	1	0.218772	0.231022
100	0	0	51	0	0	0	0.231022	0.246348
100	0	0	51	0	0	1	0.246348	0.2755
100	0	0	51	0	0	0	0.2755	0.28018
100	0	0	51	0	0	1	0.28018	0.292435
100	0	0	51	0	0	0	0.292435	0.316898
100	0	0	51	0	0	1	0.316898	0.345112
100	0	0	51	0	0	0	0.345112	0.353371
100	0	0	51	0	0	1	0.353371	0.427
##	100	0	0	51	0	0
100	0	0	51	0	1	1	0	0.180332
100	0	0	51	0	1	0	0.180332	0.188427
100	0	0	51	0	1	1	0.188427	0.192118
100	0	0	51	0	1	0	0.192118	0.196021
100	0	0	51	0	1	1	0.196021	0.258952
100	0	0	51	0	1	0	0.258952	0.261817
100	0	0	51	0	1	1	0.261817	0.291811
100	0	0	51	0	1	0	0.291811	0.298761
100	0	0	51	0	1	1	0.298761	0.357839
100	0	0	51	0	1	0	0.357839	0.357902
100	0	0	51	0	1	1	0.357902	0.427
##	100	0	0	51	0	1	0.2
##	100	0	0	51	mtdna	1
100	0	0	52	0	0	1	0	0.135835
100	0	0	52	0	0	0	0.135835	0.143192
100	0	0	52	0	0	1	0.143192	0.171975
100	0	0	52	0	0	0	0.171975	0.174874
100	0	0	52	0	0	1	0.174874	0.196117
100	0	0	52	0	0	0	0.196117	0.217957
100	0	0	52	0	0	1	0.217957	0.266726
100	0	0	52	0	0	0	0.266726	0.273005
100	0	0	52	0	0	1	0.273005	0.279076
100	0	0	52	0	0	0	0.279076	0.280126
100	0	0	52	0	0	1	0.280126	0.307134
100	0	0	52	0	0	0	0.307134	0.309275
100	0	0	52	0	0	1	0.309275	0.367863
100	0	0	52	0	0	0	0.367863	0.393232
100	0	0	52	0	0	1	0.393232	0.427
##	100	0	0	52	0	0
100	0	0	52	0	1	1	0	0.103665
100	0	0	52	0	1	0	0.103665	0.118434
100	0	0	52	0	1	1	0.118434	0.145801
100	0	0	52	0	1	0	0.145801	0.151467
100	0	0	52	0	1	1	0.151467	0.185953
100	0	0	52	0	1	0	0.185953	0.193446
100	0	0	52	0	1	1	0.193446	0.252605
100	0	0	52	0	1	0	0.252605	0.254077
100	0	0	52	0	1	1	0.254077	0.427
##	100	0	0	52	0	1	0.2
##	100	0	0	52	mtdna	1
100	0	0	53	0	0	1	0	0.0347273
100	0	0	53	0	0	0	0.0347273	0.0352098
100	0	0	53	0	0	1	0.0352098	0.151399
100	0	0	53	0	0	0	0.151399	0.158428
100	0	0	53	0	0	1	0.158428	0.191782
100	0	0	53	0	0	0	0.191782	0.202561
100	0	0	53	0	0	1	0.202561	0.335907
100	0	0	53	0	0	0	0.335907	0.349384
100	0	0	53	0	0	1	0.349384	0.427
##	100	0	0	53	0	0
100	0	0	53	0	1	1	0	0.167016
100	0	0	53	0	1	0	0.167016	0.18781
100	0	0	53	0	1	1	0.18781	0.230934
100	0	0	53	0	1	0	0.230934	0.230941
100	0	0	53	0	1	1	0.230941	0.40423
100	0	0	53	0	1	0	0.40423	0.408985
100	0	0	53	0	1	1	0.408985	0.41851
100	0	0	53	0	1	0	0.41851	0.420861
100	0	0	53	0	1	1	0.420861	0.427
##	100	0	0	53	0	1	0.2
##	100	0	0	53	mtdna	1
100	0	0	54	0	0	1	0	0.172474
100	0	0	54	0	0	0	0.172474	0.172636
100	0	0	54	0	0	1	0.172636	0.185805
100	0	0	54	0	0	0	0.185805	0.208102
100	0	0	54	0	0	1	0.208102	0.226799
100	0	0	54	0	0	0	0.226799	0.233898
100	0	0	54	0	0	1	0.233898	0.24028
100	0	0	54	0	0	0	0.24028	0.253603
100	0	0	54	0	0	1	0.253603	0.309312
100	0	0	54	0	0	0	0.309312	0.331168
100	0	0	54	0	0	1	0.331168	0.3327
100	0	0	54	0	0	0	0.3327	0.334526
100	0	0	54	0	0	1	0.334526	0.367868
100	0	0	54	0	0	0	0.367868	0.372841
100	0	0	54	0	0	1	0.372841	0.427
##	100	0	0	54	0	0
100	0	0	54	0	1	1	0	0.154147
100	0	0	54	0	1	0	0.154147	0.207026
100	0	0	54	0	1	1	0.207026	0.284012
100	0	0	54	0	1	0	0.284012	0.288714
100	0	0	54	0	1	1	0.288714	0.427
##	100	0	0	54	0	1
##	100	0	0	54	mtdna	1
100	0	0	55	0	0	1	0	0.0494981
100	0	0	55	0	0	0	0.0494981	0.0641928
100	0	0	55	0	0	1	0.0641928	0.0918362
100	0	0	55	0	0	0	0.0918362	0.104856
100	0	0	55	0	0	1	0.104856	0.162083
100	0	0	55	0	0	0	0.162083	0.177151
100	0	0	55	0	0	1	0.177151	0.204496
100	0	0	55	0	0	0	0.204496	0.2048
100	0	0	55	0	0	1	0.2048	0.215744
100	0	0	55	0	0	0	0.215744	0.216771
100	0	0	55	0	0	1	0.216771	0.283284
100	0	0	55	0	0	0	0.283284	0.301065
100	0	0	55	0	0	1	0.301065	0.31366
100	0	0	55	0	0	0	0.31366	0.31751
100	0	0	55	0	0	1	0.31751	0.427
##	100	0	0	55	0	0	0.2
100	0	0	55	0	1	1	0	0.135136
100	0	0	55	0	1	0	0.135136	0.136074
100	0	0	55	0	1	1	0.136074	0.370641
100	0	0	55	0	1	0	0.370641	0.37148
100	0	0	55	0	1	1	0.37148	0.425104
100	0	0	55	0	1	0	0.425104	0.427
##	100	0	0	55	0	1	0.2
##	100	0	0	55	mtdna	1
100	0	0	56	0	0	1	0	0.0400757
100	0	0	56	0	0	0	0.0400757	0.0467625
100	0	0	56	0	0	1	0.0467625	0.165826
100	0	0	56	0	0	0	0.165826	0.184154
100	0	0	56	0	0	1	0.184154	0.185953
100	0	0	56	0	0	0	0.185953	0.218225
100	0	0	56	0	0	1	0.218225	0.239076
100	0	0	56	0	0	0	0.239076	0.254011
100	0	0	56	0	0	1	0.254011	0.427
##	100	0	0	56	0	0
100	0	0	56	0	1	1	0	0.0399775
100	0	0	56	0	1	0	0.0399775	0.0522338
100	0	0	56	0	1	1	0.0522338	0.255042
100	0	0	56	0	1	0	0.255042	0.256677
100	0	0	56	0	1	1	0.256677	0.278049
100	0	0	56	0	1	0	0.278049	0.29277
100	0	0	56	0	1	1	0.29277	0.338936
100	0	0	56	0	1	0	0.338936	0.354203
100	0	0	56	0	1	1	0.354203	0.427
##	100	0	0	56	0	1	0.2
##	100	0	0	56	mtdna	1
100	0	0	57	0	0	1	0	0.192615
100	0	0	57	0	0	0	0.192615	0.202745
100	0	0	57	0	0	1	0.202745	0.270638
100	0	0	57	0	0	0	0.270638	0.280599
100	0	0	57	0	0	1	0.280599	0.409015
100	0	0	57	0	0	0	0.409015	0.427
##	100	0	0	57	0	0
100	0	0	57	0	1	1	0	0.0180263
100	0	0	57	0	1	0	0.0180263	0.0250857
100	0	0	57	0	1	1	0.0250857	0.0767829
100	0	0	57	0	1	0	0.0767829	0.0816451
100	0	0	57	0	1	1	0.0816451	0.1566
100	0	0	57	0	1	0	0.1566	0.164591
100	0	0	57	0	1	1	0.164591	0.170629
100	0	0	57	0	1	0	0.170629	0.177872
100	0	0	57	0	1	1	0.177872	0.210776
100	0	0	57	0	1	0	0.210776	0.236884
100	0	0	57	0	1	1	0.236884	0.259301
100	0	0	57	0	1	0	0.259301	0.286444
100	0	0	57	0	1	1	0.286444	0.427
##	100	0	0	57	0	1	0.2
##	100	0	0	57	mtdna	1
100	0	0	58	0	0	1	0	0.0771439
100	0	0	58	0	0	0	0.0771439	0.087875
100	0	0	58	0	0	1	0.087875	0.165244
100	0	0	58	0	0	0	0.165244	0.21623
100	0	0	58	0	0	1	0.21623	0.224969
100	0	0	58	0	0	0	0.224969	0.288435
100	0	0	58	0	0	1	0.288435	0.393407
100	0	0	58	0	0	0	0.393407	0.427
##	100	0	0	58	0	0
100	0	0	58	0	1	1	0	0.186153
100	0	0	58	0	1	0	0.186153	0.212258
100	0	0	58	0	1	1	0.212258	0.213285
100	0	0	58	0	1	0	0.213285	0.225909
100	0	0	58	0	1	1	0.225909	0.293043
100	0	0	58	0	1	0	0.293043	0.298092
100	0	0	58	0	1	1	0.298092	0.301436
100	0	0	58	0	1	0	0.301436	0.329579
100	0	0	58	0	1	1	0.329579	0.427
##	100	0	0	58	0	1
##	100	0	0	58	mtdna	0
100	0	0	59	0	0	1	0	0.0560138
100	0	0	59	0	0	0	0.0560138	0.0691905
100	0	0	59	0	0	1	0.0691905	0.179843
100	0	0	59	0	0	0	0.179843	0.188217
100	0	0	59	0	0	1	0.188217	0.193037
100	0	0	59	0	0	0	0.193037	0.20614
100	0	0	59	0	0	1	0.20614	0.274105
100	0	0	59	0	0	0	0.274105	0.288259
100	0	0	59	0	0	1	0.288259	0.309335
100	0	0	59	0	0	0	0.309335	0.309495
100	0	0	59	0	0	1	0.309495	0.320509
100	0	0	59	0	0	0	0.320509	0.366099
100	0	0	59	0	0	1	0.366099	0.427
##	100	0	0	59	0	0
100	0	0	59	0	1	1	0	0.0531685
100	0	0	59	0	1	0	0.0531685	0.0534731
100	0	0	59	0	1	1	0.0534731	0.107301
100	0	0	59	0	1	0	0.107301	0.11355
100	0	0	59	0	1	1	0.11355	0.153853
100	0	0	59	0	1	0	0.153853	0.18121
100	0	0	59	0	1	1	0.18121	0.221938
100	0	0	59	0	1	0	0.221938	0.244577
100	0	0	59	0	1	1	0.244577	0.262046
100	0	0	59	0	1	0	0.262046	0.271505
100	0	0	59	0	1	1	0.271505	0.427
##	100	0	0	59	0	1	0.2
##	100	0	0	59	mtdna	1
100	0	0	60	0	0	1	0	0.0365192
100	0	0	60	0	0	0	0.0365192	0.052458
100	0	0	60	0	0	1	0.052458	0.237416
100	0	0	60	0	0	0	0.237416	0.243731
100	0	0	60	0	0	1	0.243731	0.262979
100	0	0	60	0	0	0	0.262979	0.269207
100	0	0	60	0	0	1	0.269207	0.39511
100	0	0	60	0	0	0	0.39511	0.396592
100	0	0	60	0	0	1	0.396592	0.427
##	100	0	0	60	0	0	0.2
100	0	0	60	0	1	1	0	0.172228
100	0	0	60	0	1	0	0.172228	0.180563
100	0	0	60	0	1	1	0.180563	0.189027
100	0	0	60	0	1	0	0.189027	0.215316
100	0	0	60	0	1	1	0.215316	0.241882
100	0	0	60	0	1	0	0.241882	0.244085
100	0	0	60	0	1	1	0.244085	0.427
##	100	0	0	60	0	1
##	100	0	0	60	mtdna	1
100	0	0	61	0	0	1	0	0.11425
100	0	0	61	0	0	0	0.11425	0.117388
100	0	0	61	0	0	1	0.117388	0.166957
100	0	0	61	0	0	0	0.166957	0.167131
100	0	0	61	0	0	1	0.167131	0.197084
100	0	0	61	0	0	0	0.197084	0.208223
100	0	0	61	0	0	1	0.208223	0.379864
100	0	0	61	0	0	0	0.379864	0.380937
100	0	0	61	0	0	1	0.380937	0.403571
100	0	0	61	0	0	0	0.403571	0.410988
100	0	0	61	0	0	1	0.410988	0.422703
100	0	0	61	0	0	0	0.422703	0.427
##	100	0	0	61	0	0
100	0	0	61	0	1	1	0	0.110089
100	0	0	61	0	1	0	0.110089	0.119063
100	0	0	61	0	1	1	0.119063	0.165826
100	0	0	61	0	1	0	0.165826	0.185835
100	0	0	61	0	1	1	0.185835	0.196351
100	0	0	61	0	1	0	0.196351	0.200606
100	0	0	61	0	1	1	0.200606	0.341566
100	0	0	61	0	1	0	0.341566	0.342383
100	0	0	61	0	1	1	0.342383	0.427
##	100	0	0	61	0	1
##	100	0	0	61	mtdna	0
100	0	0	62	0	0	0	0	0.02581
100	0	0	62	0	0	1	0.02581	0.0380061
100	0	0	62	0	0	0	0.0380061	0.0388658
100	0	0	62	0	0	1	0.0388658	0.0691005
100	0	0	62	0	0	0	0.0691005	0.0712819
100	0	0	62	0	0	1	0.0712819	0.166749
100	0	0	62	0	0	0	0.166749	0.177376
100	0	0	62	0	0	1	0.177376	0.187809
100	0	0	62	0	0	0	0.187809	0.202102
100	0	0	62	0	0	1	0.202102	0.240256
100	0	0	62	0	0	0	0.240256	0.245185
100	0	0	62	0	0	1	0.245185	0.261608
100	0	0	62	0	0	0	0.261608	0.267692
100	0	0	62	0	0	1	0.267692	0.374267
100	0	0	62	0	0	0	0.374267	0.377548
100	0	0	62	0	0	1	0.377548	0.427
##	100	0	0	62	0	0
100	0	0	62	0	1	1	0	0.0543903
100	0	0	62	0	1	0	0.0543903	0.0586189
100	0	0	62	0	1	1	0.0586189	0.1863
100	0	0	62	0	1	0	0.1863	0.188011
100	0	0	62	0	1	1	0.188011	0.198209
100	0	0	62	0	1	0	0.198209	0.209156
100	0	0	62	0	1	1	0.209156	0.427
##	100	0	0	62	0	1
##	100	0	0	62	mtdna	0
100	0	0	63	0	0	1	0	0.0621414
100	0	0	63	0	0	0	0.0621414	0.0709343
100	0	0	63	0	0	1	0.0709343	0.166075
100	0	0	63	0	0	0	0.166075	0.168013
100	0	0	63	0	0	1	0.168013	0.169772
100	0	0	63	0	0	0	0.169772	0.169991
100	0	0	63	0	0	1	0.169991	0.182149
100	0	0	63	0	0	0	0.182149	0.201833
100	0	0	63	0	0	1	0.201833	0.215962
100	0	0	63	0	0	0	0.215962	0.236
100	0	0	63	0	0	1	0.236	0.257282
100	0	0	63	0	0	0	0.257282	0.261299
100	0	0	63	0	0	1	0.261299	0.405626
100	0	0	63	0	0	0	0.405626	0.419986
100	0	0	63	0	0	1	0.419986	0.427
##	100	0	0	63	0	0
100	0	0	63	0	1	1	0	0.0688004
100	0	0	63	0	1	0	0.0688004	0.0707973
100	0	0	63	0	1	1	0.0707973	0.132889
100	0	0	63	0	1	0	0.132889	0.159962
100	0	0	63	0	1	1	0.159962	0.213049
100	0	0	63	0	1	0	0.213049	0.224421
100	0	0	63	0	1	1	0.224421	0.239005
100	0	0	63	0	1	0	0.239005	0.255748
100	0	0	63	0	1	1	0.255748	0.263034
100	0	0	63	0	1	0	0.263034	0.279048
100	0	0	63	0	1	1	0.279048	0.295181
100	0	0	63	0	1	0	0.295181	0.296634
100	0	0	63	0	1	1	0.296634	0.427
##	100	0	0	63	0	1	0.2
##	100	0	0	63	mtdna	0
100	0	0	64	0	0	1	0	0.00134709
100	0	0	64	0	0	0	0.00134709	0.0079567
100	0	0	64	0	0	1	0.0079567	0.0765837
100	0	0	64	0	0	0	0.0765837	0.0853454
100	0	0	64	0	0	1	0.0853454	0.180292
100	0	0	64	0	0	0	0.180292	0.180907
100	0	0	64	0	0	1	0.180907	0.190795
100	0	0	64	0	0	0	0.190795	0.201626
100	0	0	64	0	0	1	0.201626	0.206645
100	0	0	64	0	0	0	0.206645	0.20782
100	0	0	64	0	0	1	0.20782	0.230656
100	0	0	64	0	0	0	0.230656	0.237279
100	0	0	64	0	0	1	0.237279	0.427
##	100	0	0	64	0	0
100	0	0	64	0	1	1	0	0.0431736
100	0	0	64	0	1	0	0.0431736	0.0487754
100	0	0	64	0	1	1	0.0487754	0.182027
100	0	0	64	0	1	0	0.182027	0.216314
100	0	0	64	0	1	1	0.216314	0.409015
100	0	0	64	0	1	0	0.409015	0.427
##	100	0	0	64	0	1
##	100	0	0	64	mtdna	1
100	0	0	65	0	0	1	0	0.0930342
100	0	0	65	0	0	0	0.0930342	0.0970121
100	0	0	65	0	0	1	0.0970121	0.147424
100	0	0	65	0	0	0	0.147424	0.154931
100	0	0	65	0	0	1	0.154931	0.240197
100	0	0	65	0	0	0	0.240197	0.244382
100	0	0	65	0	0	1	0.244382	0.30412
100	0	0	65	0	0	0	0.30412	0.341144
100	0	0	65	0	0	1	0.341144	0.363751
100	0	0	65	0	0	0	0.363751	0.372545
100	0	0	65	0	0	1	0.372545	0.426454
100	0	0	65	0	0	0	0.426454	0.427
##	100	0	0	65	0	0	0.2
100	0	0	65	0	1	1	0	0.169403
100	0	0	65	0	1	0	0.169403	0.17248
100	0	0	65	0	1	1	0.17248	0.19925
100	0	0	65	0	1	0	0.19925	0.207608
100	0	0	65	0	1	1	0.207608	0.211337
100	0	0	65	0	1	0	0.211337	0.22511
100	0	0	65	0	1	1	0.22511	0.401627
100	0	0	65	0	1	0	0.401627	0.427
##	100	0	0	65	0	1
##	100	0	0	65	mtdna	1
100	0	0	66	0	0	1	0	0.213278
100	0	0	66	0	0	0	0.213278	0.224052
100	0	0	66	0	0	1	0.224052	0.252237
100	0	0	66	0	0	0	0.252237	0.264166
100	0	0	66	0	0	1	0.264166	0.28745
100	0	0	66	0	0	0	0.28745	0.289232
100	0	0	66	0	0	1	0.289232	0.407806
100	0	0	66	0	0	0	0.407806	0.411466
100	0	0	66	0	0	1	0.411466	0.427
##	100	0	0	66	0	0	0.2
100	0	0	66	0	1	1	0	0.124147
100	0	0	66	0	1	0	0.124147	0.139373
100	0	0	66	0	1	1	0.139373	0.197084
100	0	0	66	0	1	0	0.197084	0.203836
100	0	0	66	0	1	1	0.203836	0.32596
100	0	0	66	0	1	0	0.32596	0.327483
100	0	0	66	0	1	1	0.327483	0.427
##	100	0	0	66	0	1
##	100	0	0	66	mtdna	1
100	0	0	67	0	0	1	0	0.12321
100	0	0	67	0	0	0	0.12321	0.124962
100	0	0	67	0	0	1	0.124962	0.213666
100	0	0	67	0	0	0	0.213666	0.213788
100	0	0	67	0	0	1	0.213788	0.232107
100	0	0	67	0	0	0	0.232107	0.234067
100	0	0	67	0	0	1	0.234067	0.272229
100	0	0	67	0	0	0	0.272229	0.280728
100	0	0	67	0	0	1	0.280728	0.303609
100	0	0	67	0	0	0	0.303609	0.314898
100	0	0	67	0	0	1	0.314898	0.356027
100	0	0	67	0	0	0	0.356027	0.377031
100	0	0	67	0	0	1	0.377031	0.408986
100	0	0	67	0	0	0	0.408986	0.409946
100	0	0	67	0	0	1	0.409946	0.427
##	100	0	0	67	0	0	0.2
100	0	0	67	0	1	1	0	0.0122896
100	0	0	67	0	1	0	0.0122896	0.0168853
100	0	0	67	0	1	1	0.0168853	0.0640474
100	0	0	67	0	1	0	0.0640474	0.0663897
100	0	0	67	0	1	1	0.0663897	0.194738
100	0	0	67	0	1	0	0.194738	0.218966
100	0	0	67	0	1	1	0.218966	0.427
##	100	0	0	67	0	1
##	100	0	0	67	mtdna	1
100	0	0	68	0	0	1	0	0.148804
100	0	0	68	0	0	0	0.148804	0.163089
100	0	0	68	0	0	1	0.163089	0.176485
100	0	0	68	0	0	0	0.176485	0.18756
100	0	0	68	0	0	1	0.18756	0.251639
100	0	0	68	0	0	0	0.251639	0.256751
100	0	0	68	0	0	1	0.256751	0.269018
100	0	0	68	0	0	0	0.269018	0.270873
100	0	0	68	0	0	1	0.270873	0.278182
100	0	0	68	0	0	0	0.278182	0.278268
100	0	0	68	0	0	1	0.278268	0.287922
100	0	0	68	0	0	0	0.287922	0.315237
100	0	0	68	0	0	1	0.315237	0.36971
100	0	0	68	0	0	0	0.36971	0.392702
100	0	0	68	0	0	1	0.392702	0.427
##	100	0	0	68	0	0	0.2
100	0	0	68	0	1	1	0	0.151399
100	0	0	68	0	1	0	0.151399	0.152916
100	0	0	68	0	1	1	0.152916	0.298119
100	0	0	68	0	1	0	0.298119	0.304304
100	0	0	68	0	1	1	0.304304	0.377865
100	0	0	68	0	1	0	0.377865	0.393296
100	0	0	68	0	1	1	0.393296	0.427
##	100	0	0	68	0	1	0.2
##	100	0	0	68	mtdna	1
100	0	0	69	0	0	1	0	0.12434
100	0	0	69	0	0	0	0.12434	0.134503
100	0	0	69	0	0	1	0.134503	0.194532
100	0	0	69	0	0	0	0.194532	0.214112
100	0	0	69	0	0	1	0.214112	0.230656
100	0	0	69	0	0	0	0.230656	0.237279
100	0	0	69	0	0	1	0.237279	0.427
##	100	0	0	69	0	0
100	0	0	69	0	1	1	0	0.0280216
100	0	0	69	0	1	0	0.0280216	0.0458568
100	0	0	69	0	1	1	0.0458568	0.165013
100	0	0	69	0	1	0	0.165013	0.169686
100	0	0	69	0	1	1	0.169686	0.18329
100	0	0	69	0	1	0	0.18329	0.185219
100	0	0	69	0	1	1	0.185219	0.19302
100	0	0	69	0	1	0	0.19302	0.221571
100	0	0	69	0	1	1	0.221571	0.288867
100	0	0	69	0	1	0	0.288867	0.297515
100	0	0	69	0	1	1	0.297515	0.371857
100	0	0	69	0	1	0	0.371857	0.380937
100	0	0	69	0	1	1	0.380937	0.396104
100	0	0	69	0	1	0	0.396104	0.399095
100	0	0	69	0	1	1	0.399095	0.427
##	100	0	0	69	0	1
##	100	0	0	69	mtdna	1
100	0	0	70	0	0	0	0	0.000354245
100	0	0	70	0	0	1	0.000354245	0.125994
100	0	0	70	0	0	0	0.125994	0.132055
100	0	0	70	0	0	1	0.132055	0.148043
100	0	0	70	0	0	0	0.148043	0.169032
100	0	0	70	0	0	1	0.169032	0.213666
100	0	0	70	0	0	0	0.213666	0.213788
100	0	0	70	0	0	1	0.213788	0.226351
100	0	0	70	0	0	0	0.226351	0.234608
100	0	0	70	0	0	1	0.234608	0.25585
100	0	0	70	0	0	0	0.25585	0.260523
100	0	0	70	0	0	1	0.260523	0.280232
100	0	0	70	0	0	0	0.280232	0.292077
100	0	0	70	0	0	1	0.292077	0.298112
100	0	0	70	0	0	0	0.298112	0.30262
100	0	0	70	0	0	1	0.30262	0.379583
100	0	0	70	0	0	0	0.379583	0.380273
100	0	0	70	0	0	1	0.380273	0.427
##	100	0	0	70	0	0	0.2
100	0	0	70	0	1	1	0	0.104907
100	0	0	70	0	1	0	0.104907	0.114201
100	0	0	70	0	1	1	0.114201	0.154147
100	0	0	70	0	1	0	0.154147	0.15732
100	0	0	70	0	1	1	0.15732	0.175488
100	0	0	70	0	1	0	0.175488	0.180554
100	0	0	70	0	1	1	0.180554	0.181349
100	0	0	70	0	1	0	0.181349	0.19614
100	0	0	70	0	1	1	0.19614	0.206756
100	0	0	70	0	1	0	0.206756	0.212899
100	0	0	70	0	1	1	0.212899	0.216985
100	0	0	70	0	1	0	0.216985	0.238478
100	0	0	70	0	1	1	0.238478	0.427
##	100	0	0	70	0	1	0.2
##	100	0	0	70	mtdna	1
100	0	0	71	0	0	1	0	0.178373
100	0	0	71	0	0	0	0.178373	0.179187
100	0	0	71	0	0	1	0.179187	0.204781
100	0	0	71	0	0	0	0.204781	0.226118
100	0	0	71	0	0	1	0.226118	0.254359
100	0	0	71	0	0	0	0.254359	0.26392
100	0	0	71	0	0	1	0.26392	0.368978
100	0	0	71	0	0	0	0.368978	0.369372
100	0	0	71	0	0	1	0.369372	0.371013
100	0	0	71	0	0	0	0.371013	0.375943
100	0	0	71	0	0	1	0.375943	0.400147
100	0	0	71	0	0	0	0.400147	0.415393
100	0	0	71	0	0	1	0.415393	0.427
##	100	0	0	71	0	0	0.2
100	0	0	71	0	1	0	0	0.0149907
100	0	0	71	0	1	1	0.0149907	0.0199665
100	0	0	71	0	1	0	0.0199665	0.0361693
100	0	0	71	0	1	1	0.0361693	0.150507
100	0	0	71	0	1	0	0.150507	0.191805
100	0	0	71	0	1	1	0.191805	0.214772
100	0	0	71	0	1	0	0.214772	0.236623
100	0	0	71	0	1	1	0.236623	0.427
##	100	0	0	71	0	1	0.2
##	100	0	0	71	mtdna	1
100	0	0	72	0	0	1	0	0.129264
100	0	0	72	0	0	0	0.129264	0.144125
100	0	0	72	0	0	1	0.144125	0.184983
100	0	0	72	0	0	0	0.184983	0.186359
100	0	0	72	0	0	1	0.186359	0.197081
100	0	0	72	0	0	0	0.197081	0.252266
100	0	0	72	0	0	1	0.252266	0.281333
100	0	0	72	0	0	0	0.281333	0.284883
100	0	0	72	0	0	1	0.284883	0.409531
100	0	0	72	0	0	0	0.409531	0.4149
100	0	0	72	0	0	1	0.4149	0.427
##	100	0	0	72	0	0
100	0	0	72	0	1	1	0	0.1208
100	0	0	72	0	1	0	0.1208	0.121848
100	0	0	72	0	1	1	0.121848	0.155953
100	0	0	72	0	1	0	0.155953	0.175328
100	0	0	72	0	1	1	0.175328	0.427
##	100	0	0	72	0	1	0.2
##	100	0	0	72	mtdna	1
100	0	0	73	0	0	0	0	0.00655471
100	0	0	73	0	0	1	0.00655471	0.188391
100	0	0	73	0	0	0	0.188391	0.209534
100	0	0	73	0	0	1	0.209534	0.283453
100	0	0	73	0	0	0	0.283453	0.295038
100	0	0	73	0	0	1	0.295038	0.413608
100	0	0	73	0	0	0	0.413608	0.420484
100	0	0	73	0	0	1	0.420484	0.427
##	100	0	0	73	0	0
100	0	0	73	0	1	1	0	0.0912029
100	0	0	73	0	1	0	0.0912029	0.09155
100	0	0	73	0	1	1	0.09155	0.167687
100	0	0	73	0	1	0	0.167687	0.176461
100	0	0	73	0	1	1	0.176461	0.35811
100	0	0	73	0	1	0	0.35811	0.365516
100	0	0	73	0	1	1	0.365516	0.414379
100	0	0	73	0	1	0	0.414379	0.427
##	100	0	0	73	0	1	0.2
##	100	0	0	73	mtdna	0
100	0	0	74	0	0	1	0	0.0480405
100	0	0	74	0	0	0	0.0480405	0.0809384
100	0	0	74	0	0	1	0.0809384	0.16833
100	0	0	74	0	0	0	0.16833	0.190059
100	0	0	74	0	0	1	0.190059	0.193527
100	0	0	74	0	0	0	0.193527	0.204599
100	0	0	74	0	0	1	0.204599	0.216039
100	0	0	74	0	0	0	0.216039	0.218311
100	0	0	74	0	0	1	0.218311	0.341674
100	0	0	74	0	0	0	0.341674	0.347763
100	0	0	74	0	0	1	0.347763	0.427
##	100	0	0	74	0	0
100	0	0	74	0	1	1	0	0.0765263
100	0	0	74	0	1	0	0.0765263	0.0823074
100	0	0	74	0	1	1	0.0823074	0.195021
100	0	0	74	0	1	0	0.195021	0.215202
100	0	0	74	0	1	1	0.215202	0.239372
100	0	0	74	0	1	0	0.239372	0.240239
100	0	0	74	0	1	1	0.240239	0.264311
100	0	0	74	0	1	0	0.264311	0.284282
100	0	0	74	0	1	1	0.284282	0.427
##	100	0	0	74	0	1
##	100	0	0	74	mtdna	1
100	0	0	75	0	0	0	0	0.0264584
100	0	0	75	0	0	1	0.0264584	0.149389
100	0	0	75	0	0	0	0.149389	0.172353
100	0	0	75	0	0	1	0.172353	0.18319
100	0	0	75	0	0	0	0.18319	0.199567
100	0	0	75	0	0	1	0.199567	0.239274
100	0	0	75	0	0	0	0.239274	0.241868
100	0	0	75	0	0	1	0.241868	0.283467
100	0	0	75	0	0	0	0.283467	0.286227
100	0	0	75	0	0	1	0.286227	0.427
##	100	0	0	75	0	0	0.2
100	0	0	75	0	1	1	0	0.0621414
100	0	0	75	0	1	0	0.0621414	0.0709343
100	0	0	75	0	1	1	0.0709343	0.166075
100	0	0	75	0	1	0	0.166075	0.168013
100	0	0	75	0	1	1	0.168013	0.169772
100	0	0	75	0	1	0	0.169772	0.169991
100	0	0	75	0	1	1	0.169991	0.182149
100	0	0	75	0	1	0	0.182149	0.200129
100	0	0	75	0	1	1	0.200129	0.201167
100	0	0	75	0	1	0	0.201167	0.208121
100	0	0	75	0	1	1	0.208121	0.245127
100	0	0	75	0	1	0	0.245127	0.254011
100	0	0	75	0	1	1	0.254011	0.320944
100	0	0	75	0	1	0	0.320944	0.32361
100	0	0	75	0	1	1	0.32361	0.363764
100	0	0	75	0	1	0	0.363764	0.394741
100	0	0	75	0	1	1	0.394741	0.418843
100	0	0	75	0	1	0	0.418843	0.427
##	100	0	0	75	0	1
##	100	0	0	75	mtdna	1
100	0	0	76	0	0	0	0	0.00161098
100	0	0	76	0	0	1	0.00161098	0.123561
100	0	0	76	0	0	0	0.123561	0.12399
100	0	0	76	0	0	1	0.12399	0.126203
100	0	0	76	0	0	0	0.126203	0.151069
100	0	0	76	0	0	1	0.151069	0.17965
100	0	0	76	0	0	0	0.17965	0.180974
100	0	0	76	0	0	1	0.180974	0.197084
100	0	0	76	0	0	0	0.197084	0.206699
100	0	0	76	0	0	1	0.206699	0.217855
100	0	0	76	0	0	0	0.217855	0.233559
100	0	0	76	0	0	1	0.233559	0.324314
100	0	0	76	0	0	0	0.324314	0.343001
100	0	0	76	0	0	1	0.343001	0.427
##	100	0	0	76	0	0
100	0	0	76	0	1	1	0	0.00283629
100	0	0	76	0	1	0	0.00283629	0.0105708
100	0	0	76	0	1	1	0.0105708	0.0228112
100	0	0	76	0	1	0	0.0228112	0.0426866
100	0	0	76	0	1	1	0.0426866	0.19292
100	0	0	76	0	1	0	0.19292	0.233699
100	0	0	76	0	1	1	0.233699	0.249004
100	0	0	76	0	1	0	0.249004	0.275764
100	0	0	76	0	1	1	0.275764	0.325879
100	0	0	76	0	1	0	0.325879	0.334466
100	0	0	76	0	1	1	0.334466	0.361189
100	0	0	76	0	1	0	0.361189	0.361903
100	0	0	76	0	1	1	0.361903	0.427
##	100	0	0	76	0	1
##	100	0	0	76	mtdna	1
100	0	0	77	0	0	1	0	0.187199
100	0	0	77	0	0	0	0.187199	0.195625
100	0	0	77	0	0	1	0.195625	0.199137
100	0	0	77	0	0	0	0.199137	0.201973
100	0	0	77	0	0	1	0.201973	0.211456
100	0	0	77	0	0	0	0.211456	0.21319
100	0	0	77	0	0	1	0.21319	0.427
##	100	0	0	77	0	0
100	0	0	77	0	1	1	0	0.171492
100	0	0	77	0	1	0	0.171492	0.176995
100	0	0	77	0	1	1	0.176995	0.197118
100	0	0	77	0	1	0	0.197118	0.20934
100	0	0	77	0	1	1	0.20934	0.248384
100	0	0	77	0	1	0	0.248384	0.249087
100	0	0	77	0	1	1	0.249087	0.427
##	100	0	0	77	0	1
##	100	0	0	77	mtdna	1
100	0	0	78	0	0	1	0	0.186153
100	0	0	78	0	0	0	0.186153	0.233853
100	0	0	78	0	0	1	0.233853	0.2661
100	0	0	78	0	0	0	0.2661	0.296939
100	0	0	78	0	0	1	0.296939	0.352072
100	0	0	78	0	0	0	0.352072	0.352428
100	0	0	78	0	0	1	0.352428	0.427
##	100	0	0	78	0	0
100	0	0	78	0	1	1	0	0.0849653
100	0	0	78	0	1	0	0.0849653	0.0919962
100	0	0	78	0	1	1	0.0919962	0.173383
100	0	0	78	0	1	0	0.173383	0.173447
100	0	0	78	0	1	1	0.173447	0.179843
100	0	0	78	0	1	0	0.179843	0.20741
100	0	0	78	0	1	1	0.20741	0.427
##	100	0	0	78	0	1
##	100	0	0	78	mtdna	1
100	0	0	79	0	0	0	0	0.0135734
100	0	0	79	0	0	1	0.0135734	0.11002
100	0	0	79	0	0	0	0.11002	0.156783
100	0	0	79	0	0	1	0.156783	0.166556
100	0	0	79	0	0	0	0.166556	0.17675
100	0	0	79	0	0	1	0.17675	0.213291
100	0	0	79	0	0	0	0.213291	0.217641
100	0	0	79	0	0	1	0.217641	0.342675
100	0	0	79	0	0	0	0.342675	0.351597
100	0	0	79	0	0	1	0.351597	0.427
##	100	0	0	79	0	0	0.2
100	0	0	79	0	1	1	0	0.128651
100	0	0	79	0	1	0	0.128651	0.15906
100	0	0	79	0	1	1	0.15906	0.224053
100	0	0	79	0	1	0	0.224053	0.229979
100	0	0	79	0	1	1	0.229979	0.427
##	100	0	0	79	0	1	0.2
##	100	0	0	79	mtdna	1
100	0	0	80	0	0	1	0	0.0641458
100	0	0	80	0	0	0	0.0641458	0.065101
100	0	0	80	0	0	1	0.065101	0.0810196
100	0	0	80	0	0	0	0.0810196	0.0992151
100	0	0	80	0	0	1	0.0992151	0.190423
100	0	0	80	0	0	0	0.190423	0.200349
100	0	0	80	0	0	1	0.200349	0.213049
100	0	0	80	0	0	0	0.213049	0.240239
100	0	0	80	0	0	1	0.240239	0.240438
100	0	0	80	0	0	0	0.240438	0.258609
100	0	0	80	0	0	1	0.258609	0.265558
100	0	0	80	0	0	0	0.265558	0.267314
100	0	0	80	0	0	1	0.267314	0.308801
100	0	0	80	0	0	0	0.308801	0.319053
100	0	0	80	0	0	1	0.319053	0.33543
100	0	0	80	0	0	0	0.33543	0.356926
100	0	0	80	0	0	1	0.356926	0.376951
100	0	0	80	0	0	0	0.376951	0.377253
100	0	0	80	0	0	1	0.377253	0.427
##	100	0	0	80	0	0
100	0	0	80	0	1	1	0	0.0531685
100	0	0	80	0	1	0	0.0531685	0.0534731
100	0	0	80	0	1	1	0.0534731	0.197581
100	0	0	80	0	1	0	0.197581	0.224715
100	0	0	80	0	1	1	0.224715	0.308309
100	0	0	80	0	1	0	0.308309	0.318459
100	0	0	80	0	1	1	0.318459	0.330927
100	0	0	80	0	1	0	0.330927	0.345767
100	0	0	80	0	1	1	0.345767	0.427
##	100	0	0	80	0	1
##	100	0	0	80	mtdna	1
100	0	0	81	0	0	0	0	0.0100167
100	0	0	81	0	0	1	0.0100167	0.180289
100	0	0	81	0	0	0	0.180289	0.209612
100	0	0	81	0	0	1	0.209612	0.381744
100	0	0	81	0	0	0	0.381744	0.385898
100	0	0	81	0	0	1	0.385898	0.416078
100	0	0	81	0	0	0	0.416078	0.418072
100	0	0	81	0	0	1	0.418072	0.427
##	100	0	0	81	0	0
100	0	0	81	0	1	1	0	0.427
##	100	0	0	81	0	1	0.2
##	100	0	0	81	mtdna	1
100	0	0	82	0	0	1	0	0.107405
100	0	0	82	0	0	0	0.107405	0.120735
100	0	0	82	0	0	1	0.120735	0.170773
100	0	0	82	0	0	0	0.170773	0.224904
100	0	0	82	0	0	1	0.224904	0.427
##	100	0	0	82	0	0
100	0	0	82	0	1	1	0	0.0555018
100	0	0	82	0	1	0	0.0555018	0.0574933
100	0	0	82	0	1	1	0.0574933	0.122015
100	0	0	82	0	1	0	0.122015	0.154616
100	0	0	82	0	1	1	0.154616	0.164478
100	0	0	82	0	1	0	0.164478	0.170283
100	0	0	82	0	1	1	0.170283	0.173097
100	0	0	82	0	1	0	0.173097	0.181543
100	0	0	82	0	1	1	0.181543	0.207867
100	0	0	82	0	1	0	0.207867	0.210913
100	0	0	82	0	1	1	0.210913	0.372411
100	0	0	82	0	1	0	0.372411	0.372941
100	0	0	82	0	1	1	0.372941	0.427
##	100	0	0	82	0	1	0.2
##	100	0	0	82	mtdna	1
100	0	0	83	0	0	1	0	0.0290644
100	0	0	83	0	0	0	0.0290644	0.032963
100	0	0	83	0	0	1	0.032963	0.148704
100	0	0	83	0	0	0	0.148704	0.158188
100	0	0	83	0	0	1	0.158188	0.169554
100	0	0	83	0	0	0	0.169554	0.174225
100	0	0	83	0	0	1	0.174225	0.197118
100	0	0	83	0	0	0	0.197118	0.20934
100	0	0	83	0	0	1	0.20934	0.22112
100	0	0	83	0	0	0	0.22112	0.224904
100	0	0	83	0	0	1	0.224904	0.427
##	100	0	0	83	0	0
100	0	0	83	0	1	1	0	0.00748483
100	0	0	83	0	1	0	0.00748483	0.010186
100	0	0	83	0	1	1	0.010186	0.0135964
100	0	0	83	0	1	0	0.0135964	0.0390389
100	0	0	83	0	1	1	0.0390389	0.207297
100	0	0	83	0	1	0	0.207297	0.211809
100	0	0	83	0	1	1	0.211809	0.427
##	100	0	0	83	0	1	0.2
##	100	0	0	83	mtdna	1
100	0	0	84	0	0	1	0	0.127791
100	0	0	84	0	0	0	0.127791	0.128039
100	0	0	84	0	0	1	0.128039	0.143567
100	0	0	84	0	0	0	0.143567	0.157202
100	0	0	84	0	0	1	0.157202	0.248384
100	0	0	84	0	0	0	0.248384	0.25194
100	0	0	84	0	0	1	0.25194	0.427
##	100	0	0	84	0	0	0.2
100	0	0	84	0	1	1	0	0.130656
100	0	0	84	0	1	0	0.130656	0.134071
100	0	0	84	0	1	1	0.134071	0.156358
100	0	0	84	0	1	0	0.156358	0.156456
100	0	0	84	0	1	1	0.156456	0.201457
100	0	0	84	0	1	0	0.201457	0.217295
100	0	0	84	0	1	1	0.217295	0.27109
100	0	0	84	0	1	0	0.27109	0.321504
100	0	0	84	0	1	1	0.321504	0.351818
100	0	0	84	0	1	0	0.351818	0.372559
100	0	0	84	0	1	1	0.372559	0.427
##	100	0	0	84	0	1	0.2
##	100	0	0	84	mtdna	1
100	0	0	85	0	0	1	0	0.0918362
100	0	0	85	0	0	0	0.0918362	0.105039
100	0	0	85	0	0	1	0.105039	0.165826
100	0	0	85	0	0	0	0.165826	0.184154
100	0	0	85	0	0	1	0.184154	0.185953
100	0	0	85	0	0	0	0.185953	0.220006
100	0	0	85	0	0	1	0.220006	0.314673
100	0	0	85	0	0	0	0.314673	0.322773
100	0	0	85	0	0	1	0.322773	0.427
##	100	0	0	85	0	0
100	0	0	85	0	1	1	0	0.185653
100	0	0	85	0	1	0	0.185653	0.201377
100	0	0	85	0	1	1	0.201377	0.370641
100	0	0	85	0	1	0	0.370641	0.37148
100	0	0	85	0	1	1	0.37148	0.427
##	100	0	0	85	0	1
##	100	0	0	85	mtdna	1
100	0	0	86	0	0	1	0	0.0455076
100	0	0	86	0	0	0	0.0455076	0.0463636
100	0	0	86	0	0	1	0.0463636	0.0532427
100	0	0	86	0	0	0	0.0532427	0.0538667
100	0	0	86	0	0	1	0.0538667	0.108669
100	0	0	86	0	0	0	0.108669	0.117466
100	0	0	86	0	0	1	0.117466	0.129264
100	0	0	86	0	0	0	0.129264	0.144125
100	0	0	86	0	0	1	0.144125	0.427
##	100	0	0	86	0	0	0.2
100	0	0	86	0	1	1	0	0.0113284
100	0	0	86	0	1	0	0.0113284	0.0233074
100	0	0	86	0	1	1	0.0233074	0.0291772
100	0	0	86	0	1	0	0.0291772	0.0310825
100	0	0	86	0	1	1	0.0310825	0.0854701
100	0	0	86	0	1	0	0.0854701	0.102341
100	0	0	86	0	1	1	0.102341	0.157133
100	0	0	86	0	1	0	0.157133	0.201246
100	0	0	86	0	1	1	0.201246	0.29473
100	0	0	86	0	1	0	0.29473	0.297515
100	0	0	86	0	1	1	0.297515	0.427
##	100	0	0	86	0	1
##	100	0	0	86	mtdna	1
100	0	0	87	0	0	1	0	0.00608672
100	0	0	87	0	0	0	0.00608672	0.0153719
100	0	0	87	0	0	1	0.0153719	0.0519701
100	0	0	87	0	0	0	0.0519701	0.0565485
100	0	0	87	0	0	1	0.0565485	0.0616551
100	0	0	87	0	0	0	0.0616551	0.0778182
100	0	0	87	0	0	1	0.0778182	0.197581
100	0	0	87	0	0	0	0.197581	0.20693
100	0	0	87	0	0	1	0.20693	0.212164
100	0	0	87	0	0	0	0.212164	0.222304
100	0	0	87	0	0	1	0.222304	0.250317
100	0	0	87	0	0	0	0.250317	0.256291
100	0	0	87	0	0	1	0.256291	0.278182
100	0	0	87	0	0	0	0.278182	0.278268
100	0	0	87	0	0	1	0.278268	0.425287
100	0	0	87	0	0	0	0.425287	0.426315
100	0	0	87	0	0	1	0.426315	0.427
##	100	0	0	87	0	0
100	0	0	87	0	1	1	0	0.197084
100	0	0	87	0	1	0	0.197084	0.210708
100	0	0	87	0	1	1	0.210708	0.21382
100	0	0	87	0	1	0	0.21382	0.224421
100	0	0	87	0	1	1	0.224421	0.239005
100	0	0	87	0	1	0	0.239005	0.245638
100	0	0	87	0	1	1	0.245638	0.425287
100	0	0	87	0	1	0	0.425287	0.426315
100	0	0	87	0	1	1	0.426315	0.427
##	100	0	0	87	0	1
##	100	0	0	87	mtdna	1
100	0	0	88	0	0	1	0	0.0904438
100	0	0	88	0	0	0	0.0904438	0.0968622
100	0	0	88	0	0	1	0.0968622	0.103698
100	0	0	88	0	0	0	0.103698	0.105742
100	0	0	88	0	0	1	0.105742	0.38882
100	0	0	88	0	0	0	0.38882	0.427
##	100	0	0	88	0	0	0.2
100	0	0	88	0	1	1	0	0.134501
100	0	0	88	0	1	0	0.134501	0.167417
100	0	0	88	0	1	1	0.167417	0.183971
100	0	0	88	0	1	0	0.183971	0.184243
100	0	0	88	0	1	1	0.184243	0.195421
100	0	0	88	0	1	0	0.195421	0.201977
100	0	0	88	0	1	1	0.201977	0.222364
100	0	0	88	0	1	0	0.222364	0.228965
100	0	0	88	0	1	1	0.228965	0.301335
100	0	0	88	0	1	0	0.301335	0.313686
100	0	0	88	0	1	1	0.313686	0.427
##	100	0	0	88	0	1
##	100	0	0	88	mtdna	1
100	0	0	89	0	0	1	0	0.131037
100	0	0	89	0	0	0	0.131037	0.132079
100	0	0	89	0	0	1	0.132079	0.186022
100	0	0	89	0	0	0	0.186022	0.186359
100	0	0	89	0	0	1	0.186359	0.192157
100	0	0	89	0	0	0	0.192157	0.194109
100	0	0	89	0	0	1	0.194109	0.195457
100	0	0	89	0	0	0	0.195457	0.202734
100	0	0	89	0	0	1	0.202734	0.289454
100	0	0	89	0	0	0	0.289454	0.304904
100	0	0	89	0	0	1	0.304904	0.390464
100	0	0	89	0	0	0	0.390464	0.391965
100	0	0	89	0	0	1	0.391965	0.427
##	100	0	0	89	0	0
100	0	0	89	0	1	1	0	0.0153339
100	0	0	89	0	1	0	0.0153339	0.0230888
100	0	0	89	0	1	1	0.0230888	0.168984
100	0	0	89	0	1	0	0.168984	0.230941
100	0	0	89	0	1	1	0.230941	0.232736
100	0	0	89	0	1	0	0.232736	0.235621
100	0	0	89	0	1	1	0.235621	0.327812
100	0	0	89	0	1	0	0.327812	0.344175
100	0	0	89	0	1	1	0.344175	0.427
##	100	0	0	89	0	1
##	100	0	0	89	mtdna	1
100	0	0	90	0	0	1	0	0.0175256
100	0	0	90	0	0	0	0.0175256	0.0307865
100	0	0	90	0	0	1	0.0307865	0.0607791
100	0	0	90	0	0	0	0.0607791	0.0780609
100	0	0	90	0	0	1	0.0780609	0.170273
100	0	0	90	0	0	0	0.170273	0.18843
100	0	0	90	0	0	1	0.18843	0.197188
100	0	0	90	0	0	0	0.197188	0.212128
100	0	0	90	0	0	1	0.212128	0.427
##	100	0	0	90	0	0
100	0	0	90	0	1	1	0	0.0963083
100	0	0	90	0	1	0	0.0963083	0.102966
100	0	0	90	0	1	1	0.102966	0.227402
100	0	0	90	0	1	0	0.227402	0.246155
100	0	0	90	0	1	1	0.246155	0.316857
100	0	0	90	0	1	0	0.316857	0.329856
100	0	0	90	0	1	1	0.329856	0.355719
100	0	0	90	0	1	0	0.355719	0.366099
100	0	0	90	0	1	1	0.366099	0.401873
100	0	0	90	0	1	0	0.401873	0.414089
100	0	0	90	0	1	1	0.414089	0.427
##	100	0	0	90	0	1	0.2
##	100	0	0	90	mtdna	1
100	0	0	91	0	0	0	0	0.00974237
100	0	0	91	0	0	1	0.00974237	0.0455864
100	0	0	91	0	0	0	0.0455864	0.0470883
100	0	0	91	0	0	1	0.0470883	0.199296
100	0	0	91	0	0	0	0.199296	0.214085
100	0	0	91	0	0	1	0.214085	0.427
##	100	0	0	91	0	0
100	0	0	91	0	1	1	0	0.0964225
100	0	0	91	0	1	0	0.0964225	0.105958
100	0	0	91	0	1	1	0.105958	0.2359
100	0	0	91	0	1	0	0.2359	0.278231
100	0	0	91	0	1	1	0.278231	0.346789
100	0	0	91	0	1	0	0.346789	0.350527
100	0	0	91	0	1	1	0.350527	0.392146
100	0	0	91	0	1	0	0.392146	0.399095
100	0	0	91	0	1	1	0.399095	0.427
##	100	0	0	91	0	1	0.2
##	100	0	0	91	mtdna	1
100	0	0	92	0	0	1	0	0.176211
100	0	0	92	0	0	0	0.176211	0.181051
100	0	0	92	0	0	1	0.181051	0.276453
100	0	0	92	0	0	0	0.276453	0.29548
100	0	0	92	0	0	1	0.29548	0.427
##	100	0	0	92	0	0	0.2
100	0	0	92	0	1	0	0	0.00928964
100	0	0	92	0	1	1	0.00928964	0.121068
100	0	0	92	0	1	0	0.121068	0.134849
100	0	0	92	0	1	1	0.134849	0.136284
100	0	0	92	0	1	0	0.136284	0.137981
100	0	0	92	0	1	1	0.137981	0.167143
100	0	0	92	0	1	0	0.167143	0.167848
100	0	0	92	0	1	1	0.167848	0.186753
100	0	0	92	0	1	0	0.186753	0.189775
100	0	0	92	0	1	1	0.189775	0.427
##	100	0	0	92	0	1	0.2
##	100	0	0	92	mtdna	1
100	0	0	93	0	0	0	0	0.00292082
100	0	0	93	0	0	1	0.00292082	0.140832
100	0	0	93	0	0	0	0.140832	0.14778
100	0	0	93	0	0	1	0.14778	0.195918
100	0	0	93	0	0	0	0.195918	0.213632
100	0	0	93	0	0	1	0.213632	0.296721
100	0	0	93	0	0	0	0.296721	0.30192
100	0	0	93	0	0	1	0.30192	0.356893
100	0	0	93	0	0	0	0.356893	0.362919
100	0	0	93	0	0	1	0.362919	0.390464
100	0	0	93	0	0	0	0.390464	0.391965
100	0	0	93	0	0	1	0.391965	0.406316
100	0	0	93	0	0	0	0.406316	0.427
##	100	0	0	93	0	0
100	0	0	93	0	1	1	0	0.141182
100	0	0	93	0	1	0	0.141182	0.157079
100	0	0	93	0	1	1	0.157079	0.178146
100	0	0	93	0	1	0	0.178146	0.267589
100	0	0	93	0	1	1	0.267589	0.427
##	100	0	0	93	0	1
##	100	0	0	93	mtdna	1
100	0	0	94	0	0	1	0	0.072278
100	0	0	94	0	0	0	0.072278	0.0811671
100	0	0	94	0	0	1	0.0811671	0.170961
100	0	0	94	0	0	0	0.170961	0.177505
100	0	0	94	0	0	1	0.177505	0.18745
100	0	0	94	0	0	0	0.18745	0.216821
100	0	0	94	0	0	1	0.216821	0.339799
100	0	0	94	0	0	0	0.339799	0.354544
100	0	0	94	0	0	1	0.354544	0.371812
100	0	0	94	0	0	0	0.371812	0.377547
100	0	0	94	0	0	1	0.377547	0.427
##	100	0	0	94	0	0
100	0	0	94	0	1	1	0	0.189715
100	0	0	94	0	1	0	0.189715	0.202526
100	0	0	94	0	1	1	0.202526	0.21829
100	0	0	94	0	1	0	0.21829	0.231142
100	0	0	94	0	1	1	0.231142	0.427
##	100	0	0	94	0	1
##	100	0	0	94	mtdna	1
100	0	0	95	0	0	1	0	0.0539739
100	0	0	95	0	0	0	0.0539739	0.0712549
100	0	0	95	0	0	1	0.0712549	0.141098
100	0	0	95	0	0	0	0.141098	0.147025
100	0	0	95	0	0	1	0.147025	0.197084
100	0	0	95	0	0	0	0.197084	0.207062
100	0	0	95	0	0	1	0.207062	0.235675
100	0	0	95	0	0	0	0.235675	0.236433
100	0	0	95	0	0	1	0.236433	0.283467
100	0	0	95	0	0	0	0.283467	0.286708
100	0	0	95	0	0	1	0.286708	0.423855
100	0	0	95	0	0	0	0.423855	0.424608
100	0	0	95	0	0	1	0.424608	0.427
##	100	0	0	95	0	0
100	0	0	95	0	1	1	0	0.186971
100	0	0	95	0	1	0	0.186971	0.213222
100	0	0	95	0	1	1	0.213222	0.227584
100	0	0	95	0	1	0	0.227584	0.236565
100	0	0	95	0	1	1	0.236565	0.427
##	100	0	0	95	0	1
##	100	0	0	95	mtdna	1
100	0	0	96	0	0	1	0	0.178895
100	0	0	96	0	0	0	0.178895	0.184922
100	0	0	96	0	0	1	0.184922	0.346475
100	0	0	96	0	0	0	0.346475	0.376368
100	0	0	96	0	0	1	0.376368	0.418843
100	0	0	96	0	0	0	0.418843	0.427
##	100	0	0	96	0	0	0.2
100	0	0	96	0	1	1	0	0.109041
100	0	0	96	0	1	0	0.109041	0.141333
100	0	0	96	0	1	1	0.141333	0.188279
100	0	0	96	0	1	0	0.188279	0.217641
100	0	0	96	0	1	1	0.217641	0.27119
100	0	0	96	0	1	0	0.27119	0.275304
100	0	0	96	0	1	1	0.275304	0.427
##	100	0	0	96	0	1
##	100	0	0	96	mtdna	0
100	0	0	97	0	0	1	0	0.18022
100	0	0	97	0	0	0	0.18022	0.213824
100	0	0	97	0	0	1	0.213824	0.243131
100	0	0	97	0	0	0	0.243131	0.255938
100	0	0	97	0	0	1	0.255938	0.427
##	100	0	0	97	0	0
100	0	0	97	0	1	1	0	0.0197621
100	0	0	97	0	1	0	0.0197621	0.0212464
100	0	0	97	0	1	1	0.0212464	0.161574
100	0	0	97	0	1	0	0.161574	0.16224
100	0	0	97	0	1	1	0.16224	0.193262
100	0	0	97	0	1	0	0.193262	0.231813
100	0	0	97	0	1	1	0.231813	0.238007
100	0	0	97	0	1	0	0.238007	0.247001
100	0	0	97	0	1	1	0.247001	0.421616
100	0	0	97	0	1	0	0.421616	0.427
##	100	0	0	97	0	1
##	100	0	0	97	mtdna	1
100	0	0	98	0	0	1	0	0.0302914
100	0	0	98	0	0	0	0.0302914	0.0431711
100	0	0	98	0	0	1	0.0431711	0.153372
100	0	0	98	0	0	0	0.153372	0.153819
100	0	0	98	0	0	1	0.153819	0.198166
100	0	0	98	0	0	0	0.198166	0.226954
100	0	0	98	0	0	1	0.226954	0.274474
100	0	0	98	0	0	0	0.274474	0.285274
100	0	0	98	0	0	1	0.285274	0.287573
100	0	0	98	0	0	0	0.287573	0.287831
100	0	0	98	0	0	1	0.287831	0.338195
100	0	0	98	0	0	0	0.338195	0.365391
100	0	0	98	0	0	1	0.365391	0.427
##	100	0	0	98	0	0
100	0	0	98	0	1	1	0	0.142412
100	0	0	98	0	1	0	0.142412	0.14605
100	0	0	98	0	1	1	0.14605	0.146331
100	0	0	98	0	1	0	0.146331	0.161003
100	0	0	98	0	1	1	0.161003	0.225058
100	0	0	98	0	1	0	0.225058	0.250424
100	0	0	98	0	1	1	0.250424	0.427
##	100	0	0	98	0	1	0.2
##	100	0	0	98	mtdna	1
100	0	0	99	0	0	0	0	0.00161098
100	0	0	99	0	0	1	0.00161098	0.243247
100	0	0	99	0	0	0	0.243247	0.25268
100	0	0	99	0	0	1	0.25268	0.2741
100	0	0	99	0	0	0	0.2741	0.277078
100	0	0	99	0	0	1	0.277078	0.284459
100	0	0	99	0	0	0	0.284459	0.289079
100	0	0	99	0	0	1	0.289079	0.427
##	100	0	0	99	0	0	0.2
100	0	0	99	0	1	1	0	0.150258
100	0	0	99	0	1	0	0.150258	0.162304
100	0	0	99	0	1	1	0.162304	0.197084
100	0	0	99	0	1	0	0.197084	0.198642
100	0	0	99	0	1	1	0.198642	0.206324
100	0	0	99	0	1	0	0.206324	0.221949
100	0	0	99	0	1	1	0.221949	0.23593
100	0	0	99	0	1	0	0.23593	0.272209
100	0	0	99	0	1	1	0.272209	0.427
##	100	0	0	99	0	1	0.2
##	100	0	0	99	mtdna	1
100	0	0	100	0	0	1	0	0.186153
100	0	0	100	0	0	0	0.186153	0.192868
100	0	0	100	0	0	1	0.192868	0.197954
100	0	0	100	0	0	0	0.197954	0.201973
100	0	0	100	0	0	1	0.201973	0.204037
100	0	0	100	0	0	0	0.204037	0.220797
100	0	0	100	0	0	1	0.220797	0.3603
100	0	0	100	0	0	0	0.3603	0.363273
100	0	0	100	0	0	1	0.363273	0.427
##	100	0	0	100	0	0
100	0	0	100	0	1	1	0	0.178844
100	0	0	100	0	1	0	0.178844	0.209713
100	0	0	100	0	1	1	0.209713	0.222369
100	0	0	100	0	1	0	0.222369	0.223997
100	0	0	100	0	1	1	0.223997	0.243131
100	0	0	100	0	1	0	0.243131	0.243908
100	0	0	100	0	1	1	0.243908	0.427
##	100	0	0	100	0	1
##	100	0	0	100	mtdna	1
