200	0	0	1	0	0	1	0	0.0132768
200	0	0	1	0	0	0	0.0132768	0.0135913
200	0	0	1	0	0	1	0.0135913	0.0233195
200	0	0	1	0	0	0	0.0233195	0.0246032
200	0	0	1	0	0	1	0.0246032	0.0384992
200	0	0	1	0	0	0	0.0384992	0.0432322
200	0	0	1	0	0	1	0.0432322	0.0618947
200	0	0	1	0	0	0	0.0618947	0.0704975
200	0	0	1	0	0	1	0.0704975	0.110402
200	0	0	1	0	0	0	0.110402	0.124038
200	0	0	1	0	0	1	0.124038	0.141184
200	0	0	1	0	0	0	0.141184	0.1476
200	0	0	1	0	0	1	0.1476	0.157722
200	0	0	1	0	0	0	0.157722	0.169824
200	0	0	1	0	0	1	0.169824	0.178777
200	0	0	1	0	0	0	0.178777	0.203569
200	0	0	1	0	0	1	0.203569	0.206436
200	0	0	1	0	0	0	0.206436	0.211646
200	0	0	1	0	0	1	0.211646	0.427
##	200	0	0	1	0	0
200	0	0	1	0	1	1	0	0.123454
200	0	0	1	0	1	0	0.123454	0.126586
200	0	0	1	0	1	1	0.126586	0.195171
200	0	0	1	0	1	0	0.195171	0.196596
200	0	0	1	0	1	1	0.196596	0.19937
200	0	0	1	0	1	0	0.19937	0.204376
200	0	0	1	0	1	1	0.204376	0.427
##	200	0	0	1	0	1
##	200	0	0	1	mtdna	1
200	0	0	2	0	0	1	0	0.0863753
200	0	0	2	0	0	0	0.0863753	0.101153
200	0	0	2	0	0	1	0.101153	0.14134
200	0	0	2	0	0	0	0.14134	0.146367
200	0	0	2	0	0	1	0.146367	0.150919
200	0	0	2	0	0	0	0.150919	0.151821
200	0	0	2	0	0	1	0.151821	0.227179
200	0	0	2	0	0	0	0.227179	0.227693
200	0	0	2	0	0	1	0.227693	0.338215
200	0	0	2	0	0	0	0.338215	0.33952
200	0	0	2	0	0	1	0.33952	0.427
##	200	0	0	2	0	0	0.2
200	0	0	2	0	1	1	0	0.0519472
200	0	0	2	0	1	0	0.0519472	0.0547483
200	0	0	2	0	1	1	0.0547483	0.123454
200	0	0	2	0	1	0	0.123454	0.136731
200	0	0	2	0	1	1	0.136731	0.139525
200	0	0	2	0	1	0	0.139525	0.145489
200	0	0	2	0	1	1	0.145489	0.148164
200	0	0	2	0	1	0	0.148164	0.167418
200	0	0	2	0	1	1	0.167418	0.192894
200	0	0	2	0	1	0	0.192894	0.222214
200	0	0	2	0	1	1	0.222214	0.378446
200	0	0	2	0	1	0	0.378446	0.410117
200	0	0	2	0	1	1	0.410117	0.427
##	200	0	0	2	0	1
##	200	0	0	2	mtdna	1
200	0	0	3	0	0	1	0	0.218195
200	0	0	3	0	0	0	0.218195	0.220198
200	0	0	3	0	0	1	0.220198	0.356246
200	0	0	3	0	0	0	0.356246	0.356501
200	0	0	3	0	0	1	0.356501	0.427
##	200	0	0	3	0	0	0.2
200	0	0	3	0	1	1	0	0.179479
200	0	0	3	0	1	0	0.179479	0.187071
200	0	0	3	0	1	1	0.187071	0.196089
200	0	0	3	0	1	0	0.196089	0.200451
200	0	0	3	0	1	1	0.200451	0.204098
200	0	0	3	0	1	0	0.204098	0.204113
200	0	0	3	0	1	1	0.204113	0.204468
200	0	0	3	0	1	0	0.204468	0.205041
200	0	0	3	0	1	1	0.205041	0.212287
200	0	0	3	0	1	0	0.212287	0.228874
200	0	0	3	0	1	1	0.228874	0.252526
200	0	0	3	0	1	0	0.252526	0.262912
200	0	0	3	0	1	1	0.262912	0.377133
200	0	0	3	0	1	0	0.377133	0.378673
200	0	0	3	0	1	1	0.378673	0.38124
200	0	0	3	0	1	0	0.38124	0.386308
200	0	0	3	0	1	1	0.386308	0.427
##	200	0	0	3	0	1
##	200	0	0	3	mtdna	1
200	0	0	4	0	0	1	0	0.0325998
200	0	0	4	0	0	0	0.0325998	0.0445347
200	0	0	4	0	0	1	0.0445347	0.058601
200	0	0	4	0	0	0	0.058601	0.0696753
200	0	0	4	0	0	1	0.0696753	0.149199
200	0	0	4	0	0	0	0.149199	0.149207
200	0	0	4	0	0	1	0.149207	0.175409
200	0	0	4	0	0	0	0.175409	0.18256
200	0	0	4	0	0	1	0.18256	0.208865
200	0	0	4	0	0	0	0.208865	0.212981
200	0	0	4	0	0	1	0.212981	0.234633
200	0	0	4	0	0	0	0.234633	0.259431
200	0	0	4	0	0	1	0.259431	0.337836
200	0	0	4	0	0	0	0.337836	0.337845
200	0	0	4	0	0	1	0.337845	0.378403
200	0	0	4	0	0	0	0.378403	0.386409
200	0	0	4	0	0	1	0.386409	0.389757
200	0	0	4	0	0	0	0.389757	0.395742
200	0	0	4	0	0	1	0.395742	0.399079
200	0	0	4	0	0	0	0.399079	0.404905
200	0	0	4	0	0	1	0.404905	0.414183
200	0	0	4	0	0	0	0.414183	0.417525
200	0	0	4	0	0	1	0.417525	0.427
##	200	0	0	4	0	0	0.2
200	0	0	4	0	1	1	0	0.199688
200	0	0	4	0	1	0	0.199688	0.204819
200	0	0	4	0	1	1	0.204819	0.35161
200	0	0	4	0	1	0	0.35161	0.362643
200	0	0	4	0	1	1	0.362643	0.427
##	200	0	0	4	0	1
##	200	0	0	4	mtdna	1
200	0	0	5	0	0	1	0	0.0816755
200	0	0	5	0	0	0	0.0816755	0.0817821
200	0	0	5	0	0	1	0.0817821	0.188793
200	0	0	5	0	0	0	0.188793	0.199168
200	0	0	5	0	0	1	0.199168	0.199345
200	0	0	5	0	0	0	0.199345	0.210325
200	0	0	5	0	0	1	0.210325	0.215053
200	0	0	5	0	0	0	0.215053	0.216454
200	0	0	5	0	0	1	0.216454	0.320026
200	0	0	5	0	0	0	0.320026	0.334137
200	0	0	5	0	0	1	0.334137	0.427
##	200	0	0	5	0	0
200	0	0	5	0	1	1	0	0.193845
200	0	0	5	0	1	0	0.193845	0.202011
200	0	0	5	0	1	1	0.202011	0.334031
200	0	0	5	0	1	0	0.334031	0.33538
200	0	0	5	0	1	1	0.33538	0.427
##	200	0	0	5	0	1
##	200	0	0	5	mtdna	1
200	0	0	6	0	0	1	0	0.180519
200	0	0	6	0	0	0	0.180519	0.222668
200	0	0	6	0	0	1	0.222668	0.379066
200	0	0	6	0	0	0	0.379066	0.391914
200	0	0	6	0	0	1	0.391914	0.402586
200	0	0	6	0	0	0	0.402586	0.404488
200	0	0	6	0	0	1	0.404488	0.427
##	200	0	0	6	0	0
200	0	0	6	0	1	1	0	0.0238768
200	0	0	6	0	1	0	0.0238768	0.0240597
200	0	0	6	0	1	1	0.0240597	0.0254949
200	0	0	6	0	1	0	0.0254949	0.0257242
200	0	0	6	0	1	1	0.0257242	0.0281301
200	0	0	6	0	1	0	0.0281301	0.0307358
200	0	0	6	0	1	1	0.0307358	0.154829
200	0	0	6	0	1	0	0.154829	0.157292
200	0	0	6	0	1	1	0.157292	0.160624
200	0	0	6	0	1	0	0.160624	0.162295
200	0	0	6	0	1	1	0.162295	0.164789
200	0	0	6	0	1	0	0.164789	0.16836
200	0	0	6	0	1	1	0.16836	0.186245
200	0	0	6	0	1	0	0.186245	0.187369
200	0	0	6	0	1	1	0.187369	0.198245
200	0	0	6	0	1	0	0.198245	0.202303
200	0	0	6	0	1	1	0.202303	0.427
##	200	0	0	6	0	1
##	200	0	0	6	mtdna	1
200	0	0	7	0	0	1	0	0.16218
200	0	0	7	0	0	0	0.16218	0.166189
200	0	0	7	0	0	1	0.166189	0.293417
200	0	0	7	0	0	0	0.293417	0.296795
200	0	0	7	0	0	1	0.296795	0.353128
200	0	0	7	0	0	0	0.353128	0.355101
200	0	0	7	0	0	1	0.355101	0.383905
200	0	0	7	0	0	0	0.383905	0.386308
200	0	0	7	0	0	1	0.386308	0.391276
200	0	0	7	0	0	0	0.391276	0.392732
200	0	0	7	0	0	1	0.392732	0.427
##	200	0	0	7	0	0	0.2
200	0	0	7	0	1	1	0	0.00443808
200	0	0	7	0	1	0	0.00443808	0.00649816
200	0	0	7	0	1	1	0.00649816	0.0658148
200	0	0	7	0	1	0	0.0658148	0.0672887
200	0	0	7	0	1	1	0.0672887	0.220379
200	0	0	7	0	1	0	0.220379	0.221142
200	0	0	7	0	1	1	0.221142	0.221742
200	0	0	7	0	1	0	0.221742	0.239233
200	0	0	7	0	1	1	0.239233	0.383129
200	0	0	7	0	1	0	0.383129	0.385517
200	0	0	7	0	1	1	0.385517	0.424442
200	0	0	7	0	1	0	0.424442	0.427
##	200	0	0	7	0	1	0.2
##	200	0	0	7	mtdna	1
200	0	0	8	0	0	1	0	0.059054
200	0	0	8	0	0	0	0.059054	0.0632135
200	0	0	8	0	0	1	0.0632135	0.196089
200	0	0	8	0	0	0	0.196089	0.200451
200	0	0	8	0	0	1	0.200451	0.204098
200	0	0	8	0	0	0	0.204098	0.204113
200	0	0	8	0	0	1	0.204113	0.204468
200	0	0	8	0	0	0	0.204468	0.205041
200	0	0	8	0	0	1	0.205041	0.221024
200	0	0	8	0	0	0	0.221024	0.227693
200	0	0	8	0	0	1	0.227693	0.254846
200	0	0	8	0	0	0	0.254846	0.257153
200	0	0	8	0	0	1	0.257153	0.352035
200	0	0	8	0	0	0	0.352035	0.372564
200	0	0	8	0	0	1	0.372564	0.374122
200	0	0	8	0	0	0	0.374122	0.374585
200	0	0	8	0	0	1	0.374585	0.427
##	200	0	0	8	0	0
200	0	0	8	0	1	1	0	0.0863753
200	0	0	8	0	1	0	0.0863753	0.101153
200	0	0	8	0	1	1	0.101153	0.147156
200	0	0	8	0	1	0	0.147156	0.151621
200	0	0	8	0	1	1	0.151621	0.185363
200	0	0	8	0	1	0	0.185363	0.191339
200	0	0	8	0	1	1	0.191339	0.242545
200	0	0	8	0	1	0	0.242545	0.244465
200	0	0	8	0	1	1	0.244465	0.312747
200	0	0	8	0	1	0	0.312747	0.315784
200	0	0	8	0	1	1	0.315784	0.427
##	200	0	0	8	0	1	0.2
##	200	0	0	8	mtdna	1
200	0	0	9	0	0	0	0	0.00180248
200	0	0	9	0	0	1	0.00180248	0.0264596
200	0	0	9	0	0	0	0.0264596	0.0271833
200	0	0	9	0	0	1	0.0271833	0.0646694
200	0	0	9	0	0	0	0.0646694	0.0696594
200	0	0	9	0	0	1	0.0696594	0.207068
200	0	0	9	0	0	0	0.207068	0.217246
200	0	0	9	0	0	1	0.217246	0.264301
200	0	0	9	0	0	0	0.264301	0.26462
200	0	0	9	0	0	1	0.26462	0.359078
200	0	0	9	0	0	0	0.359078	0.360709
200	0	0	9	0	0	1	0.360709	0.368999
200	0	0	9	0	0	0	0.368999	0.381519
200	0	0	9	0	0	1	0.381519	0.389583
200	0	0	9	0	0	0	0.389583	0.391647
200	0	0	9	0	0	1	0.391647	0.427
##	200	0	0	9	0	0	0.2
200	0	0	9	0	1	1	0	0.0310951
200	0	0	9	0	1	0	0.0310951	0.0321658
200	0	0	9	0	1	1	0.0321658	0.0862692
200	0	0	9	0	1	0	0.0862692	0.0909889
200	0	0	9	0	1	1	0.0909889	0.15486
200	0	0	9	0	1	0	0.15486	0.15712
200	0	0	9	0	1	1	0.15712	0.20085
200	0	0	9	0	1	0	0.20085	0.209213
200	0	0	9	0	1	1	0.209213	0.3367
200	0	0	9	0	1	0	0.3367	0.348039
200	0	0	9	0	1	1	0.348039	0.368768
200	0	0	9	0	1	0	0.368768	0.36877
200	0	0	9	0	1	1	0.36877	0.427
##	200	0	0	9	0	1	0.2
##	200	0	0	9	mtdna	1
200	0	0	10	0	0	1	0	0.0407012
200	0	0	10	0	0	0	0.0407012	0.044356
200	0	0	10	0	0	1	0.044356	0.0707519
200	0	0	10	0	0	0	0.0707519	0.0810345
200	0	0	10	0	0	1	0.0810345	0.099557
200	0	0	10	0	0	0	0.099557	0.10408
200	0	0	10	0	0	1	0.10408	0.129081
200	0	0	10	0	0	0	0.129081	0.135168
200	0	0	10	0	0	1	0.135168	0.180193
200	0	0	10	0	0	0	0.180193	0.182701
200	0	0	10	0	0	1	0.182701	0.261162
200	0	0	10	0	0	0	0.261162	0.285201
200	0	0	10	0	0	1	0.285201	0.395416
200	0	0	10	0	0	0	0.395416	0.396245
200	0	0	10	0	0	1	0.396245	0.427
##	200	0	0	10	0	0	0.2
200	0	0	10	0	1	1	0	0.00703236
200	0	0	10	0	1	0	0.00703236	0.00966407
200	0	0	10	0	1	1	0.00966407	0.0590563
200	0	0	10	0	1	0	0.0590563	0.0595544
200	0	0	10	0	1	1	0.0595544	0.134668
200	0	0	10	0	1	0	0.134668	0.136538
200	0	0	10	0	1	1	0.136538	0.163622
200	0	0	10	0	1	0	0.163622	0.166016
200	0	0	10	0	1	1	0.166016	0.199576
200	0	0	10	0	1	0	0.199576	0.202059
200	0	0	10	0	1	1	0.202059	0.215027
200	0	0	10	0	1	0	0.215027	0.223346
200	0	0	10	0	1	1	0.223346	0.230787
200	0	0	10	0	1	0	0.230787	0.231193
200	0	0	10	0	1	1	0.231193	0.233491
200	0	0	10	0	1	0	0.233491	0.237174
200	0	0	10	0	1	1	0.237174	0.427
##	200	0	0	10	0	1
##	200	0	0	10	mtdna	1
200	0	0	11	0	0	1	0	0.0939599
200	0	0	11	0	0	0	0.0939599	0.0947038
200	0	0	11	0	0	1	0.0947038	0.112769
200	0	0	11	0	0	0	0.112769	0.140006
200	0	0	11	0	0	1	0.140006	0.157722
200	0	0	11	0	0	0	0.157722	0.163366
200	0	0	11	0	0	1	0.163366	0.211217
200	0	0	11	0	0	0	0.211217	0.216454
200	0	0	11	0	0	1	0.216454	0.233827
200	0	0	11	0	0	0	0.233827	0.241502
200	0	0	11	0	0	1	0.241502	0.262577
200	0	0	11	0	0	0	0.262577	0.265808
200	0	0	11	0	0	1	0.265808	0.427
##	200	0	0	11	0	0	0.2
200	0	0	11	0	1	1	0	0.134178
200	0	0	11	0	1	0	0.134178	0.137769
200	0	0	11	0	1	1	0.137769	0.162702
200	0	0	11	0	1	0	0.162702	0.163164
200	0	0	11	0	1	1	0.163164	0.178777
200	0	0	11	0	1	0	0.178777	0.195795
200	0	0	11	0	1	1	0.195795	0.218929
200	0	0	11	0	1	0	0.218929	0.220857
200	0	0	11	0	1	1	0.220857	0.354252
200	0	0	11	0	1	0	0.354252	0.35951
200	0	0	11	0	1	1	0.35951	0.407608
200	0	0	11	0	1	0	0.407608	0.411
200	0	0	11	0	1	1	0.411	0.427
##	200	0	0	11	0	1	0.2
##	200	0	0	11	mtdna	1
200	0	0	12	0	0	1	0	0.192467
200	0	0	12	0	0	0	0.192467	0.202449
200	0	0	12	0	0	1	0.202449	0.256815
200	0	0	12	0	0	0	0.256815	0.259621
200	0	0	12	0	0	1	0.259621	0.331005
200	0	0	12	0	0	0	0.331005	0.331291
200	0	0	12	0	0	1	0.331291	0.37247
200	0	0	12	0	0	0	0.37247	0.376155
200	0	0	12	0	0	1	0.376155	0.427
##	200	0	0	12	0	0
200	0	0	12	0	1	1	0	0.0164682
200	0	0	12	0	1	0	0.0164682	0.0186281
200	0	0	12	0	1	1	0.0186281	0.0778921
200	0	0	12	0	1	0	0.0778921	0.0793751
200	0	0	12	0	1	1	0.0793751	0.192467
200	0	0	12	0	1	0	0.192467	0.202449
200	0	0	12	0	1	1	0.202449	0.25895
200	0	0	12	0	1	0	0.25895	0.260211
200	0	0	12	0	1	1	0.260211	0.273036
200	0	0	12	0	1	0	0.273036	0.273435
200	0	0	12	0	1	1	0.273435	0.376664
200	0	0	12	0	1	0	0.376664	0.382107
200	0	0	12	0	1	1	0.382107	0.388918
200	0	0	12	0	1	0	0.388918	0.399624
200	0	0	12	0	1	1	0.399624	0.427
##	200	0	0	12	0	1
##	200	0	0	12	mtdna	1
200	0	0	13	0	0	1	0	0.16775
200	0	0	13	0	0	0	0.16775	0.16796
200	0	0	13	0	0	1	0.16796	0.186307
200	0	0	13	0	0	0	0.186307	0.189355
200	0	0	13	0	0	1	0.189355	0.199345
200	0	0	13	0	0	0	0.199345	0.208218
200	0	0	13	0	0	1	0.208218	0.217567
200	0	0	13	0	0	0	0.217567	0.222214
200	0	0	13	0	0	1	0.222214	0.319551
200	0	0	13	0	0	0	0.319551	0.326064
200	0	0	13	0	0	1	0.326064	0.379894
200	0	0	13	0	0	0	0.379894	0.381256
200	0	0	13	0	0	1	0.381256	0.427
##	200	0	0	13	0	0
200	0	0	13	0	1	1	0	0.192852
200	0	0	13	0	1	0	0.192852	0.19502
200	0	0	13	0	1	1	0.19502	0.317258
200	0	0	13	0	1	0	0.317258	0.318655
200	0	0	13	0	1	1	0.318655	0.427
##	200	0	0	13	0	1	0.2
##	200	0	0	13	mtdna	1
200	0	0	14	0	0	1	0	0.0130413
200	0	0	14	0	0	0	0.0130413	0.0155598
200	0	0	14	0	0	1	0.0155598	0.0754178
200	0	0	14	0	0	0	0.0754178	0.0760308
200	0	0	14	0	0	1	0.0760308	0.186307
200	0	0	14	0	0	0	0.186307	0.189355
200	0	0	14	0	0	1	0.189355	0.196883
200	0	0	14	0	0	0	0.196883	0.200083
200	0	0	14	0	0	1	0.200083	0.238881
200	0	0	14	0	0	0	0.238881	0.248916
200	0	0	14	0	0	1	0.248916	0.275086
200	0	0	14	0	0	0	0.275086	0.275673
200	0	0	14	0	0	1	0.275673	0.412537
200	0	0	14	0	0	0	0.412537	0.427
##	200	0	0	14	0	0
200	0	0	14	0	1	1	0	0.0817188
200	0	0	14	0	1	0	0.0817188	0.0947817
200	0	0	14	0	1	1	0.0947817	0.171337
200	0	0	14	0	1	0	0.171337	0.178326
200	0	0	14	0	1	1	0.178326	0.190967
200	0	0	14	0	1	0	0.190967	0.198201
200	0	0	14	0	1	1	0.198201	0.199275
200	0	0	14	0	1	0	0.199275	0.200995
200	0	0	14	0	1	1	0.200995	0.208714
200	0	0	14	0	1	0	0.208714	0.209626
200	0	0	14	0	1	1	0.209626	0.210927
200	0	0	14	0	1	0	0.210927	0.218042
200	0	0	14	0	1	1	0.218042	0.331214
200	0	0	14	0	1	0	0.331214	0.332989
200	0	0	14	0	1	1	0.332989	0.336919
200	0	0	14	0	1	0	0.336919	0.337824
200	0	0	14	0	1	1	0.337824	0.387766
200	0	0	14	0	1	0	0.387766	0.395867
200	0	0	14	0	1	1	0.395867	0.427
##	200	0	0	14	0	1
##	200	0	0	14	mtdna	1
200	0	0	15	0	0	1	0	0.0151366
200	0	0	15	0	0	0	0.0151366	0.0180617
200	0	0	15	0	0	1	0.0180617	0.0331338
200	0	0	15	0	0	0	0.0331338	0.0391644
200	0	0	15	0	0	1	0.0391644	0.213048
200	0	0	15	0	0	0	0.213048	0.215582
200	0	0	15	0	0	1	0.215582	0.268293
200	0	0	15	0	0	0	0.268293	0.282749
200	0	0	15	0	0	1	0.282749	0.307642
200	0	0	15	0	0	0	0.307642	0.309114
200	0	0	15	0	0	1	0.309114	0.318749
200	0	0	15	0	0	0	0.318749	0.326202
200	0	0	15	0	0	1	0.326202	0.384845
200	0	0	15	0	0	0	0.384845	0.394134
200	0	0	15	0	0	1	0.394134	0.427
##	200	0	0	15	0	0	0.2
200	0	0	15	0	1	1	0	0.070563
200	0	0	15	0	1	0	0.070563	0.0743242
200	0	0	15	0	1	1	0.0743242	0.0985505
200	0	0	15	0	1	0	0.0985505	0.102749
200	0	0	15	0	1	1	0.102749	0.173741
200	0	0	15	0	1	0	0.173741	0.175136
200	0	0	15	0	1	1	0.175136	0.184086
200	0	0	15	0	1	0	0.184086	0.186679
200	0	0	15	0	1	1	0.186679	0.211212
200	0	0	15	0	1	0	0.211212	0.214623
200	0	0	15	0	1	1	0.214623	0.227591
200	0	0	15	0	1	0	0.227591	0.252945
200	0	0	15	0	1	1	0.252945	0.401307
200	0	0	15	0	1	0	0.401307	0.402403
200	0	0	15	0	1	1	0.402403	0.407318
200	0	0	15	0	1	0	0.407318	0.411098
200	0	0	15	0	1	1	0.411098	0.427
##	200	0	0	15	0	1	0.2
##	200	0	0	15	mtdna	0
200	0	0	16	0	0	1	0	0.175011
200	0	0	16	0	0	0	0.175011	0.179599
200	0	0	16	0	0	1	0.179599	0.200379
200	0	0	16	0	0	0	0.200379	0.207774
200	0	0	16	0	0	1	0.207774	0.248747
200	0	0	16	0	0	0	0.248747	0.251215
200	0	0	16	0	0	1	0.251215	0.25326
200	0	0	16	0	0	0	0.25326	0.256653
200	0	0	16	0	0	1	0.256653	0.269346
200	0	0	16	0	0	0	0.269346	0.270394
200	0	0	16	0	0	1	0.270394	0.427
##	200	0	0	16	0	0	0.2
200	0	0	16	0	1	1	0	0.0519443
200	0	0	16	0	1	0	0.0519443	0.0547483
200	0	0	16	0	1	1	0.0547483	0.0642726
200	0	0	16	0	1	0	0.0642726	0.0643738
200	0	0	16	0	1	1	0.0643738	0.120757
200	0	0	16	0	1	0	0.120757	0.121574
200	0	0	16	0	1	1	0.121574	0.151567
200	0	0	16	0	1	0	0.151567	0.156002
200	0	0	16	0	1	1	0.156002	0.197271
200	0	0	16	0	1	0	0.197271	0.203373
200	0	0	16	0	1	1	0.203373	0.246734
200	0	0	16	0	1	0	0.246734	0.252423
200	0	0	16	0	1	1	0.252423	0.277002
200	0	0	16	0	1	0	0.277002	0.279285
200	0	0	16	0	1	1	0.279285	0.290393
200	0	0	16	0	1	0	0.290393	0.290498
200	0	0	16	0	1	1	0.290498	0.348914
200	0	0	16	0	1	0	0.348914	0.349929
200	0	0	16	0	1	1	0.349929	0.3775
200	0	0	16	0	1	0	0.3775	0.380039
200	0	0	16	0	1	1	0.380039	0.39661
200	0	0	16	0	1	0	0.39661	0.403482
200	0	0	16	0	1	1	0.403482	0.427
##	200	0	0	16	0	1
##	200	0	0	16	mtdna	1
200	0	0	17	0	0	1	0	0.0726208
200	0	0	17	0	0	0	0.0726208	0.0730625
200	0	0	17	0	0	1	0.0730625	0.17573
200	0	0	17	0	0	0	0.17573	0.186693
200	0	0	17	0	0	1	0.186693	0.198067
200	0	0	17	0	0	0	0.198067	0.199091
200	0	0	17	0	0	1	0.199091	0.199646
200	0	0	17	0	0	0	0.199646	0.204021
200	0	0	17	0	0	1	0.204021	0.271729
200	0	0	17	0	0	0	0.271729	0.27699
200	0	0	17	0	0	1	0.27699	0.315428
200	0	0	17	0	0	0	0.315428	0.333598
200	0	0	17	0	0	1	0.333598	0.351983
200	0	0	17	0	0	0	0.351983	0.363898
200	0	0	17	0	0	1	0.363898	0.380155
200	0	0	17	0	0	0	0.380155	0.380379
200	0	0	17	0	0	1	0.380379	0.427
##	200	0	0	17	0	0
200	0	0	17	0	1	1	0	0.0899887
200	0	0	17	0	1	0	0.0899887	0.098434
200	0	0	17	0	1	1	0.098434	0.109476
200	0	0	17	0	1	0	0.109476	0.118001
200	0	0	17	0	1	1	0.118001	0.129922
200	0	0	17	0	1	0	0.129922	0.133301
200	0	0	17	0	1	1	0.133301	0.1341
200	0	0	17	0	1	0	0.1341	0.144674
200	0	0	17	0	1	1	0.144674	0.155448
200	0	0	17	0	1	0	0.155448	0.157412
200	0	0	17	0	1	1	0.157412	0.159473
200	0	0	17	0	1	0	0.159473	0.166908
200	0	0	17	0	1	1	0.166908	0.17011
200	0	0	17	0	1	0	0.17011	0.170833
200	0	0	17	0	1	1	0.170833	0.178886
200	0	0	17	0	1	0	0.178886	0.188686
200	0	0	17	0	1	1	0.188686	0.191292
200	0	0	17	0	1	0	0.191292	0.200745
200	0	0	17	0	1	1	0.200745	0.230342
200	0	0	17	0	1	0	0.230342	0.23554
200	0	0	17	0	1	1	0.23554	0.377306
200	0	0	17	0	1	0	0.377306	0.382107
200	0	0	17	0	1	1	0.382107	0.39153
200	0	0	17	0	1	0	0.39153	0.398097
200	0	0	17	0	1	1	0.398097	0.427
##	200	0	0	17	0	1
##	200	0	0	17	mtdna	1
200	0	0	18	0	0	1	0	0.0341973
200	0	0	18	0	0	0	0.0341973	0.035683
200	0	0	18	0	0	1	0.035683	0.178777
200	0	0	18	0	0	0	0.178777	0.190029
200	0	0	18	0	0	1	0.190029	0.190263
200	0	0	18	0	0	0	0.190263	0.201241
200	0	0	18	0	0	1	0.201241	0.207138
200	0	0	18	0	0	0	0.207138	0.209213
200	0	0	18	0	0	1	0.209213	0.36427
200	0	0	18	0	0	0	0.36427	0.365894
200	0	0	18	0	0	1	0.365894	0.380838
200	0	0	18	0	0	0	0.380838	0.39881
200	0	0	18	0	0	1	0.39881	0.427
##	200	0	0	18	0	0
200	0	0	18	0	1	1	0	0.0617678
200	0	0	18	0	1	0	0.0617678	0.0634884
200	0	0	18	0	1	1	0.0634884	0.195233
200	0	0	18	0	1	0	0.195233	0.201998
200	0	0	18	0	1	1	0.201998	0.282193
200	0	0	18	0	1	0	0.282193	0.285932
200	0	0	18	0	1	1	0.285932	0.326138
200	0	0	18	0	1	0	0.326138	0.338715
200	0	0	18	0	1	1	0.338715	0.347043
200	0	0	18	0	1	0	0.347043	0.34737
200	0	0	18	0	1	1	0.34737	0.427
##	200	0	0	18	0	1
##	200	0	0	18	mtdna	1
200	0	0	19	0	0	1	0	0.0104795
200	0	0	19	0	0	0	0.0104795	0.0158042
200	0	0	19	0	0	1	0.0158042	0.114098
200	0	0	19	0	0	0	0.114098	0.130907
200	0	0	19	0	0	1	0.130907	0.140232
200	0	0	19	0	0	0	0.140232	0.15394
200	0	0	19	0	0	1	0.15394	0.20895
200	0	0	19	0	0	0	0.20895	0.221353
200	0	0	19	0	0	1	0.221353	0.388647
200	0	0	19	0	0	0	0.388647	0.389007
200	0	0	19	0	0	1	0.389007	0.427
##	200	0	0	19	0	0	0.2
200	0	0	19	0	1	1	0	0.0943995
200	0	0	19	0	1	0	0.0943995	0.0944713
200	0	0	19	0	1	1	0.0944713	0.114962
200	0	0	19	0	1	0	0.114962	0.116258
200	0	0	19	0	1	1	0.116258	0.190966
200	0	0	19	0	1	0	0.190966	0.191808
200	0	0	19	0	1	1	0.191808	0.193204
200	0	0	19	0	1	0	0.193204	0.195035
200	0	0	19	0	1	1	0.195035	0.210295
200	0	0	19	0	1	0	0.210295	0.218886
200	0	0	19	0	1	1	0.218886	0.242219
200	0	0	19	0	1	0	0.242219	0.253931
200	0	0	19	0	1	1	0.253931	0.369986
200	0	0	19	0	1	0	0.369986	0.370657
200	0	0	19	0	1	1	0.370657	0.427
##	200	0	0	19	0	1	0.2
##	200	0	0	19	mtdna	0
200	0	0	20	0	0	1	0	0.187594
200	0	0	20	0	0	0	0.187594	0.202611
200	0	0	20	0	0	1	0.202611	0.206526
200	0	0	20	0	0	0	0.206526	0.206924
200	0	0	20	0	0	1	0.206924	0.207679
200	0	0	20	0	0	0	0.207679	0.208932
200	0	0	20	0	0	1	0.208932	0.219436
200	0	0	20	0	0	0	0.219436	0.22438
200	0	0	20	0	0	1	0.22438	0.228449
200	0	0	20	0	0	0	0.228449	0.231522
200	0	0	20	0	0	1	0.231522	0.385596
200	0	0	20	0	0	0	0.385596	0.3868
200	0	0	20	0	0	1	0.3868	0.4159
200	0	0	20	0	0	0	0.4159	0.426396
200	0	0	20	0	0	1	0.426396	0.427
##	200	0	0	20	0	0
200	0	0	20	0	1	1	0	0.0501947
200	0	0	20	0	1	0	0.0501947	0.0526433
200	0	0	20	0	1	1	0.0526433	0.196795
200	0	0	20	0	1	0	0.196795	0.210839
200	0	0	20	0	1	1	0.210839	0.267015
200	0	0	20	0	1	0	0.267015	0.270665
200	0	0	20	0	1	1	0.270665	0.318791
200	0	0	20	0	1	0	0.318791	0.334228
200	0	0	20	0	1	1	0.334228	0.427
##	200	0	0	20	0	1
##	200	0	0	20	mtdna	0
200	0	0	21	0	0	1	0	0.082858
200	0	0	21	0	0	0	0.082858	0.086842
200	0	0	21	0	0	1	0.086842	0.135698
200	0	0	21	0	0	0	0.135698	0.143954
200	0	0	21	0	0	1	0.143954	0.163539
200	0	0	21	0	0	0	0.163539	0.175418
200	0	0	21	0	0	1	0.175418	0.183047
200	0	0	21	0	0	0	0.183047	0.18442
200	0	0	21	0	0	1	0.18442	0.217753
200	0	0	21	0	0	0	0.217753	0.220895
200	0	0	21	0	0	1	0.220895	0.336919
200	0	0	21	0	0	0	0.336919	0.337824
200	0	0	21	0	0	1	0.337824	0.34449
200	0	0	21	0	0	0	0.34449	0.352197
200	0	0	21	0	0	1	0.352197	0.427
##	200	0	0	21	0	0	0.2
200	0	0	21	0	1	1	0	0.0309108
200	0	0	21	0	1	0	0.0309108	0.0352645
200	0	0	21	0	1	1	0.0352645	0.0508375
200	0	0	21	0	1	0	0.0508375	0.0661595
200	0	0	21	0	1	1	0.0661595	0.105471
200	0	0	21	0	1	0	0.105471	0.108501
200	0	0	21	0	1	1	0.108501	0.193901
200	0	0	21	0	1	0	0.193901	0.205445
200	0	0	21	0	1	1	0.205445	0.234409
200	0	0	21	0	1	0	0.234409	0.252945
200	0	0	21	0	1	1	0.252945	0.368694
200	0	0	21	0	1	0	0.368694	0.369519
200	0	0	21	0	1	1	0.369519	0.380634
200	0	0	21	0	1	0	0.380634	0.393285
200	0	0	21	0	1	1	0.393285	0.427
##	200	0	0	21	0	1
##	200	0	0	21	mtdna	1
200	0	0	22	0	0	1	0	0.178866
200	0	0	22	0	0	0	0.178866	0.184525
200	0	0	22	0	0	1	0.184525	0.207868
200	0	0	22	0	0	0	0.207868	0.211655
200	0	0	22	0	0	1	0.211655	0.247222
200	0	0	22	0	0	0	0.247222	0.250164
200	0	0	22	0	0	1	0.250164	0.266997
200	0	0	22	0	0	0	0.266997	0.267406
200	0	0	22	0	0	1	0.267406	0.301301
200	0	0	22	0	0	0	0.301301	0.302093
200	0	0	22	0	0	1	0.302093	0.306796
200	0	0	22	0	0	0	0.306796	0.31517
200	0	0	22	0	0	1	0.31517	0.346996
200	0	0	22	0	0	0	0.346996	0.362133
200	0	0	22	0	0	1	0.362133	0.396997
200	0	0	22	0	0	0	0.396997	0.416079
200	0	0	22	0	0	1	0.416079	0.427
##	200	0	0	22	0	0	0.2
200	0	0	22	0	1	1	0	0.0045003
200	0	0	22	0	1	0	0.0045003	0.00643254
200	0	0	22	0	1	1	0.00643254	0.17869
200	0	0	22	0	1	0	0.17869	0.186002
200	0	0	22	0	1	1	0.186002	0.197895
200	0	0	22	0	1	0	0.197895	0.210173
200	0	0	22	0	1	1	0.210173	0.219198
200	0	0	22	0	1	0	0.219198	0.227693
200	0	0	22	0	1	1	0.227693	0.427
##	200	0	0	22	0	1
##	200	0	0	22	mtdna	1
200	0	0	23	0	0	1	0	0.000674636
200	0	0	23	0	0	0	0.000674636	0.0117877
200	0	0	23	0	0	1	0.0117877	0.101975
200	0	0	23	0	0	0	0.101975	0.102785
200	0	0	23	0	0	1	0.102785	0.195218
200	0	0	23	0	0	0	0.195218	0.206921
200	0	0	23	0	0	1	0.206921	0.269222
200	0	0	23	0	0	0	0.269222	0.269502
200	0	0	23	0	0	1	0.269502	0.316153
200	0	0	23	0	0	0	0.316153	0.316296
200	0	0	23	0	0	1	0.316296	0.427
##	200	0	0	23	0	0
200	0	0	23	0	1	1	0	0.092823
200	0	0	23	0	1	0	0.092823	0.0935426
200	0	0	23	0	1	1	0.0935426	0.11642
200	0	0	23	0	1	0	0.11642	0.124543
200	0	0	23	0	1	1	0.124543	0.193292
200	0	0	23	0	1	0	0.193292	0.194524
200	0	0	23	0	1	1	0.194524	0.196907
200	0	0	23	0	1	0	0.196907	0.208691
200	0	0	23	0	1	1	0.208691	0.355156
200	0	0	23	0	1	0	0.355156	0.357592
200	0	0	23	0	1	1	0.357592	0.427
##	200	0	0	23	0	1
##	200	0	0	23	mtdna	1
200	0	0	24	0	0	1	0	0.0531265
200	0	0	24	0	0	0	0.0531265	0.0576457
200	0	0	24	0	0	1	0.0576457	0.143948
200	0	0	24	0	0	0	0.143948	0.145798
200	0	0	24	0	0	1	0.145798	0.19621
200	0	0	24	0	0	0	0.19621	0.198866
200	0	0	24	0	0	1	0.198866	0.201665
200	0	0	24	0	0	0	0.201665	0.209926
200	0	0	24	0	0	1	0.209926	0.21662
200	0	0	24	0	0	0	0.21662	0.221349
200	0	0	24	0	0	1	0.221349	0.427
##	200	0	0	24	0	0	0.2
200	0	0	24	0	1	1	0	0.0683676
200	0	0	24	0	1	0	0.0683676	0.0695479
200	0	0	24	0	1	1	0.0695479	0.175662
200	0	0	24	0	1	0	0.175662	0.190339
200	0	0	24	0	1	1	0.190339	0.198376
200	0	0	24	0	1	0	0.198376	0.207509
200	0	0	24	0	1	1	0.207509	0.299977
200	0	0	24	0	1	0	0.299977	0.307512
200	0	0	24	0	1	1	0.307512	0.36427
200	0	0	24	0	1	0	0.36427	0.365894
200	0	0	24	0	1	1	0.365894	0.38124
200	0	0	24	0	1	0	0.38124	0.386308
200	0	0	24	0	1	1	0.386308	0.392167
200	0	0	24	0	1	0	0.392167	0.39239
200	0	0	24	0	1	1	0.39239	0.394697
200	0	0	24	0	1	0	0.394697	0.396468
200	0	0	24	0	1	1	0.396468	0.427
##	200	0	0	24	0	1
##	200	0	0	24	mtdna	1
200	0	0	25	0	0	1	0	0.0405062
200	0	0	25	0	0	0	0.0405062	0.0408464
200	0	0	25	0	0	1	0.0408464	0.0726208
200	0	0	25	0	0	0	0.0726208	0.0730625
200	0	0	25	0	0	1	0.0730625	0.149199
200	0	0	25	0	0	0	0.149199	0.149207
200	0	0	25	0	0	1	0.149207	0.177068
200	0	0	25	0	0	0	0.177068	0.183222
200	0	0	25	0	0	1	0.183222	0.192467
200	0	0	25	0	0	0	0.192467	0.202161
200	0	0	25	0	0	1	0.202161	0.207068
200	0	0	25	0	0	0	0.207068	0.217246
200	0	0	25	0	0	1	0.217246	0.226539
200	0	0	25	0	0	0	0.226539	0.227485
200	0	0	25	0	0	1	0.227485	0.253903
200	0	0	25	0	0	0	0.253903	0.259245
200	0	0	25	0	0	1	0.259245	0.27016
200	0	0	25	0	0	0	0.27016	0.277473
200	0	0	25	0	0	1	0.277473	0.301754
200	0	0	25	0	0	0	0.301754	0.304291
200	0	0	25	0	0	1	0.304291	0.427
##	200	0	0	25	0	0
200	0	0	25	0	1	1	0	0.0431393
200	0	0	25	0	1	0	0.0431393	0.0587723
200	0	0	25	0	1	1	0.0587723	0.140771
200	0	0	25	0	1	0	0.140771	0.158778
200	0	0	25	0	1	1	0.158778	0.187371
200	0	0	25	0	1	0	0.187371	0.191906
200	0	0	25	0	1	1	0.191906	0.19358
200	0	0	25	0	1	0	0.19358	0.213636
200	0	0	25	0	1	1	0.213636	0.27658
200	0	0	25	0	1	0	0.27658	0.285016
200	0	0	25	0	1	1	0.285016	0.394747
200	0	0	25	0	1	0	0.394747	0.405275
200	0	0	25	0	1	1	0.405275	0.427
##	200	0	0	25	0	1
##	200	0	0	25	mtdna	1
200	0	0	26	0	0	1	0	0.0446987
200	0	0	26	0	0	0	0.0446987	0.0449165
200	0	0	26	0	0	1	0.0449165	0.0466716
200	0	0	26	0	0	0	0.0466716	0.0479883
200	0	0	26	0	0	1	0.0479883	0.149199
200	0	0	26	0	0	0	0.149199	0.149207
200	0	0	26	0	0	1	0.149207	0.192428
200	0	0	26	0	0	0	0.192428	0.210385
200	0	0	26	0	0	1	0.210385	0.410848
200	0	0	26	0	0	0	0.410848	0.419654
200	0	0	26	0	0	1	0.419654	0.419699
200	0	0	26	0	0	0	0.419699	0.427
##	200	0	0	26	0	0
200	0	0	26	0	1	0	0	0.000698048
200	0	0	26	0	1	1	0.000698048	0.0631738
200	0	0	26	0	1	0	0.0631738	0.0672283
200	0	0	26	0	1	1	0.0672283	0.14134
200	0	0	26	0	1	0	0.14134	0.146367
200	0	0	26	0	1	1	0.146367	0.185987
200	0	0	26	0	1	0	0.185987	0.199642
200	0	0	26	0	1	1	0.199642	0.199749
200	0	0	26	0	1	0	0.199749	0.200644
200	0	0	26	0	1	1	0.200644	0.349993
200	0	0	26	0	1	0	0.349993	0.350647
200	0	0	26	0	1	1	0.350647	0.366283
200	0	0	26	0	1	0	0.366283	0.376155
200	0	0	26	0	1	1	0.376155	0.381038
200	0	0	26	0	1	0	0.381038	0.381519
200	0	0	26	0	1	1	0.381519	0.391348
200	0	0	26	0	1	0	0.391348	0.391619
200	0	0	26	0	1	1	0.391619	0.427
##	200	0	0	26	0	1
##	200	0	0	26	mtdna	1
200	0	0	27	0	0	1	0	0.1034
200	0	0	27	0	0	0	0.1034	0.104227
200	0	0	27	0	0	1	0.104227	0.174452
200	0	0	27	0	0	0	0.174452	0.17959
200	0	0	27	0	0	1	0.17959	0.246484
200	0	0	27	0	0	0	0.246484	0.253931
200	0	0	27	0	0	1	0.253931	0.427
##	200	0	0	27	0	0	0.2
200	0	0	27	0	1	1	0	0.203702
200	0	0	27	0	1	0	0.203702	0.208932
200	0	0	27	0	1	1	0.208932	0.362815
200	0	0	27	0	1	0	0.362815	0.364468
200	0	0	27	0	1	1	0.364468	0.391348
200	0	0	27	0	1	0	0.391348	0.399767
200	0	0	27	0	1	1	0.399767	0.427
##	200	0	0	27	0	1	0.2
##	200	0	0	27	mtdna	1
200	0	0	28	0	0	1	0	0.0683676
200	0	0	28	0	0	0	0.0683676	0.0735798
200	0	0	28	0	0	1	0.0735798	0.12869
200	0	0	28	0	0	0	0.12869	0.140161
200	0	0	28	0	0	1	0.140161	0.157722
200	0	0	28	0	0	0	0.157722	0.163366
200	0	0	28	0	0	1	0.163366	0.250546
200	0	0	28	0	0	0	0.250546	0.253931
200	0	0	28	0	0	1	0.253931	0.301707
200	0	0	28	0	0	0	0.301707	0.316305
200	0	0	28	0	0	1	0.316305	0.362815
200	0	0	28	0	0	0	0.362815	0.364468
200	0	0	28	0	0	1	0.364468	0.406758
200	0	0	28	0	0	0	0.406758	0.408037
200	0	0	28	0	0	1	0.408037	0.427
##	200	0	0	28	0	0	0.2
200	0	0	28	0	1	1	0	0.00225603
200	0	0	28	0	1	0	0.00225603	0.00961118
200	0	0	28	0	1	1	0.00961118	0.0653039
200	0	0	28	0	1	0	0.0653039	0.0704975
200	0	0	28	0	1	1	0.0704975	0.175011
200	0	0	28	0	1	0	0.175011	0.184022
200	0	0	28	0	1	1	0.184022	0.228449
200	0	0	28	0	1	0	0.228449	0.232963
200	0	0	28	0	1	1	0.232963	0.338102
200	0	0	28	0	1	0	0.338102	0.355722
200	0	0	28	0	1	1	0.355722	0.384434
200	0	0	28	0	1	0	0.384434	0.388319
200	0	0	28	0	1	1	0.388319	0.391449
200	0	0	28	0	1	0	0.391449	0.392732
200	0	0	28	0	1	1	0.392732	0.427
##	200	0	0	28	0	1	0.2
##	200	0	0	28	mtdna	1
200	0	0	29	0	0	1	0	0.016744
200	0	0	29	0	0	0	0.016744	0.0203099
200	0	0	29	0	0	1	0.0203099	0.25233
200	0	0	29	0	0	0	0.25233	0.254693
200	0	0	29	0	0	1	0.254693	0.38293
200	0	0	29	0	0	0	0.38293	0.388319
200	0	0	29	0	0	1	0.388319	0.397344
200	0	0	29	0	0	0	0.397344	0.401716
200	0	0	29	0	0	1	0.401716	0.427
##	200	0	0	29	0	0	0.2
200	0	0	29	0	1	1	0	0.059054
200	0	0	29	0	1	0	0.059054	0.0632135
200	0	0	29	0	1	1	0.0632135	0.184648
200	0	0	29	0	1	0	0.184648	0.203315
200	0	0	29	0	1	1	0.203315	0.21662
200	0	0	29	0	1	0	0.21662	0.221349
200	0	0	29	0	1	1	0.221349	0.371575
200	0	0	29	0	1	0	0.371575	0.383323
200	0	0	29	0	1	1	0.383323	0.427
##	200	0	0	29	0	1
##	200	0	0	29	mtdna	1
200	0	0	30	0	0	1	0	0.180159
200	0	0	30	0	0	0	0.180159	0.18961
200	0	0	30	0	0	1	0.18961	0.194156
200	0	0	30	0	0	0	0.194156	0.210138
200	0	0	30	0	0	1	0.210138	0.212156
200	0	0	30	0	0	0	0.212156	0.216454
200	0	0	30	0	0	1	0.216454	0.299977
200	0	0	30	0	0	0	0.299977	0.305697
200	0	0	30	0	0	1	0.305697	0.427
##	200	0	0	30	0	0
200	0	0	30	0	1	0	0	0.00443571
200	0	0	30	0	1	1	0.00443571	0.0352288
200	0	0	30	0	1	0	0.0352288	0.0417936
200	0	0	30	0	1	1	0.0417936	0.0499738
200	0	0	30	0	1	0	0.0499738	0.050986
200	0	0	30	0	1	1	0.050986	0.19208
200	0	0	30	0	1	0	0.19208	0.206792
200	0	0	30	0	1	1	0.206792	0.207068
200	0	0	30	0	1	0	0.207068	0.217246
200	0	0	30	0	1	1	0.217246	0.247222
200	0	0	30	0	1	0	0.247222	0.249015
200	0	0	30	0	1	1	0.249015	0.382635
200	0	0	30	0	1	0	0.382635	0.400872
200	0	0	30	0	1	1	0.400872	0.416347
200	0	0	30	0	1	0	0.416347	0.423772
200	0	0	30	0	1	1	0.423772	0.427
##	200	0	0	30	0	1
##	200	0	0	30	mtdna	1
200	0	0	31	0	0	1	0	0.139346
200	0	0	31	0	0	0	0.139346	0.144189
200	0	0	31	0	0	1	0.144189	0.157831
200	0	0	31	0	0	0	0.157831	0.165807
200	0	0	31	0	0	1	0.165807	0.192428
200	0	0	31	0	0	0	0.192428	0.230346
200	0	0	31	0	0	1	0.230346	0.379712
200	0	0	31	0	0	0	0.379712	0.386284
200	0	0	31	0	0	1	0.386284	0.38927
200	0	0	31	0	0	0	0.38927	0.411418
200	0	0	31	0	0	1	0.411418	0.427
##	200	0	0	31	0	0
200	0	0	31	0	1	1	0	0.06757
200	0	0	31	0	1	0	0.06757	0.0736831
200	0	0	31	0	1	1	0.0736831	0.111407
200	0	0	31	0	1	0	0.111407	0.111905
200	0	0	31	0	1	1	0.111905	0.211552
200	0	0	31	0	1	0	0.211552	0.21904
200	0	0	31	0	1	1	0.21904	0.234633
200	0	0	31	0	1	0	0.234633	0.235142
200	0	0	31	0	1	1	0.235142	0.265017
200	0	0	31	0	1	0	0.265017	0.265845
200	0	0	31	0	1	1	0.265845	0.427
##	200	0	0	31	0	1	0.2
##	200	0	0	31	mtdna	1
200	0	0	32	0	0	1	0	0.032496
200	0	0	32	0	0	0	0.032496	0.0335792
200	0	0	32	0	0	1	0.0335792	0.0854084
200	0	0	32	0	0	0	0.0854084	0.0858662
200	0	0	32	0	0	1	0.0858662	0.134675
200	0	0	32	0	0	0	0.134675	0.136807
200	0	0	32	0	0	1	0.136807	0.156561
200	0	0	32	0	0	0	0.156561	0.161979
200	0	0	32	0	0	1	0.161979	0.198128
200	0	0	32	0	0	0	0.198128	0.203607
200	0	0	32	0	0	1	0.203607	0.229982
200	0	0	32	0	0	0	0.229982	0.243281
200	0	0	32	0	0	1	0.243281	0.301707
200	0	0	32	0	0	0	0.301707	0.322332
200	0	0	32	0	0	1	0.322332	0.387357
200	0	0	32	0	0	0	0.387357	0.388396
200	0	0	32	0	0	1	0.388396	0.393505
200	0	0	32	0	0	0	0.393505	0.394134
200	0	0	32	0	0	1	0.394134	0.427
##	200	0	0	32	0	0
200	0	0	32	0	1	1	0	0.0355168
200	0	0	32	0	1	0	0.0355168	0.0449834
200	0	0	32	0	1	1	0.0449834	0.182354
200	0	0	32	0	1	0	0.182354	0.189354
200	0	0	32	0	1	1	0.189354	0.193813
200	0	0	32	0	1	0	0.193813	0.210632
200	0	0	32	0	1	1	0.210632	0.427
##	200	0	0	32	0	1
##	200	0	0	32	mtdna	1
200	0	0	33	0	0	1	0	0.1724
200	0	0	33	0	0	0	0.1724	0.172497
200	0	0	33	0	0	1	0.172497	0.189398
200	0	0	33	0	0	0	0.189398	0.197332
200	0	0	33	0	0	1	0.197332	0.312622
200	0	0	33	0	0	0	0.312622	0.318546
200	0	0	33	0	0	1	0.318546	0.318997
200	0	0	33	0	0	0	0.318997	0.322712
200	0	0	33	0	0	1	0.322712	0.427
##	200	0	0	33	0	0	0.2
200	0	0	33	0	1	0	0	0.0080051
200	0	0	33	0	1	1	0.0080051	0.0658439
200	0	0	33	0	1	0	0.0658439	0.0662109
200	0	0	33	0	1	1	0.0662109	0.124438
200	0	0	33	0	1	0	0.124438	0.12595
200	0	0	33	0	1	1	0.12595	0.147448
200	0	0	33	0	1	0	0.147448	0.158573
200	0	0	33	0	1	1	0.158573	0.186684
200	0	0	33	0	1	0	0.186684	0.195365
200	0	0	33	0	1	1	0.195365	0.197895
200	0	0	33	0	1	0	0.197895	0.200119
200	0	0	33	0	1	1	0.200119	0.327578
200	0	0	33	0	1	0	0.327578	0.330626
200	0	0	33	0	1	1	0.330626	0.427
##	200	0	0	33	0	1
##	200	0	0	33	mtdna	1
200	0	0	34	0	0	1	0	0.0144613
200	0	0	34	0	0	0	0.0144613	0.022016
200	0	0	34	0	0	1	0.022016	0.178593
200	0	0	34	0	0	0	0.178593	0.179517
200	0	0	34	0	0	1	0.179517	0.212628
200	0	0	34	0	0	0	0.212628	0.213004
200	0	0	34	0	0	1	0.213004	0.268319
200	0	0	34	0	0	0	0.268319	0.26946
200	0	0	34	0	0	1	0.26946	0.427
##	200	0	0	34	0	0	0.2
200	0	0	34	0	1	1	0	0.183514
200	0	0	34	0	1	0	0.183514	0.185703
200	0	0	34	0	1	1	0.185703	0.197357
200	0	0	34	0	1	0	0.197357	0.205777
200	0	0	34	0	1	1	0.205777	0.213629
200	0	0	34	0	1	0	0.213629	0.215149
200	0	0	34	0	1	1	0.215149	0.215807
200	0	0	34	0	1	0	0.215807	0.218598
200	0	0	34	0	1	1	0.218598	0.336919
200	0	0	34	0	1	0	0.336919	0.337824
200	0	0	34	0	1	1	0.337824	0.377801
200	0	0	34	0	1	0	0.377801	0.384463
200	0	0	34	0	1	1	0.384463	0.427
##	200	0	0	34	0	1
##	200	0	0	34	mtdna	1
200	0	0	35	0	0	1	0	0.0691257
200	0	0	35	0	0	0	0.0691257	0.0695615
200	0	0	35	0	0	1	0.0695615	0.0799666
200	0	0	35	0	0	0	0.0799666	0.0807087
200	0	0	35	0	0	1	0.0807087	0.134932
200	0	0	35	0	0	0	0.134932	0.135491
200	0	0	35	0	0	1	0.135491	0.194156
200	0	0	35	0	0	0	0.194156	0.195836
200	0	0	35	0	0	1	0.195836	0.317476
200	0	0	35	0	0	0	0.317476	0.317938
200	0	0	35	0	0	1	0.317938	0.370524
200	0	0	35	0	0	0	0.370524	0.376132
200	0	0	35	0	0	1	0.376132	0.427
##	200	0	0	35	0	0	0.2
200	0	0	35	0	1	1	0	0.195171
200	0	0	35	0	1	0	0.195171	0.210138
200	0	0	35	0	1	1	0.210138	0.215796
200	0	0	35	0	1	0	0.215796	0.230851
200	0	0	35	0	1	1	0.230851	0.391444
200	0	0	35	0	1	0	0.391444	0.393446
200	0	0	35	0	1	1	0.393446	0.427
##	200	0	0	35	0	1
##	200	0	0	35	mtdna	1
200	0	0	36	0	0	1	0	0.0718401
200	0	0	36	0	0	0	0.0718401	0.0735798
200	0	0	36	0	0	1	0.0735798	0.0807891
200	0	0	36	0	0	0	0.0807891	0.0823401
200	0	0	36	0	0	1	0.0823401	0.168566
200	0	0	36	0	0	0	0.168566	0.186164
200	0	0	36	0	0	1	0.186164	0.1978
200	0	0	36	0	0	0	0.1978	0.206973
200	0	0	36	0	0	1	0.206973	0.223727
200	0	0	36	0	0	0	0.223727	0.23076
200	0	0	36	0	0	1	0.23076	0.269346
200	0	0	36	0	0	0	0.269346	0.270394
200	0	0	36	0	0	1	0.270394	0.410848
200	0	0	36	0	0	0	0.410848	0.412202
200	0	0	36	0	0	1	0.412202	0.427
##	200	0	0	36	0	0
200	0	0	36	0	1	1	0	0.00233896
200	0	0	36	0	1	0	0.00233896	0.0068095
200	0	0	36	0	1	1	0.0068095	0.0168074
200	0	0	36	0	1	0	0.0168074	0.0401541
200	0	0	36	0	1	1	0.0401541	0.0552427
200	0	0	36	0	1	0	0.0552427	0.0634884
200	0	0	36	0	1	1	0.0634884	0.174144
200	0	0	36	0	1	0	0.174144	0.176888
200	0	0	36	0	1	1	0.176888	0.195319
200	0	0	36	0	1	0	0.195319	0.200206
200	0	0	36	0	1	1	0.200206	0.224314
200	0	0	36	0	1	0	0.224314	0.22816
200	0	0	36	0	1	1	0.22816	0.399079
200	0	0	36	0	1	0	0.399079	0.402386
200	0	0	36	0	1	1	0.402386	0.427
##	200	0	0	36	0	1
##	200	0	0	36	mtdna	1
200	0	0	37	0	0	1	0	0.0899197
200	0	0	37	0	0	0	0.0899197	0.0914144
200	0	0	37	0	0	1	0.0914144	0.19358
200	0	0	37	0	0	0	0.19358	0.200962
200	0	0	37	0	0	1	0.200962	0.203297
200	0	0	37	0	0	0	0.203297	0.224734
200	0	0	37	0	0	1	0.224734	0.290393
200	0	0	37	0	0	0	0.290393	0.298576
200	0	0	37	0	0	1	0.298576	0.318958
200	0	0	37	0	0	0	0.318958	0.323665
200	0	0	37	0	0	1	0.323665	0.379712
200	0	0	37	0	0	0	0.379712	0.386284
200	0	0	37	0	0	1	0.386284	0.38927
200	0	0	37	0	0	0	0.38927	0.411418
200	0	0	37	0	0	1	0.411418	0.420707
200	0	0	37	0	0	0	0.420707	0.4208
200	0	0	37	0	0	1	0.4208	0.427
##	200	0	0	37	0	0
200	0	0	37	0	1	1	0	0.17011
200	0	0	37	0	1	0	0.17011	0.170833
200	0	0	37	0	1	1	0.170833	0.192434
200	0	0	37	0	1	0	0.192434	0.215743
200	0	0	37	0	1	1	0.215743	0.233099
200	0	0	37	0	1	0	0.233099	0.240763
200	0	0	37	0	1	1	0.240763	0.331234
200	0	0	37	0	1	0	0.331234	0.374573
200	0	0	37	0	1	1	0.374573	0.379264
200	0	0	37	0	1	0	0.379264	0.392359
200	0	0	37	0	1	1	0.392359	0.402963
200	0	0	37	0	1	0	0.402963	0.407174
200	0	0	37	0	1	1	0.407174	0.427
##	200	0	0	37	0	1
##	200	0	0	37	mtdna	1
200	0	0	38	0	0	1	0	0.149199
200	0	0	38	0	0	0	0.149199	0.149207
200	0	0	38	0	0	1	0.149207	0.190966
200	0	0	38	0	0	0	0.190966	0.199414
200	0	0	38	0	0	1	0.199414	0.19952
200	0	0	38	0	0	0	0.19952	0.210331
200	0	0	38	0	0	1	0.210331	0.393731
200	0	0	38	0	0	0	0.393731	0.405363
200	0	0	38	0	0	1	0.405363	0.427
##	200	0	0	38	0	0
200	0	0	38	0	1	1	0	0.0915974
200	0	0	38	0	1	0	0.0915974	0.0947717
200	0	0	38	0	1	1	0.0947717	0.103053
200	0	0	38	0	1	0	0.103053	0.103069
200	0	0	38	0	1	1	0.103069	0.115007
200	0	0	38	0	1	0	0.115007	0.134428
200	0	0	38	0	1	1	0.134428	0.142893
200	0	0	38	0	1	0	0.142893	0.151633
200	0	0	38	0	1	1	0.151633	0.184388
200	0	0	38	0	1	0	0.184388	0.191727
200	0	0	38	0	1	1	0.191727	0.197184
200	0	0	38	0	1	0	0.197184	0.208932
200	0	0	38	0	1	1	0.208932	0.241897
200	0	0	38	0	1	0	0.241897	0.246227
200	0	0	38	0	1	1	0.246227	0.34026
200	0	0	38	0	1	0	0.34026	0.340495
200	0	0	38	0	1	1	0.340495	0.3478
200	0	0	38	0	1	0	0.3478	0.350647
200	0	0	38	0	1	1	0.350647	0.391951
200	0	0	38	0	1	0	0.391951	0.397376
200	0	0	38	0	1	1	0.397376	0.402124
200	0	0	38	0	1	0	0.402124	0.406441
200	0	0	38	0	1	1	0.406441	0.427
##	200	0	0	38	0	1
##	200	0	0	38	mtdna	1
200	0	0	39	0	0	1	0	0.15623
200	0	0	39	0	0	0	0.15623	0.167994
200	0	0	39	0	0	1	0.167994	0.197543
200	0	0	39	0	0	0	0.197543	0.200693
200	0	0	39	0	0	1	0.200693	0.343967
200	0	0	39	0	0	0	0.343967	0.348283
200	0	0	39	0	0	1	0.348283	0.427
##	200	0	0	39	0	0
200	0	0	39	0	1	1	0	0.0390418
200	0	0	39	0	1	0	0.0390418	0.0391261
200	0	0	39	0	1	1	0.0391261	0.123454
200	0	0	39	0	1	0	0.123454	0.127703
200	0	0	39	0	1	1	0.127703	0.200666
200	0	0	39	0	1	0	0.200666	0.218
200	0	0	39	0	1	1	0.218	0.326031
200	0	0	39	0	1	0	0.326031	0.329132
200	0	0	39	0	1	1	0.329132	0.416354
200	0	0	39	0	1	0	0.416354	0.419214
200	0	0	39	0	1	1	0.419214	0.427
##	200	0	0	39	0	1	0.2
##	200	0	0	39	mtdna	1
200	0	0	40	0	0	1	0	0.107588
200	0	0	40	0	0	0	0.107588	0.110934
200	0	0	40	0	0	1	0.110934	0.152726
200	0	0	40	0	0	0	0.152726	0.181343
200	0	0	40	0	0	1	0.181343	0.183908
200	0	0	40	0	0	0	0.183908	0.184486
200	0	0	40	0	0	1	0.184486	0.216992
200	0	0	40	0	0	0	0.216992	0.222451
200	0	0	40	0	0	1	0.222451	0.251248
200	0	0	40	0	0	0	0.251248	0.256393
200	0	0	40	0	0	1	0.256393	0.301707
200	0	0	40	0	0	0	0.301707	0.309283
200	0	0	40	0	0	1	0.309283	0.427
##	200	0	0	40	0	0	0.2
200	0	0	40	0	1	1	0	0.0257006
200	0	0	40	0	1	0	0.0257006	0.0325527
200	0	0	40	0	1	1	0.0325527	0.101769
200	0	0	40	0	1	0	0.101769	0.113582
200	0	0	40	0	1	1	0.113582	0.139666
200	0	0	40	0	1	0	0.139666	0.142676
200	0	0	40	0	1	1	0.142676	0.19208
200	0	0	40	0	1	0	0.19208	0.198526
200	0	0	40	0	1	1	0.198526	0.209954
200	0	0	40	0	1	0	0.209954	0.210512
200	0	0	40	0	1	1	0.210512	0.230913
200	0	0	40	0	1	0	0.230913	0.236728
200	0	0	40	0	1	1	0.236728	0.244084
200	0	0	40	0	1	0	0.244084	0.245664
200	0	0	40	0	1	1	0.245664	0.254009
200	0	0	40	0	1	0	0.254009	0.255155
200	0	0	40	0	1	1	0.255155	0.29122
200	0	0	40	0	1	0	0.29122	0.293009
200	0	0	40	0	1	1	0.293009	0.385511
200	0	0	40	0	1	0	0.385511	0.388571
200	0	0	40	0	1	1	0.388571	0.411621
200	0	0	40	0	1	0	0.411621	0.413127
200	0	0	40	0	1	1	0.413127	0.421878
200	0	0	40	0	1	0	0.421878	0.427
##	200	0	0	40	0	1	0.2
##	200	0	0	40	mtdna	1
200	0	0	41	0	0	1	0	0.0646694
200	0	0	41	0	0	0	0.0646694	0.0696594
200	0	0	41	0	0	1	0.0696594	0.199896
200	0	0	41	0	0	0	0.199896	0.207466
200	0	0	41	0	0	1	0.207466	0.406162
200	0	0	41	0	0	0	0.406162	0.407669
200	0	0	41	0	0	1	0.407669	0.41434
200	0	0	41	0	0	0	0.41434	0.416212
200	0	0	41	0	0	1	0.416212	0.427
##	200	0	0	41	0	0
200	0	0	41	0	1	1	0	0.0138765
200	0	0	41	0	1	0	0.0138765	0.0216977
200	0	0	41	0	1	1	0.0216977	0.1267
200	0	0	41	0	1	0	0.1267	0.127591
200	0	0	41	0	1	1	0.127591	0.195319
200	0	0	41	0	1	0	0.195319	0.200206
200	0	0	41	0	1	1	0.200206	0.427
##	200	0	0	41	0	1
##	200	0	0	41	mtdna	1
200	0	0	42	0	0	1	0	0.427
##	200	0	0	42	0	0	0.2
200	0	0	42	0	1	1	0	0.0296281
200	0	0	42	0	1	0	0.0296281	0.0356919
200	0	0	42	0	1	1	0.0356919	0.0528824
200	0	0	42	0	1	0	0.0528824	0.0547975
200	0	0	42	0	1	1	0.0547975	0.196907
200	0	0	42	0	1	0	0.196907	0.201494
200	0	0	42	0	1	1	0.201494	0.427
##	200	0	0	42	0	1
##	200	0	0	42	mtdna	1
200	0	0	43	0	0	1	0	0.0771829
200	0	0	43	0	0	0	0.0771829	0.0782196
200	0	0	43	0	0	1	0.0782196	0.117953
200	0	0	43	0	0	0	0.117953	0.121654
200	0	0	43	0	0	1	0.121654	0.174897
200	0	0	43	0	0	0	0.174897	0.181844
200	0	0	43	0	0	1	0.181844	0.190967
200	0	0	43	0	0	0	0.190967	0.193584
200	0	0	43	0	0	1	0.193584	0.199064
200	0	0	43	0	0	0	0.199064	0.205677
200	0	0	43	0	0	1	0.205677	0.427
##	200	0	0	43	0	0
200	0	0	43	0	1	1	0	0.192745
200	0	0	43	0	1	0	0.192745	0.202059
200	0	0	43	0	1	1	0.202059	0.203483
200	0	0	43	0	1	0	0.203483	0.204318
200	0	0	43	0	1	1	0.204318	0.247222
200	0	0	43	0	1	0	0.247222	0.250164
200	0	0	43	0	1	1	0.250164	0.299576
200	0	0	43	0	1	0	0.299576	0.301703
200	0	0	43	0	1	1	0.301703	0.427
##	200	0	0	43	0	1
##	200	0	0	43	mtdna	1
200	0	0	44	0	0	1	0	0.0329209
200	0	0	44	0	0	0	0.0329209	0.0737445
200	0	0	44	0	0	1	0.0737445	0.100249
200	0	0	44	0	0	0	0.100249	0.100965
200	0	0	44	0	0	1	0.100965	0.122618
200	0	0	44	0	0	0	0.122618	0.122742
200	0	0	44	0	0	1	0.122742	0.300274
200	0	0	44	0	0	0	0.300274	0.300601
200	0	0	44	0	0	1	0.300601	0.39924
200	0	0	44	0	0	0	0.39924	0.407966
200	0	0	44	0	0	1	0.407966	0.427
##	200	0	0	44	0	0	0.2
200	0	0	44	0	1	1	0	0.0467114
200	0	0	44	0	1	0	0.0467114	0.0526433
200	0	0	44	0	1	1	0.0526433	0.138977
200	0	0	44	0	1	0	0.138977	0.141395
200	0	0	44	0	1	1	0.141395	0.174426
200	0	0	44	0	1	0	0.174426	0.202548
200	0	0	44	0	1	1	0.202548	0.205531
200	0	0	44	0	1	0	0.205531	0.211488
200	0	0	44	0	1	1	0.211488	0.270397
200	0	0	44	0	1	0	0.270397	0.27145
200	0	0	44	0	1	1	0.27145	0.301534
200	0	0	44	0	1	0	0.301534	0.307205
200	0	0	44	0	1	1	0.307205	0.427
##	200	0	0	44	0	1
##	200	0	0	44	mtdna	1
200	0	0	45	0	0	1	0	0.153514
200	0	0	45	0	0	0	0.153514	0.155935
200	0	0	45	0	0	1	0.155935	0.187981
200	0	0	45	0	0	0	0.187981	0.199043
200	0	0	45	0	0	1	0.199043	0.223706
200	0	0	45	0	0	0	0.223706	0.224603
200	0	0	45	0	0	1	0.224603	0.427
##	200	0	0	45	0	0	0.2
200	0	0	45	0	1	1	0	0.170705
200	0	0	45	0	1	0	0.170705	0.174424
200	0	0	45	0	1	1	0.174424	0.181343
200	0	0	45	0	1	0	0.181343	0.18305
200	0	0	45	0	1	1	0.18305	0.192467
200	0	0	45	0	1	0	0.192467	0.192538
200	0	0	45	0	1	1	0.192538	0.21381
200	0	0	45	0	1	0	0.21381	0.219553
200	0	0	45	0	1	1	0.219553	0.227741
200	0	0	45	0	1	0	0.227741	0.234964
200	0	0	45	0	1	1	0.234964	0.264555
200	0	0	45	0	1	0	0.264555	0.265772
200	0	0	45	0	1	1	0.265772	0.265819
200	0	0	45	0	1	0	0.265819	0.269589
200	0	0	45	0	1	1	0.269589	0.347043
200	0	0	45	0	1	0	0.347043	0.34737
200	0	0	45	0	1	1	0.34737	0.406332
200	0	0	45	0	1	0	0.406332	0.427
##	200	0	0	45	0	1	0.2
##	200	0	0	45	mtdna	1
200	0	0	46	0	0	1	0	0.0798307
200	0	0	46	0	0	0	0.0798307	0.108035
200	0	0	46	0	0	1	0.108035	0.14124
200	0	0	46	0	0	0	0.14124	0.144857
200	0	0	46	0	0	1	0.144857	0.198543
200	0	0	46	0	0	0	0.198543	0.201584
200	0	0	46	0	0	1	0.201584	0.368083
200	0	0	46	0	0	0	0.368083	0.368974
200	0	0	46	0	0	1	0.368974	0.382457
200	0	0	46	0	0	0	0.382457	0.388319
200	0	0	46	0	0	1	0.388319	0.427
##	200	0	0	46	0	0
200	0	0	46	0	1	1	0	0.0325998
200	0	0	46	0	1	0	0.0325998	0.0445347
200	0	0	46	0	1	1	0.0445347	0.058601
200	0	0	46	0	1	0	0.058601	0.0665648
200	0	0	46	0	1	1	0.0665648	0.102426
200	0	0	46	0	1	0	0.102426	0.106102
200	0	0	46	0	1	1	0.106102	0.140032
200	0	0	46	0	1	0	0.140032	0.151633
200	0	0	46	0	1	1	0.151633	0.189398
200	0	0	46	0	1	0	0.189398	0.210689
200	0	0	46	0	1	1	0.210689	0.234633
200	0	0	46	0	1	0	0.234633	0.234919
200	0	0	46	0	1	1	0.234919	0.415515
200	0	0	46	0	1	0	0.415515	0.424479
200	0	0	46	0	1	1	0.424479	0.427
##	200	0	0	46	0	1
##	200	0	0	46	mtdna	1
200	0	0	47	0	0	1	0	0.129081
200	0	0	47	0	0	0	0.129081	0.135168
200	0	0	47	0	0	1	0.135168	0.184015
200	0	0	47	0	0	0	0.184015	0.186737
200	0	0	47	0	0	1	0.186737	0.188785
200	0	0	47	0	0	0	0.188785	0.189703
200	0	0	47	0	0	1	0.189703	0.23887
200	0	0	47	0	0	0	0.23887	0.239703
200	0	0	47	0	0	1	0.239703	0.329053
200	0	0	47	0	0	0	0.329053	0.32981
200	0	0	47	0	0	1	0.32981	0.427
##	200	0	0	47	0	0	0.2
200	0	0	47	0	1	1	0	0.0658148
200	0	0	47	0	1	0	0.0658148	0.0672887
200	0	0	47	0	1	1	0.0672887	0.166799
200	0	0	47	0	1	0	0.166799	0.172536
200	0	0	47	0	1	1	0.172536	0.202591
200	0	0	47	0	1	0	0.202591	0.20719
200	0	0	47	0	1	1	0.20719	0.217567
200	0	0	47	0	1	0	0.217567	0.222214
200	0	0	47	0	1	1	0.222214	0.234251
200	0	0	47	0	1	0	0.234251	0.240396
200	0	0	47	0	1	1	0.240396	0.327091
200	0	0	47	0	1	0	0.327091	0.341373
200	0	0	47	0	1	1	0.341373	0.396026
200	0	0	47	0	1	0	0.396026	0.401361
200	0	0	47	0	1	1	0.401361	0.427
##	200	0	0	47	0	1	0.2
##	200	0	0	47	mtdna	1
200	0	0	48	0	0	1	0	0.168912
200	0	0	48	0	0	0	0.168912	0.17078
200	0	0	48	0	0	1	0.17078	0.224903
200	0	0	48	0	0	0	0.224903	0.250349
200	0	0	48	0	0	1	0.250349	0.297709
200	0	0	48	0	0	0	0.297709	0.300743
200	0	0	48	0	0	1	0.300743	0.312625
200	0	0	48	0	0	0	0.312625	0.314153
200	0	0	48	0	0	1	0.314153	0.401159
200	0	0	48	0	0	0	0.401159	0.423932
200	0	0	48	0	0	1	0.423932	0.427
##	200	0	0	48	0	0	0.2
200	0	0	48	0	1	1	0	0.107178
200	0	0	48	0	1	0	0.107178	0.115579
200	0	0	48	0	1	1	0.115579	0.180013
200	0	0	48	0	1	0	0.180013	0.180384
200	0	0	48	0	1	1	0.180384	0.189677
200	0	0	48	0	1	0	0.189677	0.195821
200	0	0	48	0	1	1	0.195821	0.198435
200	0	0	48	0	1	0	0.198435	0.201682
200	0	0	48	0	1	1	0.201682	0.226134
200	0	0	48	0	1	0	0.226134	0.23848
200	0	0	48	0	1	1	0.23848	0.299088
200	0	0	48	0	1	0	0.299088	0.29938
200	0	0	48	0	1	1	0.29938	0.376458
200	0	0	48	0	1	0	0.376458	0.378651
200	0	0	48	0	1	1	0.378651	0.400566
200	0	0	48	0	1	0	0.400566	0.410506
200	0	0	48	0	1	1	0.410506	0.420287
200	0	0	48	0	1	0	0.420287	0.421659
200	0	0	48	0	1	1	0.421659	0.427
##	200	0	0	48	0	1
##	200	0	0	48	mtdna	1
200	0	0	49	0	0	1	0	0.0499738
200	0	0	49	0	0	0	0.0499738	0.050986
200	0	0	49	0	0	1	0.050986	0.0555369
200	0	0	49	0	0	0	0.0555369	0.0595435
200	0	0	49	0	0	1	0.0595435	0.192302
200	0	0	49	0	0	0	0.192302	0.201682
200	0	0	49	0	0	1	0.201682	0.219436
200	0	0	49	0	0	0	0.219436	0.22438
200	0	0	49	0	0	1	0.22438	0.228449
200	0	0	49	0	0	0	0.228449	0.232963
200	0	0	49	0	0	1	0.232963	0.245288
200	0	0	49	0	0	0	0.245288	0.246006
200	0	0	49	0	0	1	0.246006	0.359672
200	0	0	49	0	0	0	0.359672	0.360589
200	0	0	49	0	0	1	0.360589	0.380455
200	0	0	49	0	0	0	0.380455	0.389808
200	0	0	49	0	0	1	0.389808	0.427
##	200	0	0	49	0	0
200	0	0	49	0	1	1	0	0.134668
200	0	0	49	0	1	0	0.134668	0.149734
200	0	0	49	0	1	1	0.149734	0.187317
200	0	0	49	0	1	0	0.187317	0.206118
200	0	0	49	0	1	1	0.206118	0.265819
200	0	0	49	0	1	0	0.265819	0.271664
200	0	0	49	0	1	1	0.271664	0.325508
200	0	0	49	0	1	0	0.325508	0.326391
200	0	0	49	0	1	1	0.326391	0.335799
200	0	0	49	0	1	0	0.335799	0.340634
200	0	0	49	0	1	1	0.340634	0.427
##	200	0	0	49	0	1
##	200	0	0	49	mtdna	1
200	0	0	50	0	0	1	0	0.147754
200	0	0	50	0	0	0	0.147754	0.152435
200	0	0	50	0	0	1	0.152435	0.156786
200	0	0	50	0	0	0	0.156786	0.1573
200	0	0	50	0	0	1	0.1573	0.173205
200	0	0	50	0	0	0	0.173205	0.183205
200	0	0	50	0	0	1	0.183205	0.193638
200	0	0	50	0	0	0	0.193638	0.209626
200	0	0	50	0	0	1	0.209626	0.210927
200	0	0	50	0	0	0	0.210927	0.218042
200	0	0	50	0	0	1	0.218042	0.227799
200	0	0	50	0	0	0	0.227799	0.227855
200	0	0	50	0	0	1	0.227855	0.380634
200	0	0	50	0	0	0	0.380634	0.393285
200	0	0	50	0	0	1	0.393285	0.421721
200	0	0	50	0	0	0	0.421721	0.427
##	200	0	0	50	0	0
200	0	0	50	0	1	1	0	0.196855
200	0	0	50	0	1	0	0.196855	0.200259
200	0	0	50	0	1	1	0.200259	0.427
##	200	0	0	50	0	1
##	200	0	0	50	mtdna	1
200	0	0	51	0	0	1	0	0.0579267
200	0	0	51	0	0	0	0.0579267	0.0735798
200	0	0	51	0	0	1	0.0735798	0.190194
200	0	0	51	0	0	0	0.190194	0.193749
200	0	0	51	0	0	1	0.193749	0.238328
200	0	0	51	0	0	0	0.238328	0.238532
200	0	0	51	0	0	1	0.238532	0.252063
200	0	0	51	0	0	0	0.252063	0.252423
200	0	0	51	0	0	1	0.252423	0.371145
200	0	0	51	0	0	0	0.371145	0.379719
200	0	0	51	0	0	1	0.379719	0.427
##	200	0	0	51	0	0	0.2
200	0	0	51	0	1	0	0	0.00246704
200	0	0	51	0	1	1	0.00246704	0.0985505
200	0	0	51	0	1	0	0.0985505	0.102691
200	0	0	51	0	1	1	0.102691	0.186307
200	0	0	51	0	1	0	0.186307	0.189355
200	0	0	51	0	1	1	0.189355	0.196883
200	0	0	51	0	1	0	0.196883	0.200083
200	0	0	51	0	1	1	0.200083	0.427
##	200	0	0	51	0	1
##	200	0	0	51	mtdna	1
200	0	0	52	0	0	1	0	0.214259
200	0	0	52	0	0	0	0.214259	0.219991
200	0	0	52	0	0	1	0.219991	0.309431
200	0	0	52	0	0	0	0.309431	0.313325
200	0	0	52	0	0	1	0.313325	0.369842
200	0	0	52	0	0	0	0.369842	0.372467
200	0	0	52	0	0	1	0.372467	0.374287
200	0	0	52	0	0	0	0.374287	0.377527
200	0	0	52	0	0	1	0.377527	0.408919
200	0	0	52	0	0	0	0.408919	0.410585
200	0	0	52	0	0	1	0.410585	0.427
##	200	0	0	52	0	0	0.2
200	0	0	52	0	1	1	0	0.0249558
200	0	0	52	0	1	0	0.0249558	0.0251794
200	0	0	52	0	1	1	0.0251794	0.0510331
200	0	0	52	0	1	0	0.0510331	0.0596903
200	0	0	52	0	1	1	0.0596903	0.175467
200	0	0	52	0	1	0	0.175467	0.182638
200	0	0	52	0	1	1	0.182638	0.187336
200	0	0	52	0	1	0	0.187336	0.197464
200	0	0	52	0	1	1	0.197464	0.198427
200	0	0	52	0	1	0	0.198427	0.213007
200	0	0	52	0	1	1	0.213007	0.223116
200	0	0	52	0	1	0	0.223116	0.231977
200	0	0	52	0	1	1	0.231977	0.365022
200	0	0	52	0	1	0	0.365022	0.367034
200	0	0	52	0	1	1	0.367034	0.395235
200	0	0	52	0	1	0	0.395235	0.395497
200	0	0	52	0	1	1	0.395497	0.427
##	200	0	0	52	0	1
##	200	0	0	52	mtdna	1
200	0	0	53	0	0	1	0	0.0513265
200	0	0	53	0	0	0	0.0513265	0.0659502
200	0	0	53	0	0	1	0.0659502	0.190909
200	0	0	53	0	0	0	0.190909	0.195478
200	0	0	53	0	0	1	0.195478	0.218221
200	0	0	53	0	0	0	0.218221	0.227693
200	0	0	53	0	0	1	0.227693	0.245783
200	0	0	53	0	0	0	0.245783	0.250403
200	0	0	53	0	0	1	0.250403	0.28286
200	0	0	53	0	0	0	0.28286	0.285932
200	0	0	53	0	0	1	0.285932	0.403697
200	0	0	53	0	0	0	0.403697	0.408235
200	0	0	53	0	0	1	0.408235	0.427
##	200	0	0	53	0	0	0.2
200	0	0	53	0	1	1	0	0.0763753
200	0	0	53	0	1	0	0.0763753	0.0780961
200	0	0	53	0	1	1	0.0780961	0.144071
200	0	0	53	0	1	0	0.144071	0.15909
200	0	0	53	0	1	1	0.15909	0.206356
200	0	0	53	0	1	0	0.206356	0.209392
200	0	0	53	0	1	1	0.209392	0.247187
200	0	0	53	0	1	0	0.247187	0.247722
200	0	0	53	0	1	1	0.247722	0.382635
200	0	0	53	0	1	0	0.382635	0.400872
200	0	0	53	0	1	1	0.400872	0.427
##	200	0	0	53	0	1	0.2
##	200	0	0	53	mtdna	1
200	0	0	54	0	0	1	0	0.0259981
200	0	0	54	0	0	0	0.0259981	0.0378171
200	0	0	54	0	0	1	0.0378171	0.0591055
200	0	0	54	0	0	0	0.0591055	0.0604875
200	0	0	54	0	0	1	0.0604875	0.137346
200	0	0	54	0	0	0	0.137346	0.141553
200	0	0	54	0	0	1	0.141553	0.196907
200	0	0	54	0	0	0	0.196907	0.205593
200	0	0	54	0	0	1	0.205593	0.208405
200	0	0	54	0	0	0	0.208405	0.21287
200	0	0	54	0	0	1	0.21287	0.318958
200	0	0	54	0	0	0	0.318958	0.320707
200	0	0	54	0	0	1	0.320707	0.412648
200	0	0	54	0	0	0	0.412648	0.424825
200	0	0	54	0	0	1	0.424825	0.427
##	200	0	0	54	0	0
200	0	0	54	0	1	1	0	0.00196893
200	0	0	54	0	1	0	0.00196893	0.00393698
200	0	0	54	0	1	1	0.00393698	0.185621
200	0	0	54	0	1	0	0.185621	0.196051
200	0	0	54	0	1	1	0.196051	0.212282
200	0	0	54	0	1	0	0.212282	0.221245
200	0	0	54	0	1	1	0.221245	0.232801
200	0	0	54	0	1	0	0.232801	0.246006
200	0	0	54	0	1	1	0.246006	0.299088
200	0	0	54	0	1	0	0.299088	0.29938
200	0	0	54	0	1	1	0.29938	0.427
##	200	0	0	54	0	1	0.2
##	200	0	0	54	mtdna	1
200	0	0	55	0	0	0	0	0.0080051
200	0	0	55	0	0	1	0.0080051	0.0124823
200	0	0	55	0	0	0	0.0124823	0.0185145
200	0	0	55	0	0	1	0.0185145	0.06757
200	0	0	55	0	0	0	0.06757	0.0736831
200	0	0	55	0	0	1	0.0736831	0.166795
200	0	0	55	0	0	0	0.166795	0.171337
200	0	0	55	0	0	1	0.171337	0.195171
200	0	0	55	0	0	0	0.195171	0.204113
200	0	0	55	0	0	1	0.204113	0.204468
200	0	0	55	0	0	0	0.204468	0.205041
200	0	0	55	0	0	1	0.205041	0.21665
200	0	0	55	0	0	0	0.21665	0.228332
200	0	0	55	0	0	1	0.228332	0.294954
200	0	0	55	0	0	0	0.294954	0.300227
200	0	0	55	0	0	1	0.300227	0.427
##	200	0	0	55	0	0
200	0	0	55	0	1	1	0	0.198628
200	0	0	55	0	1	0	0.198628	0.202896
200	0	0	55	0	1	1	0.202896	0.211882
200	0	0	55	0	1	0	0.211882	0.213067
200	0	0	55	0	1	1	0.213067	0.216428
200	0	0	55	0	1	0	0.216428	0.223632
200	0	0	55	0	1	1	0.223632	0.371575
200	0	0	55	0	1	0	0.371575	0.383323
200	0	0	55	0	1	1	0.383323	0.40977
200	0	0	55	0	1	0	0.40977	0.412347
200	0	0	55	0	1	1	0.412347	0.427
##	200	0	0	55	0	1
##	200	0	0	55	mtdna	1
200	0	0	56	0	0	1	0	0.0262034
200	0	0	56	0	0	0	0.0262034	0.0282027
200	0	0	56	0	0	1	0.0282027	0.109777
200	0	0	56	0	0	0	0.109777	0.111794
200	0	0	56	0	0	1	0.111794	0.221306
200	0	0	56	0	0	0	0.221306	0.223554
200	0	0	56	0	0	1	0.223554	0.427
##	200	0	0	56	0	0	0.2
200	0	0	56	0	1	1	0	0.0493116
200	0	0	56	0	1	0	0.0493116	0.0513376
200	0	0	56	0	1	1	0.0513376	0.0693371
200	0	0	56	0	1	0	0.0693371	0.0735798
200	0	0	56	0	1	1	0.0735798	0.127236
200	0	0	56	0	1	0	0.127236	0.128293
200	0	0	56	0	1	1	0.128293	0.1428
200	0	0	56	0	1	0	0.1428	0.149072
200	0	0	56	0	1	1	0.149072	0.156774
200	0	0	56	0	1	0	0.156774	0.184497
200	0	0	56	0	1	1	0.184497	0.191617
200	0	0	56	0	1	0	0.191617	0.202158
200	0	0	56	0	1	1	0.202158	0.203792
200	0	0	56	0	1	0	0.203792	0.207305
200	0	0	56	0	1	1	0.207305	0.299576
200	0	0	56	0	1	0	0.299576	0.301703
200	0	0	56	0	1	1	0.301703	0.427
##	200	0	0	56	0	1
##	200	0	0	56	mtdna	1
200	0	0	57	0	0	1	0	0.0867176
200	0	0	57	0	0	0	0.0867176	0.0867942
200	0	0	57	0	0	1	0.0867942	0.197447
200	0	0	57	0	0	0	0.197447	0.222086
200	0	0	57	0	0	1	0.222086	0.226177
200	0	0	57	0	0	0	0.226177	0.226889
200	0	0	57	0	0	1	0.226889	0.427
##	200	0	0	57	0	0
200	0	0	57	0	1	1	0	0.0330882
200	0	0	57	0	1	0	0.0330882	0.0368444
200	0	0	57	0	1	1	0.0368444	0.0490622
200	0	0	57	0	1	0	0.0490622	0.0728853
200	0	0	57	0	1	1	0.0728853	0.163413
200	0	0	57	0	1	0	0.163413	0.170446
200	0	0	57	0	1	1	0.170446	0.173741
200	0	0	57	0	1	0	0.173741	0.192656
200	0	0	57	0	1	1	0.192656	0.266457
200	0	0	57	0	1	0	0.266457	0.267406
200	0	0	57	0	1	1	0.267406	0.276451
200	0	0	57	0	1	0	0.276451	0.278732
200	0	0	57	0	1	1	0.278732	0.392633
200	0	0	57	0	1	0	0.392633	0.410524
200	0	0	57	0	1	1	0.410524	0.423563
200	0	0	57	0	1	0	0.423563	0.427
##	200	0	0	57	0	1	0.2
##	200	0	0	57	mtdna	1
200	0	0	58	0	0	1	0	0.00632574
200	0	0	58	0	0	0	0.00632574	0.00746349
200	0	0	58	0	0	1	0.00746349	0.191774
200	0	0	58	0	0	0	0.191774	0.198604
200	0	0	58	0	0	1	0.198604	0.311852
200	0	0	58	0	0	0	0.311852	0.315168
200	0	0	58	0	0	1	0.315168	0.427
##	200	0	0	58	0	0	0.2
200	0	0	58	0	1	1	0	0.0435287
200	0	0	58	0	1	0	0.0435287	0.0457229
200	0	0	58	0	1	1	0.0457229	0.204117
200	0	0	58	0	1	0	0.204117	0.204404
200	0	0	58	0	1	1	0.204404	0.241818
200	0	0	58	0	1	0	0.241818	0.243296
200	0	0	58	0	1	1	0.243296	0.336731
200	0	0	58	0	1	0	0.336731	0.337933
200	0	0	58	0	1	1	0.337933	0.427
##	200	0	0	58	0	1	0.2
##	200	0	0	58	mtdna	1
200	0	0	59	0	0	1	0	0.200666
200	0	0	59	0	0	0	0.200666	0.218
200	0	0	59	0	0	1	0.218	0.427
##	200	0	0	59	0	0	0.2
200	0	0	59	0	1	1	0	0.0259981
200	0	0	59	0	1	0	0.0259981	0.0378171
200	0	0	59	0	1	1	0.0378171	0.10837
200	0	0	59	0	1	0	0.10837	0.11421
200	0	0	59	0	1	1	0.11421	0.232131
200	0	0	59	0	1	0	0.232131	0.233341
200	0	0	59	0	1	1	0.233341	0.237062
200	0	0	59	0	1	0	0.237062	0.244618
200	0	0	59	0	1	1	0.244618	0.427
##	200	0	0	59	0	1	0.2
##	200	0	0	59	mtdna	1
200	0	0	60	0	0	1	0	0.171105
200	0	0	60	0	0	0	0.171105	0.176258
200	0	0	60	0	0	1	0.176258	0.196816
200	0	0	60	0	0	0	0.196816	0.198558
200	0	0	60	0	0	1	0.198558	0.219496
200	0	0	60	0	0	0	0.219496	0.227693
200	0	0	60	0	0	1	0.227693	0.293417
200	0	0	60	0	0	0	0.293417	0.296795
200	0	0	60	0	0	1	0.296795	0.328633
200	0	0	60	0	0	0	0.328633	0.337647
200	0	0	60	0	0	1	0.337647	0.427
##	200	0	0	60	0	0	0.2
200	0	0	60	0	1	1	0	0.0603665
200	0	0	60	0	1	0	0.0603665	0.065606
200	0	0	60	0	1	1	0.065606	0.146417
200	0	0	60	0	1	0	0.146417	0.158105
200	0	0	60	0	1	1	0.158105	0.163311
200	0	0	60	0	1	0	0.163311	0.182426
200	0	0	60	0	1	1	0.182426	0.184751
200	0	0	60	0	1	0	0.184751	0.206001
200	0	0	60	0	1	1	0.206001	0.210111
200	0	0	60	0	1	0	0.210111	0.213621
200	0	0	60	0	1	1	0.213621	0.282445
200	0	0	60	0	1	0	0.282445	0.282829
200	0	0	60	0	1	1	0.282829	0.309507
200	0	0	60	0	1	0	0.309507	0.314148
200	0	0	60	0	1	1	0.314148	0.427
##	200	0	0	60	0	1
##	200	0	0	60	mtdna	1
200	0	0	61	0	0	1	0	0.0156722
200	0	0	61	0	0	0	0.0156722	0.0183432
200	0	0	61	0	0	1	0.0183432	0.15486
200	0	0	61	0	0	0	0.15486	0.15712
200	0	0	61	0	0	1	0.15712	0.20085
200	0	0	61	0	0	0	0.20085	0.209213
200	0	0	61	0	0	1	0.209213	0.389537
200	0	0	61	0	0	0	0.389537	0.400535
200	0	0	61	0	0	1	0.400535	0.427
##	200	0	0	61	0	0	0.2
200	0	0	61	0	1	1	0	0.118831
200	0	0	61	0	1	0	0.118831	0.118865
200	0	0	61	0	1	1	0.118865	0.16192
200	0	0	61	0	1	0	0.16192	0.171337
200	0	0	61	0	1	1	0.171337	0.193938
200	0	0	61	0	1	0	0.193938	0.207946
200	0	0	61	0	1	1	0.207946	0.265867
200	0	0	61	0	1	0	0.265867	0.266126
200	0	0	61	0	1	1	0.266126	0.279371
200	0	0	61	0	1	0	0.279371	0.298825
200	0	0	61	0	1	1	0.298825	0.383129
200	0	0	61	0	1	0	0.383129	0.385517
200	0	0	61	0	1	1	0.385517	0.427
##	200	0	0	61	0	1
##	200	0	0	61	mtdna	1
200	0	0	62	0	0	1	0	0.138711
200	0	0	62	0	0	0	0.138711	0.147814
200	0	0	62	0	0	1	0.147814	0.171742
200	0	0	62	0	0	0	0.171742	0.175273
200	0	0	62	0	0	1	0.175273	0.193144
200	0	0	62	0	0	0	0.193144	0.195877
200	0	0	62	0	0	1	0.195877	0.19625
200	0	0	62	0	0	0	0.19625	0.215923
200	0	0	62	0	0	1	0.215923	0.225267
200	0	0	62	0	0	0	0.225267	0.230406
200	0	0	62	0	0	1	0.230406	0.279556
200	0	0	62	0	0	0	0.279556	0.290043
200	0	0	62	0	0	1	0.290043	0.294954
200	0	0	62	0	0	0	0.294954	0.296355
200	0	0	62	0	0	1	0.296355	0.337899
200	0	0	62	0	0	0	0.337899	0.337945
200	0	0	62	0	0	1	0.337945	0.427
##	200	0	0	62	0	0
200	0	0	62	0	1	1	0	0.194403
200	0	0	62	0	1	0	0.194403	0.224734
200	0	0	62	0	1	1	0.224734	0.324693
200	0	0	62	0	1	0	0.324693	0.326391
200	0	0	62	0	1	1	0.326391	0.427
##	200	0	0	62	0	1
##	200	0	0	62	mtdna	1
200	0	0	63	0	0	1	0	0.199576
200	0	0	63	0	0	0	0.199576	0.202059
200	0	0	63	0	0	1	0.202059	0.345715
200	0	0	63	0	0	0	0.345715	0.35426
200	0	0	63	0	0	1	0.35426	0.371341
200	0	0	63	0	0	0	0.371341	0.376155
200	0	0	63	0	0	1	0.376155	0.427
##	200	0	0	63	0	0
200	0	0	63	0	1	1	0	0.0683676
200	0	0	63	0	1	0	0.0683676	0.0735798
200	0	0	63	0	1	1	0.0735798	0.12869
200	0	0	63	0	1	0	0.12869	0.140161
200	0	0	63	0	1	1	0.140161	0.17917
200	0	0	63	0	1	0	0.17917	0.179517
200	0	0	63	0	1	1	0.179517	0.222385
200	0	0	63	0	1	0	0.222385	0.22357
200	0	0	63	0	1	1	0.22357	0.243632
200	0	0	63	0	1	0	0.243632	0.257153
200	0	0	63	0	1	1	0.257153	0.330767
200	0	0	63	0	1	0	0.330767	0.331041
200	0	0	63	0	1	1	0.331041	0.366271
200	0	0	63	0	1	0	0.366271	0.377507
200	0	0	63	0	1	1	0.377507	0.377824
200	0	0	63	0	1	0	0.377824	0.382531
200	0	0	63	0	1	1	0.382531	0.394747
200	0	0	63	0	1	0	0.394747	0.409285
200	0	0	63	0	1	1	0.409285	0.427
##	200	0	0	63	0	1	0.2
##	200	0	0	63	mtdna	1
200	0	0	64	0	0	1	0	0.196889
200	0	0	64	0	0	0	0.196889	0.200594
200	0	0	64	0	0	1	0.200594	0.234964
200	0	0	64	0	0	0	0.234964	0.23569
200	0	0	64	0	0	1	0.23569	0.266457
200	0	0	64	0	0	0	0.266457	0.267406
200	0	0	64	0	0	1	0.267406	0.427
##	200	0	0	64	0	0
200	0	0	64	0	1	1	0	0.00364116
200	0	0	64	0	1	0	0.00364116	0.0292924
200	0	0	64	0	1	1	0.0292924	0.197564
200	0	0	64	0	1	0	0.197564	0.20066
200	0	0	64	0	1	1	0.20066	0.246634
200	0	0	64	0	1	0	0.246634	0.25037
200	0	0	64	0	1	1	0.25037	0.265367
200	0	0	64	0	1	0	0.265367	0.266625
200	0	0	64	0	1	1	0.266625	0.357264
200	0	0	64	0	1	0	0.357264	0.358245
200	0	0	64	0	1	1	0.358245	0.378621
200	0	0	64	0	1	0	0.378621	0.38211
200	0	0	64	0	1	1	0.38211	0.427
##	200	0	0	64	0	1
##	200	0	0	64	mtdna	1
200	0	0	65	0	0	1	0	0.0330816
200	0	0	65	0	0	0	0.0330816	0.0631696
200	0	0	65	0	0	1	0.0631696	0.121744
200	0	0	65	0	0	0	0.121744	0.12373
200	0	0	65	0	0	1	0.12373	0.16097
200	0	0	65	0	0	0	0.16097	0.16362
200	0	0	65	0	0	1	0.16362	0.196803
200	0	0	65	0	0	0	0.196803	0.203569
200	0	0	65	0	0	1	0.203569	0.206436
200	0	0	65	0	0	0	0.206436	0.226889
200	0	0	65	0	0	1	0.226889	0.280757
200	0	0	65	0	0	0	0.280757	0.282323
200	0	0	65	0	0	1	0.282323	0.35161
200	0	0	65	0	0	0	0.35161	0.362643
200	0	0	65	0	0	1	0.362643	0.427
##	200	0	0	65	0	0
200	0	0	65	0	1	1	0	0.101198
200	0	0	65	0	1	0	0.101198	0.102359
200	0	0	65	0	1	1	0.102359	0.123454
200	0	0	65	0	1	0	0.123454	0.136731
200	0	0	65	0	1	1	0.136731	0.139525
200	0	0	65	0	1	0	0.139525	0.145489
200	0	0	65	0	1	1	0.145489	0.182319
200	0	0	65	0	1	0	0.182319	0.203881
200	0	0	65	0	1	1	0.203881	0.220379
200	0	0	65	0	1	0	0.220379	0.221142
200	0	0	65	0	1	1	0.221142	0.221742
200	0	0	65	0	1	0	0.221742	0.230087
200	0	0	65	0	1	1	0.230087	0.255525
200	0	0	65	0	1	0	0.255525	0.264141
200	0	0	65	0	1	1	0.264141	0.283304
200	0	0	65	0	1	0	0.283304	0.297133
200	0	0	65	0	1	1	0.297133	0.300373
200	0	0	65	0	1	0	0.300373	0.321947
200	0	0	65	0	1	1	0.321947	0.36259
200	0	0	65	0	1	0	0.36259	0.364782
200	0	0	65	0	1	1	0.364782	0.427
##	200	0	0	65	0	1
##	200	0	0	65	mtdna	1
200	0	0	66	0	0	0	0	0.00233094
200	0	0	66	0	0	1	0.00233094	0.0490229
200	0	0	66	0	0	0	0.0490229	0.0535082
200	0	0	66	0	0	1	0.0535082	0.0780179
200	0	0	66	0	0	0	0.0780179	0.0948742
200	0	0	66	0	0	1	0.0948742	0.183906
200	0	0	66	0	0	0	0.183906	0.184179
200	0	0	66	0	0	1	0.184179	0.192732
200	0	0	66	0	0	0	0.192732	0.210468
200	0	0	66	0	0	1	0.210468	0.427
##	200	0	0	66	0	0
200	0	0	66	0	1	1	0	0.0691066
200	0	0	66	0	1	0	0.0691066	0.0770201
200	0	0	66	0	1	1	0.0770201	0.186488
200	0	0	66	0	1	0	0.186488	0.192439
200	0	0	66	0	1	1	0.192439	0.196816
200	0	0	66	0	1	0	0.196816	0.204148
200	0	0	66	0	1	1	0.204148	0.398639
200	0	0	66	0	1	0	0.398639	0.404074
200	0	0	66	0	1	1	0.404074	0.427
##	200	0	0	66	0	1
##	200	0	0	66	mtdna	1
200	0	0	67	0	0	1	0	0.0867176
200	0	0	67	0	0	0	0.0867176	0.0867942
200	0	0	67	0	0	1	0.0867942	0.107967
200	0	0	67	0	0	0	0.107967	0.113031
200	0	0	67	0	0	1	0.113031	0.133553
200	0	0	67	0	0	0	0.133553	0.153842
200	0	0	67	0	0	1	0.153842	0.188586
200	0	0	67	0	0	0	0.188586	0.199123
200	0	0	67	0	0	1	0.199123	0.226191
200	0	0	67	0	0	0	0.226191	0.226884
200	0	0	67	0	0	1	0.226884	0.302304
200	0	0	67	0	0	0	0.302304	0.305423
200	0	0	67	0	0	1	0.305423	0.427
##	200	0	0	67	0	0	0.2
200	0	0	67	0	1	1	0	0.0867176
200	0	0	67	0	1	0	0.0867176	0.0867942
200	0	0	67	0	1	1	0.0867942	0.15372
200	0	0	67	0	1	0	0.15372	0.161985
200	0	0	67	0	1	1	0.161985	0.191888
200	0	0	67	0	1	0	0.191888	0.196301
200	0	0	67	0	1	1	0.196301	0.225514
200	0	0	67	0	1	0	0.225514	0.242176
200	0	0	67	0	1	1	0.242176	0.249288
200	0	0	67	0	1	0	0.249288	0.256653
200	0	0	67	0	1	1	0.256653	0.295792
200	0	0	67	0	1	0	0.295792	0.300227
200	0	0	67	0	1	1	0.300227	0.427
##	200	0	0	67	0	1	0.2
##	200	0	0	67	mtdna	1
200	0	0	68	0	0	0	0	0.00177794
200	0	0	68	0	0	1	0.00177794	0.0330816
200	0	0	68	0	0	0	0.0330816	0.0464915
200	0	0	68	0	0	1	0.0464915	0.204938
200	0	0	68	0	0	0	0.204938	0.219474
200	0	0	68	0	0	1	0.219474	0.427
##	200	0	0	68	0	0	0.2
200	0	0	68	0	1	1	0	0.0566075
200	0	0	68	0	1	0	0.0566075	0.0595435
200	0	0	68	0	1	1	0.0595435	0.134668
200	0	0	68	0	1	0	0.134668	0.14798
200	0	0	68	0	1	1	0.14798	0.154125
200	0	0	68	0	1	0	0.154125	0.154439
200	0	0	68	0	1	1	0.154439	0.192782
200	0	0	68	0	1	0	0.192782	0.201682
200	0	0	68	0	1	1	0.201682	0.212584
200	0	0	68	0	1	0	0.212584	0.213134
200	0	0	68	0	1	1	0.213134	0.388767
200	0	0	68	0	1	0	0.388767	0.391167
200	0	0	68	0	1	1	0.391167	0.427
##	200	0	0	68	0	1
##	200	0	0	68	mtdna	1
200	0	0	69	0	0	1	0	0.038562
200	0	0	69	0	0	0	0.038562	0.0445347
200	0	0	69	0	0	1	0.0445347	0.058601
200	0	0	69	0	0	0	0.058601	0.0590391
200	0	0	69	0	0	1	0.0590391	0.06757
200	0	0	69	0	0	0	0.06757	0.0736831
200	0	0	69	0	0	1	0.0736831	0.1249
200	0	0	69	0	0	0	0.1249	0.126204
200	0	0	69	0	0	1	0.126204	0.147615
200	0	0	69	0	0	0	0.147615	0.154036
200	0	0	69	0	0	1	0.154036	0.162977
200	0	0	69	0	0	0	0.162977	0.163366
200	0	0	69	0	0	1	0.163366	0.209924
200	0	0	69	0	0	0	0.209924	0.210138
200	0	0	69	0	0	1	0.210138	0.212925
200	0	0	69	0	0	0	0.212925	0.213469
200	0	0	69	0	0	1	0.213469	0.276451
200	0	0	69	0	0	0	0.276451	0.277147
200	0	0	69	0	0	1	0.277147	0.331005
200	0	0	69	0	0	0	0.331005	0.331291
200	0	0	69	0	0	1	0.331291	0.371216
200	0	0	69	0	0	0	0.371216	0.375543
200	0	0	69	0	0	1	0.375543	0.427
##	200	0	0	69	0	0	0.2
200	0	0	69	0	1	1	0	0.17011
200	0	0	69	0	1	0	0.17011	0.170833
200	0	0	69	0	1	1	0.170833	0.192434
200	0	0	69	0	1	0	0.192434	0.215743
200	0	0	69	0	1	1	0.215743	0.233099
200	0	0	69	0	1	0	0.233099	0.240763
200	0	0	69	0	1	1	0.240763	0.331234
200	0	0	69	0	1	0	0.331234	0.374573
200	0	0	69	0	1	1	0.374573	0.379264
200	0	0	69	0	1	0	0.379264	0.392359
200	0	0	69	0	1	1	0.392359	0.402963
200	0	0	69	0	1	0	0.402963	0.407174
200	0	0	69	0	1	1	0.407174	0.427
##	200	0	0	69	0	1
##	200	0	0	69	mtdna	0
200	0	0	70	0	0	1	0	0.0373137
200	0	0	70	0	0	0	0.0373137	0.0373374
200	0	0	70	0	0	1	0.0373374	0.0591055
200	0	0	70	0	0	0	0.0591055	0.0612845
200	0	0	70	0	0	1	0.0612845	0.081357
200	0	0	70	0	0	0	0.081357	0.0839117
200	0	0	70	0	0	1	0.0839117	0.229263
200	0	0	70	0	0	0	0.229263	0.231248
200	0	0	70	0	0	1	0.231248	0.258974
200	0	0	70	0	0	0	0.258974	0.260543
200	0	0	70	0	0	1	0.260543	0.282406
200	0	0	70	0	0	0	0.282406	0.288825
200	0	0	70	0	0	1	0.288825	0.334265
200	0	0	70	0	0	0	0.334265	0.335942
200	0	0	70	0	0	1	0.335942	0.427
##	200	0	0	70	0	0	0.2
200	0	0	70	0	1	1	0	0.0513537
200	0	0	70	0	1	0	0.0513537	0.067927
200	0	0	70	0	1	1	0.067927	0.0824715
200	0	0	70	0	1	0	0.0824715	0.0903357
200	0	0	70	0	1	1	0.0903357	0.101943
200	0	0	70	0	1	0	0.101943	0.10401
200	0	0	70	0	1	1	0.10401	0.19027
200	0	0	70	0	1	0	0.19027	0.20066
200	0	0	70	0	1	1	0.20066	0.224789
200	0	0	70	0	1	0	0.224789	0.23554
200	0	0	70	0	1	1	0.23554	0.365498
200	0	0	70	0	1	0	0.365498	0.371644
200	0	0	70	0	1	1	0.371644	0.394747
200	0	0	70	0	1	0	0.394747	0.412755
200	0	0	70	0	1	1	0.412755	0.427
##	200	0	0	70	0	1
##	200	0	0	70	mtdna	1
200	0	0	71	0	0	1	0	0.0510331
200	0	0	71	0	0	0	0.0510331	0.0596632
200	0	0	71	0	0	1	0.0596632	0.134178
200	0	0	71	0	0	0	0.134178	0.137755
200	0	0	71	0	0	1	0.137755	0.208864
200	0	0	71	0	0	0	0.208864	0.210054
200	0	0	71	0	0	1	0.210054	0.221371
200	0	0	71	0	0	0	0.221371	0.224734
200	0	0	71	0	0	1	0.224734	0.372269
200	0	0	71	0	0	0	0.372269	0.381519
200	0	0	71	0	0	1	0.381519	0.427
##	200	0	0	71	0	0	0.2
200	0	0	71	0	1	1	0	0.0499738
200	0	0	71	0	1	0	0.0499738	0.050986
200	0	0	71	0	1	1	0.050986	0.0672229
200	0	0	71	0	1	0	0.0672229	0.0726533
200	0	0	71	0	1	1	0.0726533	0.193883
200	0	0	71	0	1	0	0.193883	0.204021
200	0	0	71	0	1	1	0.204021	0.375417
200	0	0	71	0	1	0	0.375417	0.378215
200	0	0	71	0	1	1	0.378215	0.40858
200	0	0	71	0	1	0	0.40858	0.412517
200	0	0	71	0	1	1	0.412517	0.427
##	200	0	0	71	0	1
##	200	0	0	71	mtdna	0
200	0	0	72	0	0	1	0	0.149047
200	0	0	72	0	0	0	0.149047	0.149571
200	0	0	72	0	0	1	0.149571	0.168244
200	0	0	72	0	0	0	0.168244	0.16869
200	0	0	72	0	0	1	0.16869	0.427
##	200	0	0	72	0	0	0.2
200	0	0	72	0	1	1	0	0.0898124
200	0	0	72	0	1	0	0.0898124	0.0928085
200	0	0	72	0	1	1	0.0928085	0.131874
200	0	0	72	0	1	0	0.131874	0.136508
200	0	0	72	0	1	1	0.136508	0.156343
200	0	0	72	0	1	0	0.156343	0.158053
200	0	0	72	0	1	1	0.158053	0.186307
200	0	0	72	0	1	0	0.186307	0.189355
200	0	0	72	0	1	1	0.189355	0.196883
200	0	0	72	0	1	0	0.196883	0.200083
200	0	0	72	0	1	1	0.200083	0.358352
200	0	0	72	0	1	0	0.358352	0.361749
200	0	0	72	0	1	1	0.361749	0.375271
200	0	0	72	0	1	0	0.375271	0.383547
200	0	0	72	0	1	1	0.383547	0.387993
200	0	0	72	0	1	0	0.387993	0.400224
200	0	0	72	0	1	1	0.400224	0.427
##	200	0	0	72	0	1
##	200	0	0	72	mtdna	1
200	0	0	73	0	0	1	0	0.107664
200	0	0	73	0	0	0	0.107664	0.107788
200	0	0	73	0	0	1	0.107788	0.184255
200	0	0	73	0	0	0	0.184255	0.204952
200	0	0	73	0	0	1	0.204952	0.300378
200	0	0	73	0	0	0	0.300378	0.302181
200	0	0	73	0	0	1	0.302181	0.427
##	200	0	0	73	0	0
200	0	0	73	0	1	1	0	0.15746
200	0	0	73	0	1	0	0.15746	0.158302
200	0	0	73	0	1	1	0.158302	0.191704
200	0	0	73	0	1	0	0.191704	0.194396
200	0	0	73	0	1	1	0.194396	0.196089
200	0	0	73	0	1	0	0.196089	0.200451
200	0	0	73	0	1	1	0.200451	0.204098
200	0	0	73	0	1	0	0.204098	0.204113
200	0	0	73	0	1	1	0.204113	0.204468
200	0	0	73	0	1	0	0.204468	0.205041
200	0	0	73	0	1	1	0.205041	0.304038
200	0	0	73	0	1	0	0.304038	0.304291
200	0	0	73	0	1	1	0.304291	0.367244
200	0	0	73	0	1	0	0.367244	0.369727
200	0	0	73	0	1	1	0.369727	0.380838
200	0	0	73	0	1	0	0.380838	0.39881
200	0	0	73	0	1	1	0.39881	0.427
##	200	0	0	73	0	1
##	200	0	0	73	mtdna	1
200	0	0	74	0	0	1	0	0.135123
200	0	0	74	0	0	0	0.135123	0.135245
200	0	0	74	0	0	1	0.135245	0.191888
200	0	0	74	0	0	0	0.191888	0.20087
200	0	0	74	0	0	1	0.20087	0.334762
200	0	0	74	0	0	0	0.334762	0.339852
200	0	0	74	0	0	1	0.339852	0.340153
200	0	0	74	0	0	0	0.340153	0.342521
200	0	0	74	0	0	1	0.342521	0.345009
200	0	0	74	0	0	0	0.345009	0.358338
200	0	0	74	0	0	1	0.358338	0.427
##	200	0	0	74	0	0
200	0	0	74	0	1	1	0	0.0595593
200	0	0	74	0	1	0	0.0595593	0.0619093
200	0	0	74	0	1	1	0.0619093	0.135123
200	0	0	74	0	1	0	0.135123	0.135245
200	0	0	74	0	1	1	0.135245	0.192519
200	0	0	74	0	1	0	0.192519	0.195981
200	0	0	74	0	1	1	0.195981	0.198994
200	0	0	74	0	1	0	0.198994	0.20303
200	0	0	74	0	1	1	0.20303	0.204839
200	0	0	74	0	1	0	0.204839	0.205677
200	0	0	74	0	1	1	0.205677	0.212282
200	0	0	74	0	1	0	0.212282	0.213064
200	0	0	74	0	1	1	0.213064	0.249905
200	0	0	74	0	1	0	0.249905	0.251407
200	0	0	74	0	1	1	0.251407	0.36427
200	0	0	74	0	1	0	0.36427	0.365894
200	0	0	74	0	1	1	0.365894	0.380838
200	0	0	74	0	1	0	0.380838	0.388648
200	0	0	74	0	1	1	0.388648	0.427
##	200	0	0	74	0	1
##	200	0	0	74	mtdna	1
200	0	0	75	0	0	1	0	0.199576
200	0	0	75	0	0	0	0.199576	0.210173
200	0	0	75	0	0	1	0.210173	0.337271
200	0	0	75	0	0	0	0.337271	0.342751
200	0	0	75	0	0	1	0.342751	0.427
##	200	0	0	75	0	0
200	0	0	75	0	1	1	0	0.0510349
200	0	0	75	0	1	0	0.0510349	0.0535691
200	0	0	75	0	1	1	0.0535691	0.196816
200	0	0	75	0	1	0	0.196816	0.198558
200	0	0	75	0	1	1	0.198558	0.205465
200	0	0	75	0	1	0	0.205465	0.207004
200	0	0	75	0	1	1	0.207004	0.212853
200	0	0	75	0	1	0	0.212853	0.216165
200	0	0	75	0	1	1	0.216165	0.218219
200	0	0	75	0	1	0	0.218219	0.220656
200	0	0	75	0	1	1	0.220656	0.223706
200	0	0	75	0	1	0	0.223706	0.224603
200	0	0	75	0	1	1	0.224603	0.245467
200	0	0	75	0	1	0	0.245467	0.255034
200	0	0	75	0	1	1	0.255034	0.27875
200	0	0	75	0	1	0	0.27875	0.278838
200	0	0	75	0	1	1	0.278838	0.385566
200	0	0	75	0	1	0	0.385566	0.391215
200	0	0	75	0	1	1	0.391215	0.427
##	200	0	0	75	0	1	0.2
##	200	0	0	75	mtdna	1
200	0	0	76	0	0	1	0	0.193458
200	0	0	76	0	0	0	0.193458	0.201401
200	0	0	76	0	0	1	0.201401	0.299977
200	0	0	76	0	0	0	0.299977	0.307512
200	0	0	76	0	0	1	0.307512	0.398608
200	0	0	76	0	0	0	0.398608	0.399173
200	0	0	76	0	0	1	0.399173	0.427
##	200	0	0	76	0	0
200	0	0	76	0	1	1	0	0.126144
200	0	0	76	0	1	0	0.126144	0.127842
200	0	0	76	0	1	1	0.127842	0.157287
200	0	0	76	0	1	0	0.157287	0.162307
200	0	0	76	0	1	1	0.162307	0.244443
200	0	0	76	0	1	0	0.244443	0.247742
200	0	0	76	0	1	1	0.247742	0.25395
200	0	0	76	0	1	0	0.25395	0.259856
200	0	0	76	0	1	1	0.259856	0.280463
200	0	0	76	0	1	0	0.280463	0.282829
200	0	0	76	0	1	1	0.282829	0.40083
200	0	0	76	0	1	0	0.40083	0.402913
200	0	0	76	0	1	1	0.402913	0.405745
200	0	0	76	0	1	0	0.405745	0.411705
200	0	0	76	0	1	1	0.411705	0.427
##	200	0	0	76	0	1	0.2
##	200	0	0	76	mtdna	1
200	0	0	77	0	0	1	0	0.0108475
200	0	0	77	0	0	0	0.0108475	0.0117857
200	0	0	77	0	0	1	0.0117857	0.0379192
200	0	0	77	0	0	0	0.0379192	0.0408464
200	0	0	77	0	0	1	0.0408464	0.0465003
200	0	0	77	0	0	0	0.0465003	0.0576457
200	0	0	77	0	0	1	0.0576457	0.151317
200	0	0	77	0	0	0	0.151317	0.161979
200	0	0	77	0	0	1	0.161979	0.180868
200	0	0	77	0	0	0	0.180868	0.182138
200	0	0	77	0	0	1	0.182138	0.199896
200	0	0	77	0	0	0	0.199896	0.207466
200	0	0	77	0	0	1	0.207466	0.427
##	200	0	0	77	0	0
200	0	0	77	0	1	1	0	0.00364116
200	0	0	77	0	1	0	0.00364116	0.00513393
200	0	0	77	0	1	1	0.00513393	0.0330665
200	0	0	77	0	1	0	0.0330665	0.0349681
200	0	0	77	0	1	1	0.0349681	0.0854084
200	0	0	77	0	1	0	0.0854084	0.0858662
200	0	0	77	0	1	1	0.0858662	0.147754
200	0	0	77	0	1	0	0.147754	0.167797
200	0	0	77	0	1	1	0.167797	0.189784
200	0	0	77	0	1	0	0.189784	0.191881
200	0	0	77	0	1	1	0.191881	0.192467
200	0	0	77	0	1	0	0.192467	0.204126
200	0	0	77	0	1	1	0.204126	0.40383
200	0	0	77	0	1	0	0.40383	0.404854
200	0	0	77	0	1	1	0.404854	0.427
##	200	0	0	77	0	1
##	200	0	0	77	mtdna	1
200	0	0	78	0	0	1	0	0.0658439
200	0	0	78	0	0	0	0.0658439	0.0662109
200	0	0	78	0	0	1	0.0662109	0.185076
200	0	0	78	0	0	0	0.185076	0.203279
200	0	0	78	0	0	1	0.203279	0.207459
200	0	0	78	0	0	0	0.207459	0.218
200	0	0	78	0	0	1	0.218	0.348822
200	0	0	78	0	0	0	0.348822	0.349021
200	0	0	78	0	0	1	0.349021	0.367244
200	0	0	78	0	0	0	0.367244	0.375355
200	0	0	78	0	0	1	0.375355	0.427
##	200	0	0	78	0	0
200	0	0	78	0	1	1	0	0.103828
200	0	0	78	0	1	0	0.103828	0.108703
200	0	0	78	0	1	1	0.108703	0.151344
200	0	0	78	0	1	0	0.151344	0.157156
200	0	0	78	0	1	1	0.157156	0.167457
200	0	0	78	0	1	0	0.167457	0.184497
200	0	0	78	0	1	1	0.184497	0.226619
200	0	0	78	0	1	0	0.226619	0.230346
200	0	0	78	0	1	1	0.230346	0.38227
200	0	0	78	0	1	0	0.38227	0.391789
200	0	0	78	0	1	1	0.391789	0.427
##	200	0	0	78	0	1	0.2
##	200	0	0	78	mtdna	1
200	0	0	79	0	0	1	0	0.068174
200	0	0	79	0	0	0	0.068174	0.0685749
200	0	0	79	0	0	1	0.0685749	0.0723538
200	0	0	79	0	0	0	0.0723538	0.0760308
200	0	0	79	0	0	1	0.0760308	0.0941089
200	0	0	79	0	0	0	0.0941089	0.105459
200	0	0	79	0	0	1	0.105459	0.170002
200	0	0	79	0	0	0	0.170002	0.174839
200	0	0	79	0	0	1	0.174839	0.234126
200	0	0	79	0	0	0	0.234126	0.252945
200	0	0	79	0	0	1	0.252945	0.351983
200	0	0	79	0	0	0	0.351983	0.363898
200	0	0	79	0	0	1	0.363898	0.38251
200	0	0	79	0	0	0	0.38251	0.385344
200	0	0	79	0	0	1	0.385344	0.427
##	200	0	0	79	0	0	0.2
200	0	0	79	0	1	1	0	0.0041604
200	0	0	79	0	1	0	0.0041604	0.00537528
200	0	0	79	0	1	1	0.00537528	0.0809193
200	0	0	79	0	1	0	0.0809193	0.0894517
200	0	0	79	0	1	1	0.0894517	0.188653
200	0	0	79	0	1	0	0.188653	0.216454
200	0	0	79	0	1	1	0.216454	0.368999
200	0	0	79	0	1	0	0.368999	0.381519
200	0	0	79	0	1	1	0.381519	0.427
##	200	0	0	79	0	1
##	200	0	0	79	mtdna	1
200	0	0	80	0	0	1	0	0.128724
200	0	0	80	0	0	0	0.128724	0.130906
200	0	0	80	0	0	1	0.130906	0.193292
200	0	0	80	0	0	0	0.193292	0.202162
200	0	0	80	0	0	1	0.202162	0.209513
200	0	0	80	0	0	0	0.209513	0.211028
200	0	0	80	0	0	1	0.211028	0.265321
200	0	0	80	0	0	0	0.265321	0.266465
200	0	0	80	0	0	1	0.266465	0.369842
200	0	0	80	0	0	0	0.369842	0.37079
200	0	0	80	0	0	1	0.37079	0.427
##	200	0	0	80	0	0
200	0	0	80	0	1	1	0	0.00750956
200	0	0	80	0	1	0	0.00750956	0.00872952
200	0	0	80	0	1	1	0.00872952	0.06757
200	0	0	80	0	1	0	0.06757	0.0736831
200	0	0	80	0	1	1	0.0736831	0.117953
200	0	0	80	0	1	0	0.117953	0.121654
200	0	0	80	0	1	1	0.121654	0.244017
200	0	0	80	0	1	0	0.244017	0.253974
200	0	0	80	0	1	1	0.253974	0.254756
200	0	0	80	0	1	0	0.254756	0.25553
200	0	0	80	0	1	1	0.25553	0.346916
200	0	0	80	0	1	0	0.346916	0.354178
200	0	0	80	0	1	1	0.354178	0.366702
200	0	0	80	0	1	0	0.366702	0.371588
200	0	0	80	0	1	1	0.371588	0.391992
200	0	0	80	0	1	0	0.391992	0.410858
200	0	0	80	0	1	1	0.410858	0.427
##	200	0	0	80	0	1	0.2
##	200	0	0	80	mtdna	1
200	0	0	81	0	0	1	0	0.0228273
200	0	0	81	0	0	0	0.0228273	0.0235623
200	0	0	81	0	0	1	0.0235623	0.0721521
200	0	0	81	0	0	0	0.0721521	0.0736724
200	0	0	81	0	0	1	0.0736724	0.172215
200	0	0	81	0	0	0	0.172215	0.177712
200	0	0	81	0	0	1	0.177712	0.197811
200	0	0	81	0	0	0	0.197811	0.202162
200	0	0	81	0	0	1	0.202162	0.395127
200	0	0	81	0	0	0	0.395127	0.401553
200	0	0	81	0	0	1	0.401553	0.427
##	200	0	0	81	0	0
200	0	0	81	0	1	1	0	0.131407
200	0	0	81	0	1	0	0.131407	0.132502
200	0	0	81	0	1	1	0.132502	0.16497
200	0	0	81	0	1	0	0.16497	0.165012
200	0	0	81	0	1	1	0.165012	0.195349
200	0	0	81	0	1	0	0.195349	0.199131
200	0	0	81	0	1	1	0.199131	0.199327
200	0	0	81	0	1	0	0.199327	0.204021
200	0	0	81	0	1	1	0.204021	0.369389
200	0	0	81	0	1	0	0.369389	0.382269
200	0	0	81	0	1	1	0.382269	0.427
##	200	0	0	81	0	1
##	200	0	0	81	mtdna	1
200	0	0	82	0	0	1	0	0.00483826
200	0	0	82	0	0	0	0.00483826	0.0084158
200	0	0	82	0	0	1	0.0084158	0.0151366
200	0	0	82	0	0	0	0.0151366	0.0189998
200	0	0	82	0	0	1	0.0189998	0.0521903
200	0	0	82	0	0	0	0.0521903	0.0595435
200	0	0	82	0	0	1	0.0595435	0.198129
200	0	0	82	0	0	0	0.198129	0.227169
200	0	0	82	0	0	1	0.227169	0.340636
200	0	0	82	0	0	0	0.340636	0.359579
200	0	0	82	0	0	1	0.359579	0.427
##	200	0	0	82	0	0
200	0	0	82	0	1	1	0	0.074481
200	0	0	82	0	1	0	0.074481	0.0750292
200	0	0	82	0	1	1	0.0750292	0.0920611
200	0	0	82	0	1	0	0.0920611	0.0926717
200	0	0	82	0	1	1	0.0926717	0.158452
200	0	0	82	0	1	0	0.158452	0.164011
200	0	0	82	0	1	1	0.164011	0.196681
200	0	0	82	0	1	0	0.196681	0.208424
200	0	0	82	0	1	1	0.208424	0.242219
200	0	0	82	0	1	0	0.242219	0.247823
200	0	0	82	0	1	1	0.247823	0.384434
200	0	0	82	0	1	0	0.384434	0.388319
200	0	0	82	0	1	1	0.388319	0.391449
200	0	0	82	0	1	0	0.391449	0.392732
200	0	0	82	0	1	1	0.392732	0.427
##	200	0	0	82	0	1
##	200	0	0	82	mtdna	1
200	0	0	83	0	0	1	0	0.022308
200	0	0	83	0	0	0	0.022308	0.0236206
200	0	0	83	0	0	1	0.0236206	0.189398
200	0	0	83	0	0	0	0.189398	0.197825
200	0	0	83	0	0	1	0.197825	0.21896
200	0	0	83	0	0	0	0.21896	0.222675
200	0	0	83	0	0	1	0.222675	0.331075
200	0	0	83	0	0	0	0.331075	0.341373
200	0	0	83	0	0	1	0.341373	0.359078
200	0	0	83	0	0	0	0.359078	0.360709
200	0	0	83	0	0	1	0.360709	0.368999
200	0	0	83	0	0	0	0.368999	0.391914
200	0	0	83	0	0	1	0.391914	0.402586
200	0	0	83	0	0	0	0.402586	0.404488
200	0	0	83	0	0	1	0.404488	0.427
##	200	0	0	83	0	0	0.2
200	0	0	83	0	1	1	0	0.0858812
200	0	0	83	0	1	0	0.0858812	0.0860304
200	0	0	83	0	1	1	0.0860304	0.126561
200	0	0	83	0	1	0	0.126561	0.128628
200	0	0	83	0	1	1	0.128628	0.156343
200	0	0	83	0	1	0	0.156343	0.158053
200	0	0	83	0	1	1	0.158053	0.186307
200	0	0	83	0	1	0	0.186307	0.189355
200	0	0	83	0	1	1	0.189355	0.196883
200	0	0	83	0	1	0	0.196883	0.200083
200	0	0	83	0	1	1	0.200083	0.419675
200	0	0	83	0	1	0	0.419675	0.422527
200	0	0	83	0	1	1	0.422527	0.427
##	200	0	0	83	0	1
##	200	0	0	83	mtdna	1
200	0	0	84	0	0	1	0	0.0490083
200	0	0	84	0	0	0	0.0490083	0.0561541
200	0	0	84	0	0	1	0.0561541	0.0591055
200	0	0	84	0	0	0	0.0591055	0.0612845
200	0	0	84	0	0	1	0.0612845	0.182354
200	0	0	84	0	0	0	0.182354	0.189354
200	0	0	84	0	0	1	0.189354	0.193813
200	0	0	84	0	0	0	0.193813	0.196568
200	0	0	84	0	0	1	0.196568	0.207454
200	0	0	84	0	0	0	0.207454	0.207509
200	0	0	84	0	0	1	0.207509	0.326841
200	0	0	84	0	0	0	0.326841	0.335964
200	0	0	84	0	0	1	0.335964	0.364048
200	0	0	84	0	0	0	0.364048	0.365386
200	0	0	84	0	0	1	0.365386	0.427
##	200	0	0	84	0	0	0.2
200	0	0	84	0	1	1	0	0.188793
200	0	0	84	0	1	0	0.188793	0.188968
200	0	0	84	0	1	1	0.188968	0.199345
200	0	0	84	0	1	0	0.199345	0.206651
200	0	0	84	0	1	1	0.206651	0.427
##	200	0	0	84	0	1
##	200	0	0	84	mtdna	1
200	0	0	85	0	0	1	0	0.199739
200	0	0	85	0	0	0	0.199739	0.200433
200	0	0	85	0	0	1	0.200433	0.346127
200	0	0	85	0	0	0	0.346127	0.346408
200	0	0	85	0	0	1	0.346408	0.362851
200	0	0	85	0	0	0	0.362851	0.369877
200	0	0	85	0	0	1	0.369877	0.427
##	200	0	0	85	0	0
200	0	0	85	0	1	1	0	0.0570666
200	0	0	85	0	1	0	0.0570666	0.0634884
200	0	0	85	0	1	1	0.0634884	0.154815
200	0	0	85	0	1	0	0.154815	0.161876
200	0	0	85	0	1	1	0.161876	0.185621
200	0	0	85	0	1	0	0.185621	0.190649
200	0	0	85	0	1	1	0.190649	0.333145
200	0	0	85	0	1	0	0.333145	0.349129
200	0	0	85	0	1	1	0.349129	0.369986
200	0	0	85	0	1	0	0.369986	0.370473
200	0	0	85	0	1	1	0.370473	0.383058
200	0	0	85	0	1	0	0.383058	0.386292
200	0	0	85	0	1	1	0.386292	0.399943
200	0	0	85	0	1	0	0.399943	0.416363
200	0	0	85	0	1	1	0.416363	0.419659
200	0	0	85	0	1	0	0.419659	0.427
##	200	0	0	85	0	1	0.2
##	200	0	0	85	mtdna	1
200	0	0	86	0	0	1	0	0.140604
200	0	0	86	0	0	0	0.140604	0.16187
200	0	0	86	0	0	1	0.16187	0.185794
200	0	0	86	0	0	0	0.185794	0.186369
200	0	0	86	0	0	1	0.186369	0.220538
200	0	0	86	0	0	0	0.220538	0.229394
200	0	0	86	0	0	1	0.229394	0.237423
200	0	0	86	0	0	0	0.237423	0.241142
200	0	0	86	0	0	1	0.241142	0.320119
200	0	0	86	0	0	0	0.320119	0.326705
200	0	0	86	0	0	1	0.326705	0.427
##	200	0	0	86	0	0	0.2
200	0	0	86	0	1	1	0	0.0723538
200	0	0	86	0	1	0	0.0723538	0.0740793
200	0	0	86	0	1	1	0.0740793	0.110512
200	0	0	86	0	1	0	0.110512	0.113582
200	0	0	86	0	1	1	0.113582	0.139666
200	0	0	86	0	1	0	0.139666	0.142676
200	0	0	86	0	1	1	0.142676	0.19208
200	0	0	86	0	1	0	0.19208	0.203945
200	0	0	86	0	1	1	0.203945	0.224634
200	0	0	86	0	1	0	0.224634	0.225478
200	0	0	86	0	1	1	0.225478	0.390389
200	0	0	86	0	1	0	0.390389	0.391193
200	0	0	86	0	1	1	0.391193	0.427
##	200	0	0	86	0	1
##	200	0	0	86	mtdna	1
200	0	0	87	0	0	1	0	0.16097
200	0	0	87	0	0	0	0.16097	0.184497
200	0	0	87	0	0	1	0.184497	0.299088
200	0	0	87	0	0	0	0.299088	0.302279
200	0	0	87	0	0	1	0.302279	0.427
##	200	0	0	87	0	0	0.2
200	0	0	87	0	1	1	0	0.0376022
200	0	0	87	0	1	0	0.0376022	0.0391111
200	0	0	87	0	1	1	0.0391111	0.149047
200	0	0	87	0	1	0	0.149047	0.149571
200	0	0	87	0	1	1	0.149571	0.199575
200	0	0	87	0	1	0	0.199575	0.210138
200	0	0	87	0	1	1	0.210138	0.215796
200	0	0	87	0	1	0	0.215796	0.215905
200	0	0	87	0	1	1	0.215905	0.223116
200	0	0	87	0	1	0	0.223116	0.226478
200	0	0	87	0	1	1	0.226478	0.233113
200	0	0	87	0	1	0	0.233113	0.23569
200	0	0	87	0	1	1	0.23569	0.347916
200	0	0	87	0	1	0	0.347916	0.354258
200	0	0	87	0	1	1	0.354258	0.356298
200	0	0	87	0	1	0	0.356298	0.371901
200	0	0	87	0	1	1	0.371901	0.400817
200	0	0	87	0	1	0	0.400817	0.402368
200	0	0	87	0	1	1	0.402368	0.416164
200	0	0	87	0	1	0	0.416164	0.419656
200	0	0	87	0	1	1	0.419656	0.427
##	200	0	0	87	0	1
##	200	0	0	87	mtdna	0
200	0	0	88	0	0	1	0	0.00771986
200	0	0	88	0	0	0	0.00771986	0.00981633
200	0	0	88	0	0	1	0.00981633	0.0330816
200	0	0	88	0	0	0	0.0330816	0.0428739
200	0	0	88	0	0	1	0.0428739	0.157722
200	0	0	88	0	0	0	0.157722	0.169824
200	0	0	88	0	0	1	0.169824	0.178777
200	0	0	88	0	0	0	0.178777	0.184219
200	0	0	88	0	0	1	0.184219	0.193938
200	0	0	88	0	0	0	0.193938	0.207509
200	0	0	88	0	0	1	0.207509	0.324458
200	0	0	88	0	0	0	0.324458	0.328736
200	0	0	88	0	0	1	0.328736	0.374243
200	0	0	88	0	0	0	0.374243	0.380415
200	0	0	88	0	0	1	0.380415	0.40649
200	0	0	88	0	0	0	0.40649	0.411876
200	0	0	88	0	0	1	0.411876	0.427
##	200	0	0	88	0	0
200	0	0	88	0	1	1	0	0.0378621
200	0	0	88	0	1	0	0.0378621	0.044119
200	0	0	88	0	1	1	0.044119	0.0663517
200	0	0	88	0	1	0	0.0663517	0.0780126
200	0	0	88	0	1	1	0.0780126	0.21031
200	0	0	88	0	1	0	0.21031	0.211411
200	0	0	88	0	1	1	0.211411	0.284727
200	0	0	88	0	1	0	0.284727	0.298269
200	0	0	88	0	1	1	0.298269	0.427
##	200	0	0	88	0	1	0.2
##	200	0	0	88	mtdna	1
200	0	0	89	0	0	0	0	0.00332
200	0	0	89	0	0	1	0.00332	0.103312
200	0	0	89	0	0	0	0.103312	0.125158
200	0	0	89	0	0	1	0.125158	0.305207
200	0	0	89	0	0	0	0.305207	0.31389
200	0	0	89	0	0	1	0.31389	0.401304
200	0	0	89	0	0	0	0.401304	0.403236
200	0	0	89	0	0	1	0.403236	0.427
##	200	0	0	89	0	0	0.2
200	0	0	89	0	1	1	0	0.0328674
200	0	0	89	0	1	0	0.0328674	0.0445347
200	0	0	89	0	1	1	0.0445347	0.184225
200	0	0	89	0	1	0	0.184225	0.190932
200	0	0	89	0	1	1	0.190932	0.190967
200	0	0	89	0	1	0	0.190967	0.191242
200	0	0	89	0	1	1	0.191242	0.193798
200	0	0	89	0	1	0	0.193798	0.197699
200	0	0	89	0	1	1	0.197699	0.198411
200	0	0	89	0	1	0	0.198411	0.200451
200	0	0	89	0	1	1	0.200451	0.299068
200	0	0	89	0	1	0	0.299068	0.302212
200	0	0	89	0	1	1	0.302212	0.312747
200	0	0	89	0	1	0	0.312747	0.315166
200	0	0	89	0	1	1	0.315166	0.397443
200	0	0	89	0	1	0	0.397443	0.404337
200	0	0	89	0	1	1	0.404337	0.427
##	200	0	0	89	0	1
##	200	0	0	89	mtdna	1
200	0	0	90	0	0	1	0	0.191831
200	0	0	90	0	0	0	0.191831	0.211028
200	0	0	90	0	0	1	0.211028	0.249066
200	0	0	90	0	0	0	0.249066	0.253201
200	0	0	90	0	0	1	0.253201	0.274845
200	0	0	90	0	0	0	0.274845	0.279231
200	0	0	90	0	0	1	0.279231	0.307406
200	0	0	90	0	0	0	0.307406	0.315312
200	0	0	90	0	0	1	0.315312	0.38003
200	0	0	90	0	0	0	0.38003	0.39
200	0	0	90	0	0	1	0.39	0.427
##	200	0	0	90	0	0
200	0	0	90	0	1	1	0	0.0479517
200	0	0	90	0	1	0	0.0479517	0.0587913
200	0	0	90	0	1	1	0.0587913	0.0958529
200	0	0	90	0	1	0	0.0958529	0.0993026
200	0	0	90	0	1	1	0.0993026	0.133973
200	0	0	90	0	1	0	0.133973	0.135168
200	0	0	90	0	1	1	0.135168	0.154109
200	0	0	90	0	1	0	0.154109	0.157254
200	0	0	90	0	1	1	0.157254	0.187015
200	0	0	90	0	1	0	0.187015	0.187196
200	0	0	90	0	1	1	0.187196	0.189221
200	0	0	90	0	1	0	0.189221	0.193685
200	0	0	90	0	1	1	0.193685	0.195683
200	0	0	90	0	1	0	0.195683	0.197801
200	0	0	90	0	1	1	0.197801	0.400817
200	0	0	90	0	1	0	0.400817	0.407634
200	0	0	90	0	1	1	0.407634	0.427
##	200	0	0	90	0	1	0.2
##	200	0	0	90	mtdna	1
200	0	0	91	0	0	1	0	0.0273882
200	0	0	91	0	0	0	0.0273882	0.0312174
200	0	0	91	0	0	1	0.0312174	0.195233
200	0	0	91	0	0	0	0.195233	0.201998
200	0	0	91	0	0	1	0.201998	0.340153
200	0	0	91	0	0	0	0.340153	0.342521
200	0	0	91	0	0	1	0.342521	0.427
##	200	0	0	91	0	0
200	0	0	91	0	1	1	0	0.0325714
200	0	0	91	0	1	0	0.0325714	0.0333344
200	0	0	91	0	1	1	0.0333344	0.199961
200	0	0	91	0	1	0	0.199961	0.20018
200	0	0	91	0	1	1	0.20018	0.233276
200	0	0	91	0	1	0	0.233276	0.250349
200	0	0	91	0	1	1	0.250349	0.427
##	200	0	0	91	0	1
##	200	0	0	91	mtdna	1
200	0	0	92	0	0	0	0	0.00177794
200	0	0	92	0	0	1	0.00177794	0.0323496
200	0	0	92	0	0	0	0.0323496	0.0412169
200	0	0	92	0	0	1	0.0412169	0.185621
200	0	0	92	0	0	0	0.185621	0.196051
200	0	0	92	0	0	1	0.196051	0.209223
200	0	0	92	0	0	0	0.209223	0.216399
200	0	0	92	0	0	1	0.216399	0.337339
200	0	0	92	0	0	0	0.337339	0.337567
200	0	0	92	0	0	1	0.337567	0.338819
200	0	0	92	0	0	0	0.338819	0.343665
200	0	0	92	0	0	1	0.343665	0.345835
200	0	0	92	0	0	0	0.345835	0.356752
200	0	0	92	0	0	1	0.356752	0.386528
200	0	0	92	0	0	0	0.386528	0.387295
200	0	0	92	0	0	1	0.387295	0.427
##	200	0	0	92	0	0	0.2
200	0	0	92	0	1	1	0	0.0138765
200	0	0	92	0	1	0	0.0138765	0.0173717
200	0	0	92	0	1	1	0.0173717	0.0278183
200	0	0	92	0	1	0	0.0278183	0.0290162
200	0	0	92	0	1	1	0.0290162	0.116338
200	0	0	92	0	1	0	0.116338	0.117027
200	0	0	92	0	1	1	0.117027	0.188057
200	0	0	92	0	1	0	0.188057	0.202665
200	0	0	92	0	1	1	0.202665	0.273036
200	0	0	92	0	1	0	0.273036	0.273195
200	0	0	92	0	1	1	0.273195	0.362588
200	0	0	92	0	1	0	0.362588	0.365758
200	0	0	92	0	1	1	0.365758	0.382655
200	0	0	92	0	1	0	0.382655	0.393463
200	0	0	92	0	1	1	0.393463	0.427
##	200	0	0	92	0	1
##	200	0	0	92	mtdna	1
200	0	0	93	0	0	0	0	0.000891262
200	0	0	93	0	0	1	0.000891262	0.034251
200	0	0	93	0	0	0	0.034251	0.0365191
200	0	0	93	0	0	1	0.0365191	0.0817325
200	0	0	93	0	0	0	0.0817325	0.0823401
200	0	0	93	0	0	1	0.0823401	0.121744
200	0	0	93	0	0	0	0.121744	0.12373
200	0	0	93	0	0	1	0.12373	0.15746
200	0	0	93	0	0	0	0.15746	0.158302
200	0	0	93	0	0	1	0.158302	0.191704
200	0	0	93	0	0	0	0.191704	0.194396
200	0	0	93	0	0	1	0.194396	0.196089
200	0	0	93	0	0	0	0.196089	0.200451
200	0	0	93	0	0	1	0.200451	0.204098
200	0	0	93	0	0	0	0.204098	0.204113
200	0	0	93	0	0	1	0.204113	0.204468
200	0	0	93	0	0	0	0.204468	0.205041
200	0	0	93	0	0	1	0.205041	0.323883
200	0	0	93	0	0	0	0.323883	0.325687
200	0	0	93	0	0	1	0.325687	0.427
##	200	0	0	93	0	0
200	0	0	93	0	1	1	0	0.0629591
200	0	0	93	0	1	0	0.0629591	0.0672283
200	0	0	93	0	1	1	0.0672283	0.0876891
200	0	0	93	0	1	0	0.0876891	0.11535
200	0	0	93	0	1	1	0.11535	0.160553
200	0	0	93	0	1	0	0.160553	0.184497
200	0	0	93	0	1	1	0.184497	0.199016
200	0	0	93	0	1	0	0.199016	0.20936
200	0	0	93	0	1	1	0.20936	0.21018
200	0	0	93	0	1	0	0.21018	0.211144
200	0	0	93	0	1	1	0.211144	0.211968
200	0	0	93	0	1	0	0.211968	0.214623
200	0	0	93	0	1	1	0.214623	0.224546
200	0	0	93	0	1	0	0.224546	0.236983
200	0	0	93	0	1	1	0.236983	0.253587
200	0	0	93	0	1	0	0.253587	0.253611
200	0	0	93	0	1	1	0.253611	0.352159
200	0	0	93	0	1	0	0.352159	0.354789
200	0	0	93	0	1	1	0.354789	0.36427
200	0	0	93	0	1	0	0.36427	0.365894
200	0	0	93	0	1	1	0.365894	0.402993
200	0	0	93	0	1	0	0.402993	0.420478
200	0	0	93	0	1	1	0.420478	0.427
##	200	0	0	93	0	1
##	200	0	0	93	mtdna	1
200	0	0	94	0	0	1	0	0.175209
200	0	0	94	0	0	0	0.175209	0.178326
200	0	0	94	0	0	1	0.178326	0.192302
200	0	0	94	0	0	0	0.192302	0.196444
200	0	0	94	0	0	1	0.196444	0.198628
200	0	0	94	0	0	0	0.198628	0.208105
200	0	0	94	0	0	1	0.208105	0.222183
200	0	0	94	0	0	0	0.222183	0.224931
200	0	0	94	0	0	1	0.224931	0.275159
200	0	0	94	0	0	0	0.275159	0.292159
200	0	0	94	0	0	1	0.292159	0.305438
200	0	0	94	0	0	0	0.305438	0.307194
200	0	0	94	0	0	1	0.307194	0.307406
200	0	0	94	0	0	0	0.307406	0.334365
200	0	0	94	0	0	1	0.334365	0.427
##	200	0	0	94	0	0
200	0	0	94	0	1	1	0	0.209547
200	0	0	94	0	1	0	0.209547	0.210657
200	0	0	94	0	1	1	0.210657	0.230229
200	0	0	94	0	1	0	0.230229	0.234468
200	0	0	94	0	1	1	0.234468	0.248747
200	0	0	94	0	1	0	0.248747	0.251215
200	0	0	94	0	1	1	0.251215	0.299422
200	0	0	94	0	1	0	0.299422	0.307716
200	0	0	94	0	1	1	0.307716	0.425364
200	0	0	94	0	1	0	0.425364	0.425891
200	0	0	94	0	1	1	0.425891	0.427
##	200	0	0	94	0	1	0.2
##	200	0	0	94	mtdna	1
200	0	0	95	0	0	1	0	0.0576909
200	0	0	95	0	0	0	0.0576909	0.0579596
200	0	0	95	0	0	1	0.0579596	0.0631373
200	0	0	95	0	0	0	0.0631373	0.0640794
200	0	0	95	0	0	1	0.0640794	0.163596
200	0	0	95	0	0	0	0.163596	0.170213
200	0	0	95	0	0	1	0.170213	0.207341
200	0	0	95	0	0	0	0.207341	0.208052
200	0	0	95	0	0	1	0.208052	0.320788
200	0	0	95	0	0	0	0.320788	0.325046
200	0	0	95	0	0	1	0.325046	0.427
##	200	0	0	95	0	0	0.2
200	0	0	95	0	1	1	0	0.0132768
200	0	0	95	0	1	0	0.0132768	0.0135913
200	0	0	95	0	1	1	0.0135913	0.051791
200	0	0	95	0	1	0	0.051791	0.0551669
200	0	0	95	0	1	1	0.0551669	0.116338
200	0	0	95	0	1	0	0.116338	0.117027
200	0	0	95	0	1	1	0.117027	0.171191
200	0	0	95	0	1	0	0.171191	0.171933
200	0	0	95	0	1	1	0.171933	0.189817
200	0	0	95	0	1	0	0.189817	0.194456
200	0	0	95	0	1	1	0.194456	0.38491
200	0	0	95	0	1	0	0.38491	0.393463
200	0	0	95	0	1	1	0.393463	0.402523
200	0	0	95	0	1	0	0.402523	0.413845
200	0	0	95	0	1	1	0.413845	0.427
##	200	0	0	95	0	1	0.2
##	200	0	0	95	mtdna	1
200	0	0	96	0	0	1	0	0.0108475
200	0	0	96	0	0	0	0.0108475	0.0117857
200	0	0	96	0	0	1	0.0117857	0.0798307
200	0	0	96	0	0	0	0.0798307	0.0903357
200	0	0	96	0	0	1	0.0903357	0.15746
200	0	0	96	0	0	0	0.15746	0.158302
200	0	0	96	0	0	1	0.158302	0.191704
200	0	0	96	0	0	0	0.191704	0.206835
200	0	0	96	0	0	1	0.206835	0.220395
200	0	0	96	0	0	0	0.220395	0.227169
200	0	0	96	0	0	1	0.227169	0.350695
200	0	0	96	0	0	0	0.350695	0.351827
200	0	0	96	0	0	1	0.351827	0.356235
200	0	0	96	0	0	0	0.356235	0.359478
200	0	0	96	0	0	1	0.359478	0.364055
200	0	0	96	0	0	0	0.364055	0.369794
200	0	0	96	0	0	1	0.369794	0.387544
200	0	0	96	0	0	0	0.387544	0.401361
200	0	0	96	0	0	1	0.401361	0.427
##	200	0	0	96	0	0
200	0	0	96	0	1	1	0	0.0259146
200	0	0	96	0	1	0	0.0259146	0.027834
200	0	0	96	0	1	1	0.027834	0.180472
200	0	0	96	0	1	0	0.180472	0.191266
200	0	0	96	0	1	1	0.191266	0.198401
200	0	0	96	0	1	0	0.198401	0.203569
200	0	0	96	0	1	1	0.203569	0.207679
200	0	0	96	0	1	0	0.207679	0.208932
200	0	0	96	0	1	1	0.208932	0.219436
200	0	0	96	0	1	0	0.219436	0.22438
200	0	0	96	0	1	1	0.22438	0.228449
200	0	0	96	0	1	0	0.228449	0.231522
200	0	0	96	0	1	1	0.231522	0.378621
200	0	0	96	0	1	0	0.378621	0.388461
200	0	0	96	0	1	1	0.388461	0.402016
200	0	0	96	0	1	0	0.402016	0.403889
200	0	0	96	0	1	1	0.403889	0.425686
200	0	0	96	0	1	0	0.425686	0.427
##	200	0	0	96	0	1
##	200	0	0	96	mtdna	1
200	0	0	97	0	0	1	0	0.0503562
200	0	0	97	0	0	0	0.0503562	0.0535082
200	0	0	97	0	0	1	0.0535082	0.157722
200	0	0	97	0	0	0	0.157722	0.165911
200	0	0	97	0	0	1	0.165911	0.343693
200	0	0	97	0	0	0	0.343693	0.360193
200	0	0	97	0	0	1	0.360193	0.427
##	200	0	0	97	0	0	0.2
200	0	0	97	0	1	1	0	0.195171
200	0	0	97	0	1	0	0.195171	0.196931
200	0	0	97	0	1	1	0.196931	0.19765
200	0	0	97	0	1	0	0.19765	0.200175
200	0	0	97	0	1	1	0.200175	0.348822
200	0	0	97	0	1	0	0.348822	0.355101
200	0	0	97	0	1	1	0.355101	0.427
##	200	0	0	97	0	1
##	200	0	0	97	mtdna	1
200	0	0	98	0	0	1	0	0.132511
200	0	0	98	0	0	0	0.132511	0.135491
200	0	0	98	0	0	1	0.135491	0.173139
200	0	0	98	0	0	0	0.173139	0.181815
200	0	0	98	0	0	1	0.181815	0.190967
200	0	0	98	0	0	0	0.190967	0.197898
200	0	0	98	0	0	1	0.197898	0.198435
200	0	0	98	0	0	0	0.198435	0.213574
200	0	0	98	0	0	1	0.213574	0.38591
200	0	0	98	0	0	0	0.38591	0.386409
200	0	0	98	0	0	1	0.386409	0.427
##	200	0	0	98	0	0
200	0	0	98	0	1	1	0	0.0683286
200	0	0	98	0	1	0	0.0683286	0.075187
200	0	0	98	0	1	1	0.075187	0.0763753
200	0	0	98	0	1	0	0.0763753	0.0823401
200	0	0	98	0	1	1	0.0823401	0.194072
200	0	0	98	0	1	0	0.194072	0.195185
200	0	0	98	0	1	1	0.195185	0.200626
200	0	0	98	0	1	0	0.200626	0.201941
200	0	0	98	0	1	1	0.201941	0.260663
200	0	0	98	0	1	0	0.260663	0.26235
200	0	0	98	0	1	1	0.26235	0.357609
200	0	0	98	0	1	0	0.357609	0.358437
200	0	0	98	0	1	1	0.358437	0.384434
200	0	0	98	0	1	0	0.384434	0.388319
200	0	0	98	0	1	1	0.388319	0.391449
200	0	0	98	0	1	0	0.391449	0.391985
200	0	0	98	0	1	1	0.391985	0.427
##	200	0	0	98	0	1	0.2
##	200	0	0	98	mtdna	1
200	0	0	99	0	0	1	0	0.0190466
200	0	0	99	0	0	0	0.0190466	0.0263875
200	0	0	99	0	0	1	0.0263875	0.118624
200	0	0	99	0	0	0	0.118624	0.121815
200	0	0	99	0	0	1	0.121815	0.12869
200	0	0	99	0	0	0	0.12869	0.130031
200	0	0	99	0	0	1	0.130031	0.181343
200	0	0	99	0	0	0	0.181343	0.189221
200	0	0	99	0	0	1	0.189221	0.191704
200	0	0	99	0	0	0	0.191704	0.212994
200	0	0	99	0	0	1	0.212994	0.427
##	200	0	0	99	0	0
200	0	0	99	0	1	1	0	0.0330816
200	0	0	99	0	1	0	0.0330816	0.0357977
200	0	0	99	0	1	1	0.0357977	0.147754
200	0	0	99	0	1	0	0.147754	0.151411
200	0	0	99	0	1	1	0.151411	0.167225
200	0	0	99	0	1	0	0.167225	0.171259
200	0	0	99	0	1	1	0.171259	0.172244
200	0	0	99	0	1	0	0.172244	0.177903
200	0	0	99	0	1	1	0.177903	0.192745
200	0	0	99	0	1	0	0.192745	0.202059
200	0	0	99	0	1	1	0.202059	0.212759
200	0	0	99	0	1	0	0.212759	0.213981
200	0	0	99	0	1	1	0.213981	0.234463
200	0	0	99	0	1	0	0.234463	0.2345
200	0	0	99	0	1	1	0.2345	0.245025
200	0	0	99	0	1	0	0.245025	0.247778
200	0	0	99	0	1	1	0.247778	0.388767
200	0	0	99	0	1	0	0.388767	0.391167
200	0	0	99	0	1	1	0.391167	0.427
##	200	0	0	99	0	1
##	200	0	0	99	mtdna	1
200	0	0	100	0	0	1	0	0.0250766
200	0	0	100	0	0	0	0.0250766	0.0321658
200	0	0	100	0	0	1	0.0321658	0.0678986
200	0	0	100	0	0	0	0.0678986	0.0725123
200	0	0	100	0	0	1	0.0725123	0.120799
200	0	0	100	0	0	0	0.120799	0.121416
200	0	0	100	0	0	1	0.121416	0.144376
200	0	0	100	0	0	0	0.144376	0.145534
200	0	0	100	0	0	1	0.145534	0.180873
200	0	0	100	0	0	0	0.180873	0.188844
200	0	0	100	0	0	1	0.188844	0.192745
200	0	0	100	0	0	0	0.192745	0.196051
200	0	0	100	0	0	1	0.196051	0.200391
200	0	0	100	0	0	0	0.200391	0.202162
200	0	0	100	0	0	1	0.202162	0.293743
200	0	0	100	0	0	0	0.293743	0.295241
200	0	0	100	0	0	1	0.295241	0.371341
200	0	0	100	0	0	0	0.371341	0.376155
200	0	0	100	0	0	1	0.376155	0.427
##	200	0	0	100	0	0	0.2
200	0	0	100	0	1	1	0	0.119332
200	0	0	100	0	1	0	0.119332	0.127812
200	0	0	100	0	1	1	0.127812	0.194586
200	0	0	100	0	1	0	0.194586	0.207774
200	0	0	100	0	1	1	0.207774	0.251248
200	0	0	100	0	1	0	0.251248	0.252841
200	0	0	100	0	1	1	0.252841	0.269786
200	0	0	100	0	1	0	0.269786	0.276273
200	0	0	100	0	1	1	0.276273	0.427
##	200	0	0	100	0	1
##	200	0	0	100	mtdna	0
