100	0	0	1	0	0	1	0	0.22396
100	0	0	1	0	0	0	0.22396	0.243685
100	0	0	1	0	0	1	0.243685	0.340639
100	0	0	1	0	0	0	0.340639	0.351467
100	0	0	1	0	0	1	0.351467	0.394056
100	0	0	1	0	0	0	0.394056	0.405668
100	0	0	1	0	0	1	0.405668	0.427
##	100	0	0	1	0	0	0.2
100	0	0	1	0	1	1	0	0.175381
100	0	0	1	0	1	0	0.175381	0.184652
100	0	0	1	0	1	1	0.184652	0.303197
100	0	0	1	0	1	0	0.303197	0.329639
100	0	0	1	0	1	1	0.329639	0.335672
100	0	0	1	0	1	0	0.335672	0.338433
100	0	0	1	0	1	1	0.338433	0.427
##	100	0	0	1	0	1	0.2
##	100	0	0	1	mtdna	1
100	0	0	2	0	0	0	0	0.0305376
100	0	0	2	0	0	1	0.0305376	0.289809
100	0	0	2	0	0	0	0.289809	0.309784
100	0	0	2	0	0	1	0.309784	0.427
##	100	0	0	2	0	0	0.2
100	0	0	2	0	1	1	0	0.129511
100	0	0	2	0	1	0	0.129511	0.146055
100	0	0	2	0	1	1	0.146055	0.427
##	100	0	0	2	0	1	0.2
##	100	0	0	2	mtdna	1
100	0	0	3	0	0	0	0	0.0197959
100	0	0	3	0	0	1	0.0197959	0.170022
100	0	0	3	0	0	0	0.170022	0.175637
100	0	0	3	0	0	1	0.175637	0.229577
100	0	0	3	0	0	0	0.229577	0.235679
100	0	0	3	0	0	1	0.235679	0.334301
100	0	0	3	0	0	0	0.334301	0.345031
100	0	0	3	0	0	1	0.345031	0.368571
100	0	0	3	0	0	0	0.368571	0.37773
100	0	0	3	0	0	1	0.37773	0.427
##	100	0	0	3	0	0	0.2
100	0	0	3	0	1	1	0	0.200043
100	0	0	3	0	1	0	0.200043	0.207885
100	0	0	3	0	1	1	0.207885	0.427
##	100	0	0	3	0	1	0.2
##	100	0	0	3	mtdna	1
100	0	0	4	0	0	1	0	0.240568
100	0	0	4	0	0	0	0.240568	0.253451
100	0	0	4	0	0	1	0.253451	0.427
##	100	0	0	4	0	0	0.2
100	0	0	4	0	1	1	0	0.0609622
100	0	0	4	0	1	0	0.0609622	0.0624529
100	0	0	4	0	1	1	0.0624529	0.0632461
100	0	0	4	0	1	0	0.0632461	0.0643068
100	0	0	4	0	1	1	0.0643068	0.427
##	100	0	0	4	0	1	0.2
##	100	0	0	4	mtdna	1
100	0	0	5	0	0	1	0	0.302457
100	0	0	5	0	0	0	0.302457	0.3097
100	0	0	5	0	0	1	0.3097	0.427
##	100	0	0	5	0	0	0.2
100	0	0	5	0	1	1	0	0.183399
100	0	0	5	0	1	0	0.183399	0.258328
100	0	0	5	0	1	1	0.258328	0.383305
100	0	0	5	0	1	0	0.383305	0.390214
100	0	0	5	0	1	1	0.390214	0.427
##	100	0	0	5	0	1
##	100	0	0	5	mtdna	1
100	0	0	6	0	0	1	0	0.427
##	100	0	0	6	0	0	0.2
100	0	0	6	0	1	1	0	0.427
##	100	0	0	6	0	1	0.2
##	100	0	0	6	mtdna	1
100	0	0	7	0	0	1	0	0.427
##	100	0	0	7	0	0	0.2
100	0	0	7	0	1	1	0	0.221921
100	0	0	7	0	1	0	0.221921	0.226055
100	0	0	7	0	1	1	0.226055	0.427
##	100	0	0	7	0	1	0.2
##	100	0	0	7	mtdna	0
100	0	0	8	0	0	1	0	0.089371
100	0	0	8	0	0	0	0.089371	0.106402
100	0	0	8	0	0	1	0.106402	0.251164
100	0	0	8	0	0	0	0.251164	0.254198
100	0	0	8	0	0	1	0.254198	0.264455
100	0	0	8	0	0	0	0.264455	0.266411
100	0	0	8	0	0	1	0.266411	0.375871
100	0	0	8	0	0	0	0.375871	0.424325
100	0	0	8	0	0	1	0.424325	0.427
##	100	0	0	8	0	0	0.2
100	0	0	8	0	1	1	0	0.112758
100	0	0	8	0	1	0	0.112758	0.134163
100	0	0	8	0	1	1	0.134163	0.176276
100	0	0	8	0	1	0	0.176276	0.19215
100	0	0	8	0	1	1	0.19215	0.427
##	100	0	0	8	0	1	0.2
##	100	0	0	8	mtdna	1
100	0	0	9	0	0	1	0	0.0230106
100	0	0	9	0	0	0	0.0230106	0.029521
100	0	0	9	0	0	1	0.029521	0.136355
100	0	0	9	0	0	0	0.136355	0.139984
100	0	0	9	0	0	1	0.139984	0.427
##	100	0	0	9	0	0	0.2
100	0	0	9	0	1	1	0	0.000880651
100	0	0	9	0	1	0	0.000880651	0.00368079
100	0	0	9	0	1	1	0.00368079	0.138346
100	0	0	9	0	1	0	0.138346	0.15768
100	0	0	9	0	1	1	0.15768	0.209843
100	0	0	9	0	1	0	0.209843	0.226988
100	0	0	9	0	1	1	0.226988	0.427
##	100	0	0	9	0	1	0.2
##	100	0	0	9	mtdna	1
100	0	0	10	0	0	1	0	0.176925
100	0	0	10	0	0	0	0.176925	0.188156
100	0	0	10	0	0	1	0.188156	0.328254
100	0	0	10	0	0	0	0.328254	0.331043
100	0	0	10	0	0	1	0.331043	0.427
##	100	0	0	10	0	0	0.2
100	0	0	10	0	1	1	0	0.024905
100	0	0	10	0	1	0	0.024905	0.0250468
100	0	0	10	0	1	1	0.0250468	0.223416
100	0	0	10	0	1	0	0.223416	0.239737
100	0	0	10	0	1	1	0.239737	0.339971
100	0	0	10	0	1	0	0.339971	0.353252
100	0	0	10	0	1	1	0.353252	0.427
##	100	0	0	10	0	1	0.2
##	100	0	0	10	mtdna	1
100	0	0	11	0	0	1	0	0.0203543
100	0	0	11	0	0	0	0.0203543	0.0252663
100	0	0	11	0	0	1	0.0252663	0.0530521
100	0	0	11	0	0	0	0.0530521	0.0553428
100	0	0	11	0	0	1	0.0553428	0.0778573
100	0	0	11	0	0	0	0.0778573	0.0862186
100	0	0	11	0	0	1	0.0862186	0.380203
100	0	0	11	0	0	0	0.380203	0.394222
100	0	0	11	0	0	1	0.394222	0.395101
100	0	0	11	0	0	0	0.395101	0.395346
100	0	0	11	0	0	1	0.395346	0.427
##	100	0	0	11	0	0	0.2
100	0	0	11	0	1	1	0	0.427
##	100	0	0	11	0	1	0.2
##	100	0	0	11	mtdna	1
100	0	0	12	0	0	1	0	0.153167
100	0	0	12	0	0	0	0.153167	0.155519
100	0	0	12	0	0	1	0.155519	0.328254
100	0	0	12	0	0	0	0.328254	0.32927
100	0	0	12	0	0	1	0.32927	0.344994
100	0	0	12	0	0	0	0.344994	0.346205
100	0	0	12	0	0	1	0.346205	0.427
##	100	0	0	12	0	0	0.2
100	0	0	12	0	1	1	0	0.140533
100	0	0	12	0	1	0	0.140533	0.156817
100	0	0	12	0	1	1	0.156817	0.17365
100	0	0	12	0	1	0	0.17365	0.194431
100	0	0	12	0	1	1	0.194431	0.337302
100	0	0	12	0	1	0	0.337302	0.354852
100	0	0	12	0	1	1	0.354852	0.427
##	100	0	0	12	0	1	0.2
##	100	0	0	12	mtdna	1
100	0	0	13	0	0	1	0	0.091585
100	0	0	13	0	0	0	0.091585	0.0928628
100	0	0	13	0	0	1	0.0928628	0.386874
100	0	0	13	0	0	0	0.386874	0.399787
100	0	0	13	0	0	1	0.399787	0.427
##	100	0	0	13	0	0	0.2
100	0	0	13	0	1	1	0	0.100727
100	0	0	13	0	1	0	0.100727	0.105619
100	0	0	13	0	1	1	0.105619	0.136271
100	0	0	13	0	1	0	0.136271	0.140659
100	0	0	13	0	1	1	0.140659	0.191476
100	0	0	13	0	1	0	0.191476	0.194003
100	0	0	13	0	1	1	0.194003	0.427
##	100	0	0	13	0	1	0.2
##	100	0	0	13	mtdna	1
100	0	0	14	0	0	1	0	0.0220186
100	0	0	14	0	0	0	0.0220186	0.0434974
100	0	0	14	0	0	1	0.0434974	0.427
##	100	0	0	14	0	0	0.2
100	0	0	14	0	1	1	0	0.239344
100	0	0	14	0	1	0	0.239344	0.244527
100	0	0	14	0	1	1	0.244527	0.259327
100	0	0	14	0	1	0	0.259327	0.261417
100	0	0	14	0	1	1	0.261417	0.327839
100	0	0	14	0	1	0	0.327839	0.330331
100	0	0	14	0	1	1	0.330331	0.427
##	100	0	0	14	0	1	0.2
##	100	0	0	14	mtdna	1
100	0	0	15	0	0	1	0	0.00760268
100	0	0	15	0	0	0	0.00760268	0.0193495
100	0	0	15	0	0	1	0.0193495	0.0822857
100	0	0	15	0	0	0	0.0822857	0.0967071
100	0	0	15	0	0	1	0.0967071	0.22609
100	0	0	15	0	0	0	0.22609	0.242881
100	0	0	15	0	0	1	0.242881	0.415276
100	0	0	15	0	0	0	0.415276	0.427
##	100	0	0	15	0	0	0.2
100	0	0	15	0	1	0	0	0.0126458
100	0	0	15	0	1	1	0.0126458	0.121934
100	0	0	15	0	1	0	0.121934	0.1308
100	0	0	15	0	1	1	0.1308	0.206453
100	0	0	15	0	1	0	0.206453	0.212655
100	0	0	15	0	1	1	0.212655	0.427
##	100	0	0	15	0	1	0.2
##	100	0	0	15	mtdna	1
100	0	0	16	0	0	1	0	0.00337074
100	0	0	16	0	0	0	0.00337074	0.00414949
100	0	0	16	0	0	1	0.00414949	0.199562
100	0	0	16	0	0	0	0.199562	0.204225
100	0	0	16	0	0	1	0.204225	0.233876
100	0	0	16	0	0	0	0.233876	0.242339
100	0	0	16	0	0	1	0.242339	0.395103
100	0	0	16	0	0	0	0.395103	0.397391
100	0	0	16	0	0	1	0.397391	0.427
##	100	0	0	16	0	0
100	0	0	16	0	1	1	0	0.0630442
100	0	0	16	0	1	0	0.0630442	0.069175
100	0	0	16	0	1	1	0.069175	0.396521
100	0	0	16	0	1	0	0.396521	0.409682
100	0	0	16	0	1	1	0.409682	0.427
##	100	0	0	16	0	1	0.2
##	100	0	0	16	mtdna	1
100	0	0	17	0	0	0	0	0.00626383
100	0	0	17	0	0	1	0.00626383	0.0744524
100	0	0	17	0	0	0	0.0744524	0.0975699
100	0	0	17	0	0	1	0.0975699	0.198211
100	0	0	17	0	0	0	0.198211	0.21426
100	0	0	17	0	0	1	0.21426	0.234671
100	0	0	17	0	0	0	0.234671	0.234696
100	0	0	17	0	0	1	0.234696	0.382737
100	0	0	17	0	0	0	0.382737	0.396809
100	0	0	17	0	0	1	0.396809	0.427
##	100	0	0	17	0	0
100	0	0	17	0	1	0	0	0.000149052
100	0	0	17	0	1	1	0.000149052	0.427
##	100	0	0	17	0	1	0.2
##	100	0	0	17	mtdna	1
100	0	0	18	0	0	1	0	0.10193
100	0	0	18	0	0	0	0.10193	0.125508
100	0	0	18	0	0	1	0.125508	0.427
##	100	0	0	18	0	0	0.2
100	0	0	18	0	1	1	0	0.311465
100	0	0	18	0	1	0	0.311465	0.322033
100	0	0	18	0	1	1	0.322033	0.427
##	100	0	0	18	0	1	0.2
##	100	0	0	18	mtdna	1
100	0	0	19	0	0	0	0	0.00464207
100	0	0	19	0	0	1	0.00464207	0.0953575
100	0	0	19	0	0	0	0.0953575	0.129784
100	0	0	19	0	0	1	0.129784	0.143836
100	0	0	19	0	0	0	0.143836	0.144721
100	0	0	19	0	0	1	0.144721	0.183975
100	0	0	19	0	0	0	0.183975	0.199556
100	0	0	19	0	0	1	0.199556	0.2319
100	0	0	19	0	0	0	0.2319	0.277756
100	0	0	19	0	0	1	0.277756	0.418325
100	0	0	19	0	0	0	0.418325	0.427
##	100	0	0	19	0	0	0.2
100	0	0	19	0	1	1	0	0.0997203
100	0	0	19	0	1	0	0.0997203	0.122405
100	0	0	19	0	1	1	0.122405	0.15878
100	0	0	19	0	1	0	0.15878	0.164903
100	0	0	19	0	1	1	0.164903	0.175803
100	0	0	19	0	1	0	0.175803	0.192297
100	0	0	19	0	1	1	0.192297	0.369764
100	0	0	19	0	1	0	0.369764	0.388026
100	0	0	19	0	1	1	0.388026	0.427
##	100	0	0	19	0	1	0.2
##	100	0	0	19	mtdna	1
100	0	0	20	0	0	1	0	0.00326204
100	0	0	20	0	0	0	0.00326204	0.013045
100	0	0	20	0	0	1	0.013045	0.114339
100	0	0	20	0	0	0	0.114339	0.120304
100	0	0	20	0	0	1	0.120304	0.142522
100	0	0	20	0	0	0	0.142522	0.180176
100	0	0	20	0	0	1	0.180176	0.427
##	100	0	0	20	0	0	0.2
100	0	0	20	0	1	1	0	0.427
##	100	0	0	20	0	1	0.2
##	100	0	0	20	mtdna	1
100	0	0	21	0	0	1	0	0.427
##	100	0	0	21	0	0	0.2
100	0	0	21	0	1	1	0	0.356922
100	0	0	21	0	1	0	0.356922	0.379398
100	0	0	21	0	1	1	0.379398	0.427
##	100	0	0	21	0	1	0.2
##	100	0	0	21	mtdna	1
100	0	0	22	0	0	1	0	0.0122595
100	0	0	22	0	0	0	0.0122595	0.0126458
100	0	0	22	0	0	1	0.0126458	0.0172178
100	0	0	22	0	0	0	0.0172178	0.0180064
100	0	0	22	0	0	1	0.0180064	0.0899873
100	0	0	22	0	0	0	0.0899873	0.108739
100	0	0	22	0	0	1	0.108739	0.119166
100	0	0	22	0	0	0	0.119166	0.12478
100	0	0	22	0	0	1	0.12478	0.17439
100	0	0	22	0	0	0	0.17439	0.190735
100	0	0	22	0	0	1	0.190735	0.204631
100	0	0	22	0	0	0	0.204631	0.216566
100	0	0	22	0	0	1	0.216566	0.309282
100	0	0	22	0	0	0	0.309282	0.318689
100	0	0	22	0	0	1	0.318689	0.427
##	100	0	0	22	0	0	0.2
100	0	0	22	0	1	1	0	0.0333174
100	0	0	22	0	1	0	0.0333174	0.040438
100	0	0	22	0	1	1	0.040438	0.103834
100	0	0	22	0	1	0	0.103834	0.108187
100	0	0	22	0	1	1	0.108187	0.348965
100	0	0	22	0	1	0	0.348965	0.351614
100	0	0	22	0	1	1	0.351614	0.427
##	100	0	0	22	0	1	0.2
##	100	0	0	22	mtdna	1
100	0	0	23	0	0	1	0	0.126197
100	0	0	23	0	0	0	0.126197	0.139614
100	0	0	23	0	0	1	0.139614	0.186241
100	0	0	23	0	0	0	0.186241	0.192706
100	0	0	23	0	0	1	0.192706	0.197804
100	0	0	23	0	0	0	0.197804	0.22738
100	0	0	23	0	0	1	0.22738	0.427
##	100	0	0	23	0	0
100	0	0	23	0	1	1	0	0.163886
100	0	0	23	0	1	0	0.163886	0.17238
100	0	0	23	0	1	1	0.17238	0.427
##	100	0	0	23	0	1	0.2
##	100	0	0	23	mtdna	0
100	0	0	24	0	0	1	0	0.327721
100	0	0	24	0	0	0	0.327721	0.33531
100	0	0	24	0	0	1	0.33531	0.427
##	100	0	0	24	0	0	0.2
100	0	0	24	0	1	1	0	0.242415
100	0	0	24	0	1	0	0.242415	0.246022
100	0	0	24	0	1	1	0.246022	0.427
##	100	0	0	24	0	1	0.2
##	100	0	0	24	mtdna	1
100	0	0	25	0	0	1	0	0.14456
100	0	0	25	0	0	0	0.14456	0.171725
100	0	0	25	0	0	1	0.171725	0.427
##	100	0	0	25	0	0	0.2
100	0	0	25	0	1	1	0	0.309282
100	0	0	25	0	1	0	0.309282	0.311736
100	0	0	25	0	1	1	0.311736	0.42686
100	0	0	25	0	1	0	0.42686	0.427
##	100	0	0	25	0	1	0.2
##	100	0	0	25	mtdna	1
100	0	0	26	0	0	1	0	0.0942854
100	0	0	26	0	0	0	0.0942854	0.098602
100	0	0	26	0	0	1	0.098602	0.427
##	100	0	0	26	0	0	0.2
100	0	0	26	0	1	1	0	0.265383
100	0	0	26	0	1	0	0.265383	0.274782
100	0	0	26	0	1	1	0.274782	0.427
##	100	0	0	26	0	1	0.2
##	100	0	0	26	mtdna	1
100	0	0	27	0	0	1	0	0.0103108
100	0	0	27	0	0	0	0.0103108	0.0402992
100	0	0	27	0	0	1	0.0402992	0.427
##	100	0	0	27	0	0	0.2
100	0	0	27	0	1	1	0	0.354941
100	0	0	27	0	1	0	0.354941	0.356929
100	0	0	27	0	1	1	0.356929	0.427
##	100	0	0	27	0	1	0.2
##	100	0	0	27	mtdna	1
100	0	0	28	0	0	1	0	0.427
##	100	0	0	28	0	0	0.2
100	0	0	28	0	1	1	0	0.222913
100	0	0	28	0	1	0	0.222913	0.2394
100	0	0	28	0	1	1	0.2394	0.336478
100	0	0	28	0	1	0	0.336478	0.344097
100	0	0	28	0	1	1	0.344097	0.427
##	100	0	0	28	0	1	0.2
##	100	0	0	28	mtdna	1
100	0	0	29	0	0	1	0	0.206375
100	0	0	29	0	0	0	0.206375	0.209414
100	0	0	29	0	0	1	0.209414	0.407552
100	0	0	29	0	0	0	0.407552	0.412603
100	0	0	29	0	0	1	0.412603	0.427
##	100	0	0	29	0	0	0.2
100	0	0	29	0	1	1	0	0.427
##	100	0	0	29	0	1	0.2
##	100	0	0	29	mtdna	1
100	0	0	30	0	0	1	0	0.427
##	100	0	0	30	0	0	0.2
100	0	0	30	0	1	1	0	0.0578539
100	0	0	30	0	1	0	0.0578539	0.0785353
100	0	0	30	0	1	1	0.0785353	0.427
##	100	0	0	30	0	1	0.2
##	100	0	0	30	mtdna	1
100	0	0	31	0	0	1	0	0.155075
100	0	0	31	0	0	0	0.155075	0.162987
100	0	0	31	0	0	1	0.162987	0.236928
100	0	0	31	0	0	0	0.236928	0.246069
100	0	0	31	0	0	1	0.246069	0.254743
100	0	0	31	0	0	0	0.254743	0.28447
100	0	0	31	0	0	1	0.28447	0.377909
100	0	0	31	0	0	0	0.377909	0.384188
100	0	0	31	0	0	1	0.384188	0.427
##	100	0	0	31	0	0	0.2
100	0	0	31	0	1	1	0	0.197994
100	0	0	31	0	1	0	0.197994	0.200302
100	0	0	31	0	1	1	0.200302	0.2019
100	0	0	31	0	1	0	0.2019	0.203814
100	0	0	31	0	1	1	0.203814	0.427
##	100	0	0	31	0	1
##	100	0	0	31	mtdna	1
100	0	0	32	0	0	1	0	0.0893133
100	0	0	32	0	0	0	0.0893133	0.0926879
100	0	0	32	0	0	1	0.0926879	0.216206
100	0	0	32	0	0	0	0.216206	0.22519
100	0	0	32	0	0	1	0.22519	0.427
##	100	0	0	32	0	0	0.2
100	0	0	32	0	1	1	0	0.0572329
100	0	0	32	0	1	0	0.0572329	0.0575151
100	0	0	32	0	1	1	0.0575151	0.194852
100	0	0	32	0	1	0	0.194852	0.231555
100	0	0	32	0	1	1	0.231555	0.285155
100	0	0	32	0	1	0	0.285155	0.291138
100	0	0	32	0	1	1	0.291138	0.391394
100	0	0	32	0	1	0	0.391394	0.406587
100	0	0	32	0	1	1	0.406587	0.427
##	100	0	0	32	0	1
##	100	0	0	32	mtdna	1
100	0	0	33	0	0	1	0	0.00337074
100	0	0	33	0	0	0	0.00337074	0.0333732
100	0	0	33	0	0	1	0.0333732	0.0617487
100	0	0	33	0	0	0	0.0617487	0.0706069
100	0	0	33	0	0	1	0.0706069	0.190853
100	0	0	33	0	0	0	0.190853	0.225149
100	0	0	33	0	0	1	0.225149	0.332045
100	0	0	33	0	0	0	0.332045	0.338979
100	0	0	33	0	0	1	0.338979	0.341664
100	0	0	33	0	0	0	0.341664	0.3441
100	0	0	33	0	0	1	0.3441	0.362061
100	0	0	33	0	0	0	0.362061	0.364138
100	0	0	33	0	0	1	0.364138	0.366323
100	0	0	33	0	0	0	0.366323	0.369701
100	0	0	33	0	0	1	0.369701	0.427
##	100	0	0	33	0	0
100	0	0	33	0	1	1	0	0.0361253
100	0	0	33	0	1	0	0.0361253	0.0553492
100	0	0	33	0	1	1	0.0553492	0.398453
100	0	0	33	0	1	0	0.398453	0.416861
100	0	0	33	0	1	1	0.416861	0.427
##	100	0	0	33	0	1	0.2
##	100	0	0	33	mtdna	1
100	0	0	34	0	0	1	0	0.0274846
100	0	0	34	0	0	0	0.0274846	0.0282207
100	0	0	34	0	0	1	0.0282207	0.207431
100	0	0	34	0	0	0	0.207431	0.208581
100	0	0	34	0	0	1	0.208581	0.40258
100	0	0	34	0	0	0	0.40258	0.412897
100	0	0	34	0	0	1	0.412897	0.414773
100	0	0	34	0	0	0	0.414773	0.424325
100	0	0	34	0	0	1	0.424325	0.427
##	100	0	0	34	0	0	0.2
100	0	0	34	0	1	1	0	0.103834
100	0	0	34	0	1	0	0.103834	0.108187
100	0	0	34	0	1	1	0.108187	0.237113
100	0	0	34	0	1	0	0.237113	0.239466
100	0	0	34	0	1	1	0.239466	0.346463
100	0	0	34	0	1	0	0.346463	0.376316
100	0	0	34	0	1	1	0.376316	0.427
##	100	0	0	34	0	1	0.2
##	100	0	0	34	mtdna	1
100	0	0	35	0	0	1	0	0.172029
100	0	0	35	0	0	0	0.172029	0.227167
100	0	0	35	0	0	1	0.227167	0.27515
100	0	0	35	0	0	0	0.27515	0.294019
100	0	0	35	0	0	1	0.294019	0.427
##	100	0	0	35	0	0
100	0	0	35	0	1	1	0	0.0594881
100	0	0	35	0	1	0	0.0594881	0.061428
100	0	0	35	0	1	1	0.061428	0.295534
100	0	0	35	0	1	0	0.295534	0.305112
100	0	0	35	0	1	1	0.305112	0.385488
100	0	0	35	0	1	0	0.385488	0.389591
100	0	0	35	0	1	1	0.389591	0.427
##	100	0	0	35	0	1	0.2
##	100	0	0	35	mtdna	1
100	0	0	36	0	0	1	0	0.22011
100	0	0	36	0	0	0	0.22011	0.221924
100	0	0	36	0	0	1	0.221924	0.427
##	100	0	0	36	0	0	0.2
100	0	0	36	0	1	1	0	0.0288979
100	0	0	36	0	1	0	0.0288979	0.0321233
100	0	0	36	0	1	1	0.0321233	0.427
##	100	0	0	36	0	1	0.2
##	100	0	0	36	mtdna	1
100	0	0	37	0	0	1	0	0.150549
100	0	0	37	0	0	0	0.150549	0.160822
100	0	0	37	0	0	1	0.160822	0.40317
100	0	0	37	0	0	0	0.40317	0.415593
100	0	0	37	0	0	1	0.415593	0.427
##	100	0	0	37	0	0	0.2
100	0	0	37	0	1	1	0	0.427
##	100	0	0	37	0	1	0.2
##	100	0	0	37	mtdna	1
100	0	0	38	0	0	1	0	0.158735
100	0	0	38	0	0	0	0.158735	0.172391
100	0	0	38	0	0	1	0.172391	0.21192
100	0	0	38	0	0	0	0.21192	0.223683
100	0	0	38	0	0	1	0.223683	0.328651
100	0	0	38	0	0	0	0.328651	0.3418
100	0	0	38	0	0	1	0.3418	0.423933
100	0	0	38	0	0	0	0.423933	0.427
##	100	0	0	38	0	0	0.2
100	0	0	38	0	1	1	0	0.250991
100	0	0	38	0	1	0	0.250991	0.270772
100	0	0	38	0	1	1	0.270772	0.427
##	100	0	0	38	0	1	0.2
##	100	0	0	38	mtdna	0
100	0	0	39	0	0	1	0	0.06691
100	0	0	39	0	0	0	0.06691	0.0704162
100	0	0	39	0	0	1	0.0704162	0.202675
100	0	0	39	0	0	0	0.202675	0.20414
100	0	0	39	0	0	1	0.20414	0.427
##	100	0	0	39	0	0	0.2
100	0	0	39	0	1	0	0	0.00772502
100	0	0	39	0	1	1	0.00772502	0.0519887
100	0	0	39	0	1	0	0.0519887	0.0803544
100	0	0	39	0	1	1	0.0803544	0.427
##	100	0	0	39	0	1	0.2
##	100	0	0	39	mtdna	1
100	0	0	40	0	0	1	0	0.143975
100	0	0	40	0	0	0	0.143975	0.156582
100	0	0	40	0	0	1	0.156582	0.359369
100	0	0	40	0	0	0	0.359369	0.363264
100	0	0	40	0	0	1	0.363264	0.427
##	100	0	0	40	0	0	0.2
100	0	0	40	0	1	1	0	0.0256538
100	0	0	40	0	1	0	0.0256538	0.0434569
100	0	0	40	0	1	1	0.0434569	0.179983
100	0	0	40	0	1	0	0.179983	0.2044
100	0	0	40	0	1	1	0.2044	0.251758
100	0	0	40	0	1	0	0.251758	0.252513
100	0	0	40	0	1	1	0.252513	0.427
##	100	0	0	40	0	1
##	100	0	0	40	mtdna	1
100	0	0	41	0	0	1	0	0.424967
100	0	0	41	0	0	0	0.424967	0.427
##	100	0	0	41	0	0	0.2
100	0	0	41	0	1	0	0	0.00105802
100	0	0	41	0	1	1	0.00105802	0.0668265
100	0	0	41	0	1	0	0.0668265	0.079315
100	0	0	41	0	1	1	0.079315	0.427
##	100	0	0	41	0	1	0.2
##	100	0	0	41	mtdna	1
100	0	0	42	0	0	1	0	0.00953013
100	0	0	42	0	0	0	0.00953013	0.047607
100	0	0	42	0	0	1	0.047607	0.340944
100	0	0	42	0	0	0	0.340944	0.369546
100	0	0	42	0	0	1	0.369546	0.380509
100	0	0	42	0	0	0	0.380509	0.390134
100	0	0	42	0	0	1	0.390134	0.400528
100	0	0	42	0	0	0	0.400528	0.415637
100	0	0	42	0	0	1	0.415637	0.421491
100	0	0	42	0	0	0	0.421491	0.42431
100	0	0	42	0	0	1	0.42431	0.427
##	100	0	0	42	0	0	0.2
100	0	0	42	0	1	1	0	0.016083
100	0	0	42	0	1	0	0.016083	0.0227225
100	0	0	42	0	1	1	0.0227225	0.254743
100	0	0	42	0	1	0	0.254743	0.28447
100	0	0	42	0	1	1	0.28447	0.427
##	100	0	0	42	0	1	0.2
##	100	0	0	42	mtdna	1
100	0	0	43	0	0	1	0	0.0463452
100	0	0	43	0	0	0	0.0463452	0.0470043
100	0	0	43	0	0	1	0.0470043	0.0938675
100	0	0	43	0	0	0	0.0938675	0.103461
100	0	0	43	0	0	1	0.103461	0.427
##	100	0	0	43	0	0	0.2
100	0	0	43	0	1	1	0	0.269475
100	0	0	43	0	1	0	0.269475	0.271445
100	0	0	43	0	1	1	0.271445	0.427
##	100	0	0	43	0	1	0.2
##	100	0	0	43	mtdna	1
100	0	0	44	0	0	1	0	0.197379
100	0	0	44	0	0	0	0.197379	0.204782
100	0	0	44	0	0	1	0.204782	0.395772
100	0	0	44	0	0	0	0.395772	0.402977
100	0	0	44	0	0	1	0.402977	0.427
##	100	0	0	44	0	0
100	0	0	44	0	1	0	0	0.0033506
100	0	0	44	0	1	1	0.0033506	0.309378
100	0	0	44	0	1	0	0.309378	0.326189
100	0	0	44	0	1	1	0.326189	0.426929
100	0	0	44	0	1	0	0.426929	0.427
##	100	0	0	44	0	1	0.2
##	100	0	0	44	mtdna	1
100	0	0	45	0	0	1	0	0.189004
100	0	0	45	0	0	0	0.189004	0.211177
100	0	0	45	0	0	1	0.211177	0.337673
100	0	0	45	0	0	0	0.337673	0.376033
100	0	0	45	0	0	1	0.376033	0.427
##	100	0	0	45	0	0
100	0	0	45	0	1	1	0	0.0502737
100	0	0	45	0	1	0	0.0502737	0.0506402
100	0	0	45	0	1	1	0.0506402	0.161696
100	0	0	45	0	1	0	0.161696	0.181428
100	0	0	45	0	1	1	0.181428	0.427
##	100	0	0	45	0	1	0.2
##	100	0	0	45	mtdna	0
100	0	0	46	0	0	1	0	0.147418
100	0	0	46	0	0	0	0.147418	0.160428
100	0	0	46	0	0	1	0.160428	0.249745
100	0	0	46	0	0	0	0.249745	0.252241
100	0	0	46	0	0	1	0.252241	0.293552
100	0	0	46	0	0	0	0.293552	0.294752
100	0	0	46	0	0	1	0.294752	0.402618
100	0	0	46	0	0	0	0.402618	0.427
##	100	0	0	46	0	0	0.2
100	0	0	46	0	1	1	0	0.0617487
100	0	0	46	0	1	0	0.0617487	0.0706069
100	0	0	46	0	1	1	0.0706069	0.0922624
100	0	0	46	0	1	0	0.0922624	0.106255
100	0	0	46	0	1	1	0.106255	0.234646
100	0	0	46	0	1	0	0.234646	0.236281
100	0	0	46	0	1	1	0.236281	0.427
##	100	0	0	46	0	1	0.2
##	100	0	0	46	mtdna	1
100	0	0	47	0	0	1	0	0.0592741
100	0	0	47	0	0	0	0.0592741	0.0631897
100	0	0	47	0	0	1	0.0631897	0.0889125
100	0	0	47	0	0	0	0.0889125	0.0955662
100	0	0	47	0	0	1	0.0955662	0.427
##	100	0	0	47	0	0	0.2
100	0	0	47	0	1	1	0	0.427
##	100	0	0	47	0	1	0.2
##	100	0	0	47	mtdna	1
100	0	0	48	0	0	1	0	0.155492
100	0	0	48	0	0	0	0.155492	0.164011
100	0	0	48	0	0	1	0.164011	0.427
##	100	0	0	48	0	0	0.2
100	0	0	48	0	1	1	0	0.0501403
100	0	0	48	0	1	0	0.0501403	0.0685898
100	0	0	48	0	1	1	0.0685898	0.423981
100	0	0	48	0	1	0	0.423981	0.426804
100	0	0	48	0	1	1	0.426804	0.427
##	100	0	0	48	0	1	0.2
##	100	0	0	48	mtdna	1
100	0	0	49	0	0	1	0	0.00275085
100	0	0	49	0	0	0	0.00275085	0.00978044
100	0	0	49	0	0	1	0.00978044	0.17584
100	0	0	49	0	0	0	0.17584	0.176186
100	0	0	49	0	0	1	0.176186	0.23203
100	0	0	49	0	0	0	0.23203	0.262484
100	0	0	49	0	0	1	0.262484	0.335706
100	0	0	49	0	0	0	0.335706	0.342903
100	0	0	49	0	0	1	0.342903	0.343875
100	0	0	49	0	0	0	0.343875	0.346457
100	0	0	49	0	0	1	0.346457	0.362242
100	0	0	49	0	0	0	0.362242	0.388288
100	0	0	49	0	0	1	0.388288	0.427
##	100	0	0	49	0	0	0.2
100	0	0	49	0	1	1	0	0.10123
100	0	0	49	0	1	0	0.10123	0.125171
100	0	0	49	0	1	1	0.125171	0.280122
100	0	0	49	0	1	0	0.280122	0.288418
100	0	0	49	0	1	1	0.288418	0.427
##	100	0	0	49	0	1	0.2
##	100	0	0	49	mtdna	1
100	0	0	50	0	0	1	0	0.427
##	100	0	0	50	0	0	0.2
100	0	0	50	0	1	1	0	0.140723
100	0	0	50	0	1	0	0.140723	0.143498
100	0	0	50	0	1	1	0.143498	0.421168
100	0	0	50	0	1	0	0.421168	0.427
##	100	0	0	50	0	1	0.2
##	100	0	0	50	mtdna	1
100	0	0	51	0	0	1	0	0.106265
100	0	0	51	0	0	0	0.106265	0.125268
100	0	0	51	0	0	1	0.125268	0.165129
100	0	0	51	0	0	0	0.165129	0.165721
100	0	0	51	0	0	1	0.165721	0.268134
100	0	0	51	0	0	0	0.268134	0.292562
100	0	0	51	0	0	1	0.292562	0.427
##	100	0	0	51	0	0	0.2
100	0	0	51	0	1	1	0	0.0514264
100	0	0	51	0	1	0	0.0514264	0.0522363
100	0	0	51	0	1	1	0.0522363	0.107536
100	0	0	51	0	1	0	0.107536	0.109979
100	0	0	51	0	1	1	0.109979	0.142497
100	0	0	51	0	1	0	0.142497	0.151917
100	0	0	51	0	1	1	0.151917	0.427
##	100	0	0	51	0	1	0.2
##	100	0	0	51	mtdna	1
100	0	0	52	0	0	1	0	0.0481251
100	0	0	52	0	0	0	0.0481251	0.0746893
100	0	0	52	0	0	1	0.0746893	0.0899873
100	0	0	52	0	0	0	0.0899873	0.0916299
100	0	0	52	0	0	1	0.0916299	0.13008
100	0	0	52	0	0	0	0.13008	0.159305
100	0	0	52	0	0	1	0.159305	0.245452
100	0	0	52	0	0	0	0.245452	0.249992
100	0	0	52	0	0	1	0.249992	0.427
##	100	0	0	52	0	0	0.2
100	0	0	52	0	1	1	0	0.0614996
100	0	0	52	0	1	0	0.0614996	0.0630191
100	0	0	52	0	1	1	0.0630191	0.11374
100	0	0	52	0	1	0	0.11374	0.1208
100	0	0	52	0	1	1	0.1208	0.427
##	100	0	0	52	0	1	0.2
##	100	0	0	52	mtdna	1
100	0	0	53	0	0	1	0	0.167562
100	0	0	53	0	0	0	0.167562	0.168506
100	0	0	53	0	0	1	0.168506	0.427
##	100	0	0	53	0	0	0.2
100	0	0	53	0	1	1	0	0.192696
100	0	0	53	0	1	0	0.192696	0.206738
100	0	0	53	0	1	1	0.206738	0.229988
100	0	0	53	0	1	0	0.229988	0.232041
100	0	0	53	0	1	1	0.232041	0.271904
100	0	0	53	0	1	0	0.271904	0.305053
100	0	0	53	0	1	1	0.305053	0.334621
100	0	0	53	0	1	0	0.334621	0.344472
100	0	0	53	0	1	1	0.344472	0.427
##	100	0	0	53	0	1
##	100	0	0	53	mtdna	1
100	0	0	54	0	0	1	0	0.104507
100	0	0	54	0	0	0	0.104507	0.128126
100	0	0	54	0	0	1	0.128126	0.427
##	100	0	0	54	0	0	0.2
100	0	0	54	0	1	1	0	0.0990812
100	0	0	54	0	1	0	0.0990812	0.123816
100	0	0	54	0	1	1	0.123816	0.175839
100	0	0	54	0	1	0	0.175839	0.189388
100	0	0	54	0	1	1	0.189388	0.314308
100	0	0	54	0	1	0	0.314308	0.320766
100	0	0	54	0	1	1	0.320766	0.427
##	100	0	0	54	0	1	0.2
##	100	0	0	54	mtdna	1
100	0	0	55	0	0	1	0	0.427
##	100	0	0	55	0	0	0.2
100	0	0	55	0	1	1	0	0.232079
100	0	0	55	0	1	0	0.232079	0.235343
100	0	0	55	0	1	1	0.235343	0.427
##	100	0	0	55	0	1	0.2
##	100	0	0	55	mtdna	1
100	0	0	56	0	0	1	0	0.0131136
100	0	0	56	0	0	0	0.0131136	0.0199891
100	0	0	56	0	0	1	0.0199891	0.0608722
100	0	0	56	0	0	0	0.0608722	0.0692265
100	0	0	56	0	0	1	0.0692265	0.295242
100	0	0	56	0	0	0	0.295242	0.306277
100	0	0	56	0	0	1	0.306277	0.360779
100	0	0	56	0	0	0	0.360779	0.363644
100	0	0	56	0	0	1	0.363644	0.427
##	100	0	0	56	0	0	0.2
100	0	0	56	0	1	1	0	0.181778
100	0	0	56	0	1	0	0.181778	0.186452
100	0	0	56	0	1	1	0.186452	0.29751
100	0	0	56	0	1	0	0.29751	0.312256
100	0	0	56	0	1	1	0.312256	0.427
##	100	0	0	56	0	1	0.2
##	100	0	0	56	mtdna	1
100	0	0	57	0	0	1	0	0.195776
100	0	0	57	0	0	0	0.195776	0.202204
100	0	0	57	0	0	1	0.202204	0.387776
100	0	0	57	0	0	0	0.387776	0.409909
100	0	0	57	0	0	1	0.409909	0.427
##	100	0	0	57	0	0
100	0	0	57	0	1	1	0	0.427
##	100	0	0	57	0	1	0.2
##	100	0	0	57	mtdna	1
100	0	0	58	0	0	1	0	0.0414891
100	0	0	58	0	0	0	0.0414891	0.0487376
100	0	0	58	0	0	1	0.0487376	0.427
##	100	0	0	58	0	0	0.2
100	0	0	58	0	1	0	0	0.0141612
100	0	0	58	0	1	1	0.0141612	0.0257106
100	0	0	58	0	1	0	0.0257106	0.0511093
100	0	0	58	0	1	1	0.0511093	0.239273
100	0	0	58	0	1	0	0.239273	0.25031
100	0	0	58	0	1	1	0.25031	0.427
##	100	0	0	58	0	1	0.2
##	100	0	0	58	mtdna	1
100	0	0	59	0	0	1	0	0.427
##	100	0	0	59	0	0	0.2
100	0	0	59	0	1	1	0	0.261756
100	0	0	59	0	1	0	0.261756	0.266714
100	0	0	59	0	1	1	0.266714	0.299342
100	0	0	59	0	1	0	0.299342	0.309375
100	0	0	59	0	1	1	0.309375	0.427
##	100	0	0	59	0	1	0.2
##	100	0	0	59	mtdna	1
100	0	0	60	0	0	1	0	0.0169842
100	0	0	60	0	0	0	0.0169842	0.0175459
100	0	0	60	0	0	1	0.0175459	0.212075
100	0	0	60	0	0	0	0.212075	0.223279
100	0	0	60	0	0	1	0.223279	0.226728
100	0	0	60	0	0	0	0.226728	0.26131
100	0	0	60	0	0	1	0.26131	0.312843
100	0	0	60	0	0	0	0.312843	0.322625
100	0	0	60	0	0	1	0.322625	0.427
##	100	0	0	60	0	0	0.2
100	0	0	60	0	1	1	0	0.389688
100	0	0	60	0	1	0	0.389688	0.419034
100	0	0	60	0	1	1	0.419034	0.427
##	100	0	0	60	0	1	0.2
##	100	0	0	60	mtdna	1
100	0	0	61	0	0	1	0	0.0169174
100	0	0	61	0	0	0	0.0169174	0.0262403
100	0	0	61	0	0	1	0.0262403	0.296208
100	0	0	61	0	0	0	0.296208	0.308558
100	0	0	61	0	0	1	0.308558	0.399495
100	0	0	61	0	0	0	0.399495	0.408668
100	0	0	61	0	0	1	0.408668	0.427
##	100	0	0	61	0	0	0.2
100	0	0	61	0	1	1	0	0.0573691
100	0	0	61	0	1	0	0.0573691	0.0593174
100	0	0	61	0	1	1	0.0593174	0.13406
100	0	0	61	0	1	0	0.13406	0.136431
100	0	0	61	0	1	1	0.136431	0.427
##	100	0	0	61	0	1	0.2
##	100	0	0	61	mtdna	1
100	0	0	62	0	0	1	0	0.0746403
100	0	0	62	0	0	0	0.0746403	0.0998752
100	0	0	62	0	0	1	0.0998752	0.20241
100	0	0	62	0	0	0	0.20241	0.215935
100	0	0	62	0	0	1	0.215935	0.427
##	100	0	0	62	0	0	0.2
100	0	0	62	0	1	1	0	0.07717
100	0	0	62	0	1	0	0.07717	0.0794577
100	0	0	62	0	1	1	0.0794577	0.121884
100	0	0	62	0	1	0	0.121884	0.140735
100	0	0	62	0	1	1	0.140735	0.16379
100	0	0	62	0	1	0	0.16379	0.174305
100	0	0	62	0	1	1	0.174305	0.38616
100	0	0	62	0	1	0	0.38616	0.397342
100	0	0	62	0	1	1	0.397342	0.427
##	100	0	0	62	0	1	0.2
##	100	0	0	62	mtdna	1
100	0	0	63	0	0	1	0	0.0282338
100	0	0	63	0	0	0	0.0282338	0.0314933
100	0	0	63	0	0	1	0.0314933	0.0712288
100	0	0	63	0	0	0	0.0712288	0.102666
100	0	0	63	0	0	1	0.102666	0.149992
100	0	0	63	0	0	0	0.149992	0.171487
100	0	0	63	0	0	1	0.171487	0.427
##	100	0	0	63	0	0	0.2
100	0	0	63	0	1	1	0	0.162894
100	0	0	63	0	1	0	0.162894	0.165518
100	0	0	63	0	1	1	0.165518	0.427
##	100	0	0	63	0	1	0.2
##	100	0	0	63	mtdna	1
100	0	0	64	0	0	1	0	0.427
##	100	0	0	64	0	0	0.2
100	0	0	64	0	1	1	0	0.119158
100	0	0	64	0	1	0	0.119158	0.145759
100	0	0	64	0	1	1	0.145759	0.214937
100	0	0	64	0	1	0	0.214937	0.232496
100	0	0	64	0	1	1	0.232496	0.250451
100	0	0	64	0	1	0	0.250451	0.258709
100	0	0	64	0	1	1	0.258709	0.427
##	100	0	0	64	0	1	0.2
##	100	0	0	64	mtdna	1
100	0	0	65	0	0	1	0	0.24114
100	0	0	65	0	0	0	0.24114	0.26855
100	0	0	65	0	0	1	0.26855	0.27048
100	0	0	65	0	0	0	0.27048	0.280408
100	0	0	65	0	0	1	0.280408	0.427
##	100	0	0	65	0	0	0.2
100	0	0	65	0	1	1	0	0.00148439
100	0	0	65	0	1	0	0.00148439	0.00220062
100	0	0	65	0	1	1	0.00220062	0.138809
100	0	0	65	0	1	0	0.138809	0.14446
100	0	0	65	0	1	1	0.14446	0.27811
100	0	0	65	0	1	0	0.27811	0.312117
100	0	0	65	0	1	1	0.312117	0.35149
100	0	0	65	0	1	0	0.35149	0.354042
100	0	0	65	0	1	1	0.354042	0.427
##	100	0	0	65	0	1	0.2
##	100	0	0	65	mtdna	1
100	0	0	66	0	0	1	0	0.0204055
100	0	0	66	0	0	0	0.0204055	0.0241925
100	0	0	66	0	0	1	0.0241925	0.427
##	100	0	0	66	0	0	0.2
100	0	0	66	0	1	1	0	0.103834
100	0	0	66	0	1	0	0.103834	0.108187
100	0	0	66	0	1	1	0.108187	0.237113
100	0	0	66	0	1	0	0.237113	0.239466
100	0	0	66	0	1	1	0.239466	0.346463
100	0	0	66	0	1	0	0.346463	0.376316
100	0	0	66	0	1	1	0.376316	0.411648
100	0	0	66	0	1	0	0.411648	0.427
##	100	0	0	66	0	1	0.2
##	100	0	0	66	mtdna	1
100	0	0	67	0	0	1	0	0.203949
100	0	0	67	0	0	0	0.203949	0.216443
100	0	0	67	0	0	1	0.216443	0.346871
100	0	0	67	0	0	0	0.346871	0.350219
100	0	0	67	0	0	1	0.350219	0.414141
100	0	0	67	0	0	0	0.414141	0.414494
100	0	0	67	0	0	1	0.414494	0.427
##	100	0	0	67	0	0	0.2
100	0	0	67	0	1	1	0	0.0417615
100	0	0	67	0	1	0	0.0417615	0.0625191
100	0	0	67	0	1	1	0.0625191	0.309393
100	0	0	67	0	1	0	0.309393	0.345031
100	0	0	67	0	1	1	0.345031	0.388803
100	0	0	67	0	1	0	0.388803	0.394311
100	0	0	67	0	1	1	0.394311	0.427
##	100	0	0	67	0	1	0.2
##	100	0	0	67	mtdna	1
100	0	0	68	0	0	1	0	0.211327
100	0	0	68	0	0	0	0.211327	0.234343
100	0	0	68	0	0	1	0.234343	0.427
##	100	0	0	68	0	0	0.2
100	0	0	68	0	1	1	0	0.226428
100	0	0	68	0	1	0	0.226428	0.230253
100	0	0	68	0	1	1	0.230253	0.234895
100	0	0	68	0	1	0	0.234895	0.251712
100	0	0	68	0	1	1	0.251712	0.427
##	100	0	0	68	0	1	0.2
##	100	0	0	68	mtdna	1
100	0	0	69	0	0	1	0	0.00574189
100	0	0	69	0	0	0	0.00574189	0.0115073
100	0	0	69	0	0	1	0.0115073	0.427
##	100	0	0	69	0	0	0.2
100	0	0	69	0	1	1	0	0.177792
100	0	0	69	0	1	0	0.177792	0.186012
100	0	0	69	0	1	1	0.186012	0.285684
100	0	0	69	0	1	0	0.285684	0.295936
100	0	0	69	0	1	1	0.295936	0.427
##	100	0	0	69	0	1	0.2
##	100	0	0	69	mtdna	1
100	0	0	70	0	0	1	0	0.0667929
100	0	0	70	0	0	0	0.0667929	0.095844
100	0	0	70	0	0	1	0.095844	0.199505
100	0	0	70	0	0	0	0.199505	0.204014
100	0	0	70	0	0	1	0.204014	0.427
##	100	0	0	70	0	0
100	0	0	70	0	1	1	0	0.427
##	100	0	0	70	0	1	0.2
##	100	0	0	70	mtdna	1
100	0	0	71	0	0	1	0	0.0728413
100	0	0	71	0	0	0	0.0728413	0.0736304
100	0	0	71	0	0	1	0.0736304	0.427
##	100	0	0	71	0	0	0.2
100	0	0	71	0	1	1	0	0.150549
100	0	0	71	0	1	0	0.150549	0.160822
100	0	0	71	0	1	1	0.160822	0.40317
100	0	0	71	0	1	0	0.40317	0.415593
100	0	0	71	0	1	1	0.415593	0.427
##	100	0	0	71	0	1	0.2
##	100	0	0	71	mtdna	1
100	0	0	72	0	0	1	0	0.159466
100	0	0	72	0	0	0	0.159466	0.160055
100	0	0	72	0	0	1	0.160055	0.359533
100	0	0	72	0	0	0	0.359533	0.369102
100	0	0	72	0	0	1	0.369102	0.404106
100	0	0	72	0	0	0	0.404106	0.41964
100	0	0	72	0	0	1	0.41964	0.427
##	100	0	0	72	0	0	0.2
100	0	0	72	0	1	1	0	0.149514
100	0	0	72	0	1	0	0.149514	0.154599
100	0	0	72	0	1	1	0.154599	0.427
##	100	0	0	72	0	1	0.2
##	100	0	0	72	mtdna	1
100	0	0	73	0	0	1	0	0.124536
100	0	0	73	0	0	0	0.124536	0.127671
100	0	0	73	0	0	1	0.127671	0.312594
100	0	0	73	0	0	0	0.312594	0.315836
100	0	0	73	0	0	1	0.315836	0.348679
100	0	0	73	0	0	0	0.348679	0.356929
100	0	0	73	0	0	1	0.356929	0.427
##	100	0	0	73	0	0	0.2
100	0	0	73	0	1	1	0	0.0276694
100	0	0	73	0	1	0	0.0276694	0.0492313
100	0	0	73	0	1	1	0.0492313	0.217997
100	0	0	73	0	1	0	0.217997	0.22398
100	0	0	73	0	1	1	0.22398	0.229791
100	0	0	73	0	1	0	0.229791	0.236085
100	0	0	73	0	1	1	0.236085	0.350983
100	0	0	73	0	1	0	0.350983	0.352775
100	0	0	73	0	1	1	0.352775	0.394456
100	0	0	73	0	1	0	0.394456	0.398252
100	0	0	73	0	1	1	0.398252	0.427
##	100	0	0	73	0	1	0.2
##	100	0	0	73	mtdna	1
100	0	0	74	0	0	1	0	0.156685
100	0	0	74	0	0	0	0.156685	0.171116
100	0	0	74	0	0	1	0.171116	0.427
##	100	0	0	74	0	0	0.2
100	0	0	74	0	1	1	0	0.0572329
100	0	0	74	0	1	0	0.0572329	0.0692265
100	0	0	74	0	1	1	0.0692265	0.427
##	100	0	0	74	0	1	0.2
##	100	0	0	74	mtdna	1
100	0	0	75	0	0	1	0	0.09732
100	0	0	75	0	0	0	0.09732	0.101272
100	0	0	75	0	0	1	0.101272	0.427
##	100	0	0	75	0	0	0.2
100	0	0	75	0	1	0	0	0.0194362
100	0	0	75	0	1	1	0.0194362	0.427
##	100	0	0	75	0	1	0.2
##	100	0	0	75	mtdna	0
100	0	0	76	0	0	1	0	0.208133
100	0	0	76	0	0	0	0.208133	0.21677
100	0	0	76	0	0	1	0.21677	0.300181
100	0	0	76	0	0	0	0.300181	0.303468
100	0	0	76	0	0	1	0.303468	0.427
##	100	0	0	76	0	0	0.2
100	0	0	76	0	1	0	0	0.0216349
100	0	0	76	0	1	1	0.0216349	0.203031
100	0	0	76	0	1	0	0.203031	0.212034
100	0	0	76	0	1	1	0.212034	0.284264
100	0	0	76	0	1	0	0.284264	0.28447
100	0	0	76	0	1	1	0.28447	0.371956
100	0	0	76	0	1	0	0.371956	0.376835
100	0	0	76	0	1	1	0.376835	0.427
##	100	0	0	76	0	1	0.2
##	100	0	0	76	mtdna	1
100	0	0	77	0	0	1	0	0.427
##	100	0	0	77	0	0	0.2
100	0	0	77	0	1	1	0	0.0944689
100	0	0	77	0	1	0	0.0944689	0.0950299
100	0	0	77	0	1	1	0.0950299	0.199505
100	0	0	77	0	1	0	0.199505	0.204014
100	0	0	77	0	1	1	0.204014	0.427
##	100	0	0	77	0	1
##	100	0	0	77	mtdna	1
100	0	0	78	0	0	1	0	0.256801
100	0	0	78	0	0	0	0.256801	0.259394
100	0	0	78	0	0	1	0.259394	0.378299
100	0	0	78	0	0	0	0.378299	0.413282
100	0	0	78	0	0	1	0.413282	0.414115
100	0	0	78	0	0	0	0.414115	0.427
##	100	0	0	78	0	0	0.2
100	0	0	78	0	1	1	0	0.0963205
100	0	0	78	0	1	0	0.0963205	0.105094
100	0	0	78	0	1	1	0.105094	0.200491
100	0	0	78	0	1	0	0.200491	0.217755
100	0	0	78	0	1	1	0.217755	0.309282
100	0	0	78	0	1	0	0.309282	0.318689
100	0	0	78	0	1	1	0.318689	0.427
##	100	0	0	78	0	1	0.2
##	100	0	0	78	mtdna	1
100	0	0	79	0	0	1	0	0.0131075
100	0	0	79	0	0	0	0.0131075	0.0435994
100	0	0	79	0	0	1	0.0435994	0.155075
100	0	0	79	0	0	0	0.155075	0.158011
100	0	0	79	0	0	1	0.158011	0.216206
100	0	0	79	0	0	0	0.216206	0.21773
100	0	0	79	0	0	1	0.21773	0.401393
100	0	0	79	0	0	0	0.401393	0.404306
100	0	0	79	0	0	1	0.404306	0.427
##	100	0	0	79	0	0	0.2
100	0	0	79	0	1	1	0	0.0230367
100	0	0	79	0	1	0	0.0230367	0.047607
100	0	0	79	0	1	1	0.047607	0.233751
100	0	0	79	0	1	0	0.233751	0.241074
100	0	0	79	0	1	1	0.241074	0.427
##	100	0	0	79	0	1	0.2
##	100	0	0	79	mtdna	1
100	0	0	80	0	0	1	0	0.0576257
100	0	0	80	0	0	0	0.0576257	0.0603641
100	0	0	80	0	0	1	0.0603641	0.427
##	100	0	0	80	0	0	0.2
100	0	0	80	0	1	1	0	0.000685588
100	0	0	80	0	1	0	0.000685588	0.00186674
100	0	0	80	0	1	1	0.00186674	0.0357193
100	0	0	80	0	1	0	0.0357193	0.0367622
100	0	0	80	0	1	1	0.0367622	0.0465633
100	0	0	80	0	1	0	0.0465633	0.049629
100	0	0	80	0	1	1	0.049629	0.427
##	100	0	0	80	0	1	0.2
##	100	0	0	80	mtdna	1
100	0	0	81	0	0	0	0	0.0189114
100	0	0	81	0	0	1	0.0189114	0.0494755
100	0	0	81	0	0	0	0.0494755	0.0735133
100	0	0	81	0	0	1	0.0735133	0.233672
100	0	0	81	0	0	0	0.233672	0.250535
100	0	0	81	0	0	1	0.250535	0.303956
100	0	0	81	0	0	0	0.303956	0.31055
100	0	0	81	0	0	1	0.31055	0.427
##	100	0	0	81	0	0	0.2
100	0	0	81	0	1	1	0	0.0166112
100	0	0	81	0	1	0	0.0166112	0.0242712
100	0	0	81	0	1	1	0.0242712	0.107536
100	0	0	81	0	1	0	0.107536	0.109979
100	0	0	81	0	1	1	0.109979	0.216724
100	0	0	81	0	1	0	0.216724	0.22519
100	0	0	81	0	1	1	0.22519	0.427
##	100	0	0	81	0	1	0.2
##	100	0	0	81	mtdna	1
100	0	0	82	0	0	1	0	0.0113739
100	0	0	82	0	0	0	0.0113739	0.0791659
100	0	0	82	0	0	1	0.0791659	0.0965067
100	0	0	82	0	0	0	0.0965067	0.0973682
100	0	0	82	0	0	1	0.0973682	0.211649
100	0	0	82	0	0	0	0.211649	0.236056
100	0	0	82	0	0	1	0.236056	0.427
##	100	0	0	82	0	0	0.2
100	0	0	82	0	1	1	0	0.154601
100	0	0	82	0	1	0	0.154601	0.174725
100	0	0	82	0	1	1	0.174725	0.427
##	100	0	0	82	0	1	0.2
##	100	0	0	82	mtdna	1
100	0	0	83	0	0	1	0	0.175908
100	0	0	83	0	0	0	0.175908	0.182161
100	0	0	83	0	0	1	0.182161	0.184281
100	0	0	83	0	0	0	0.184281	0.190917
100	0	0	83	0	0	1	0.190917	0.35713
100	0	0	83	0	0	0	0.35713	0.358496
100	0	0	83	0	0	1	0.358496	0.427
##	100	0	0	83	0	0	0.2
100	0	0	83	0	1	1	0	0.00707604
100	0	0	83	0	1	0	0.00707604	0.0282207
100	0	0	83	0	1	1	0.0282207	0.0917071
100	0	0	83	0	1	0	0.0917071	0.0926086
100	0	0	83	0	1	1	0.0926086	0.112758
100	0	0	83	0	1	0	0.112758	0.142733
100	0	0	83	0	1	1	0.142733	0.205059
100	0	0	83	0	1	0	0.205059	0.221299
100	0	0	83	0	1	1	0.221299	0.427
##	100	0	0	83	0	1	0.2
##	100	0	0	83	mtdna	1
100	0	0	84	0	0	1	0	0.0612881
100	0	0	84	0	0	0	0.0612881	0.0720958
100	0	0	84	0	0	1	0.0720958	0.427
##	100	0	0	84	0	0	0.2
100	0	0	84	0	1	1	0	0.189028
100	0	0	84	0	1	0	0.189028	0.189569
100	0	0	84	0	1	1	0.189569	0.427
##	100	0	0	84	0	1	0.2
##	100	0	0	84	mtdna	1
100	0	0	85	0	0	1	0	0.0201437
100	0	0	85	0	0	0	0.0201437	0.0282207
100	0	0	85	0	0	1	0.0282207	0.294729
100	0	0	85	0	0	0	0.294729	0.310537
100	0	0	85	0	0	1	0.310537	0.405166
100	0	0	85	0	0	0	0.405166	0.414993
100	0	0	85	0	0	1	0.414993	0.427
##	100	0	0	85	0	0	0.2
100	0	0	85	0	1	1	0	0.0590471
100	0	0	85	0	1	0	0.0590471	0.0642421
100	0	0	85	0	1	1	0.0642421	0.171359
100	0	0	85	0	1	0	0.171359	0.201314
100	0	0	85	0	1	1	0.201314	0.366672
100	0	0	85	0	1	0	0.366672	0.379178
100	0	0	85	0	1	1	0.379178	0.427
##	100	0	0	85	0	1
##	100	0	0	85	mtdna	1
100	0	0	86	0	0	1	0	0.185142
100	0	0	86	0	0	0	0.185142	0.206868
100	0	0	86	0	0	1	0.206868	0.252268
100	0	0	86	0	0	0	0.252268	0.262605
100	0	0	86	0	0	1	0.262605	0.389164
100	0	0	86	0	0	0	0.389164	0.399522
100	0	0	86	0	0	1	0.399522	0.427
##	100	0	0	86	0	0
100	0	0	86	0	1	1	0	0.380182
100	0	0	86	0	1	0	0.380182	0.380359
100	0	0	86	0	1	1	0.380359	0.427
##	100	0	0	86	0	1	0.2
##	100	0	0	86	mtdna	1
100	0	0	87	0	0	1	0	0.0701375
100	0	0	87	0	0	0	0.0701375	0.072369
100	0	0	87	0	0	1	0.072369	0.111256
100	0	0	87	0	0	0	0.111256	0.114489
100	0	0	87	0	0	1	0.114489	0.134287
100	0	0	87	0	0	0	0.134287	0.149571
100	0	0	87	0	0	1	0.149571	0.350426
100	0	0	87	0	0	0	0.350426	0.361244
100	0	0	87	0	0	1	0.361244	0.427
##	100	0	0	87	0	0	0.2
100	0	0	87	0	1	1	0	0.149992
100	0	0	87	0	1	0	0.149992	0.175544
100	0	0	87	0	1	1	0.175544	0.29489
100	0	0	87	0	1	0	0.29489	0.320263
100	0	0	87	0	1	1	0.320263	0.427
##	100	0	0	87	0	1	0.2
##	100	0	0	87	mtdna	1
100	0	0	88	0	0	1	0	0.267435
100	0	0	88	0	0	0	0.267435	0.268337
100	0	0	88	0	0	1	0.268337	0.283134
100	0	0	88	0	0	0	0.283134	0.283374
100	0	0	88	0	0	1	0.283374	0.427
##	100	0	0	88	0	0	0.2
100	0	0	88	0	1	1	0	0.0187302
100	0	0	88	0	1	0	0.0187302	0.035907
100	0	0	88	0	1	1	0.035907	0.148671
100	0	0	88	0	1	0	0.148671	0.154865
100	0	0	88	0	1	1	0.154865	0.323102
100	0	0	88	0	1	0	0.323102	0.324951
100	0	0	88	0	1	1	0.324951	0.427
##	100	0	0	88	0	1	0.2
##	100	0	0	88	mtdna	1
100	0	0	89	0	0	1	0	0.09617
100	0	0	89	0	0	0	0.09617	0.10245
100	0	0	89	0	0	1	0.10245	0.350426
100	0	0	89	0	0	0	0.350426	0.361244
100	0	0	89	0	0	1	0.361244	0.427
##	100	0	0	89	0	0	0.2
100	0	0	89	0	1	1	0	0.198525
100	0	0	89	0	1	0	0.198525	0.199553
100	0	0	89	0	1	1	0.199553	0.396431
100	0	0	89	0	1	0	0.396431	0.40096
100	0	0	89	0	1	1	0.40096	0.427
##	100	0	0	89	0	1	0.2
##	100	0	0	89	mtdna	1
100	0	0	90	0	0	1	0	0.0235032
100	0	0	90	0	0	0	0.0235032	0.029521
100	0	0	90	0	0	1	0.029521	0.0867911
100	0	0	90	0	0	0	0.0867911	0.109471
100	0	0	90	0	0	1	0.109471	0.155075
100	0	0	90	0	0	0	0.155075	0.162987
100	0	0	90	0	0	1	0.162987	0.299804
100	0	0	90	0	0	0	0.299804	0.304472
100	0	0	90	0	0	1	0.304472	0.427
##	100	0	0	90	0	0	0.2
100	0	0	90	0	1	1	0	0.0205967
100	0	0	90	0	1	0	0.0205967	0.0241925
100	0	0	90	0	1	1	0.0241925	0.207852
100	0	0	90	0	1	0	0.207852	0.213574
100	0	0	90	0	1	1	0.213574	0.219366
100	0	0	90	0	1	0	0.219366	0.221834
100	0	0	90	0	1	1	0.221834	0.427
##	100	0	0	90	0	1	0.2
##	100	0	0	90	mtdna	1
100	0	0	91	0	0	1	0	0.0362194
100	0	0	91	0	0	0	0.0362194	0.0429887
100	0	0	91	0	0	1	0.0429887	0.0636341
100	0	0	91	0	0	0	0.0636341	0.0911239
100	0	0	91	0	0	1	0.0911239	0.199562
100	0	0	91	0	0	0	0.199562	0.204225
100	0	0	91	0	0	1	0.204225	0.246368
100	0	0	91	0	0	0	0.246368	0.256282
100	0	0	91	0	0	1	0.256282	0.378299
100	0	0	91	0	0	0	0.378299	0.402087
100	0	0	91	0	0	1	0.402087	0.427
##	100	0	0	91	0	0
100	0	0	91	0	1	0	0	0.00958179
100	0	0	91	0	1	1	0.00958179	0.025196
100	0	0	91	0	1	0	0.025196	0.0293954
100	0	0	91	0	1	1	0.0293954	0.078726
100	0	0	91	0	1	0	0.078726	0.0808613
100	0	0	91	0	1	1	0.0808613	0.293795
100	0	0	91	0	1	0	0.293795	0.301682
100	0	0	91	0	1	1	0.301682	0.427
##	100	0	0	91	0	1	0.2
##	100	0	0	91	mtdna	1
100	0	0	92	0	0	1	0	0.34971
100	0	0	92	0	0	0	0.34971	0.352497
100	0	0	92	0	0	1	0.352497	0.414348
100	0	0	92	0	0	0	0.414348	0.422808
100	0	0	92	0	0	1	0.422808	0.427
##	100	0	0	92	0	0	0.2
100	0	0	92	0	1	1	0	0.016254
100	0	0	92	0	1	0	0.016254	0.0206014
100	0	0	92	0	1	1	0.0206014	0.126519
100	0	0	92	0	1	0	0.126519	0.140659
100	0	0	92	0	1	1	0.140659	0.370989
100	0	0	92	0	1	0	0.370989	0.37181
100	0	0	92	0	1	1	0.37181	0.427
##	100	0	0	92	0	1	0.2
##	100	0	0	92	mtdna	1
100	0	0	93	0	0	1	0	0.0724827
100	0	0	93	0	0	0	0.0724827	0.084153
100	0	0	93	0	0	1	0.084153	0.397372
100	0	0	93	0	0	0	0.397372	0.41007
100	0	0	93	0	0	1	0.41007	0.427
##	100	0	0	93	0	0	0.2
100	0	0	93	0	1	1	0	0.398784
100	0	0	93	0	1	0	0.398784	0.405619
100	0	0	93	0	1	1	0.405619	0.427
##	100	0	0	93	0	1	0.2
##	100	0	0	93	mtdna	1
100	0	0	94	0	0	1	0	0.147189
100	0	0	94	0	0	0	0.147189	0.147606
100	0	0	94	0	0	1	0.147606	0.427
##	100	0	0	94	0	0	0.2
100	0	0	94	0	1	1	0	0.09617
100	0	0	94	0	1	0	0.09617	0.097962
100	0	0	94	0	1	1	0.097962	0.151838
100	0	0	94	0	1	0	0.151838	0.154421
100	0	0	94	0	1	1	0.154421	0.164207
100	0	0	94	0	1	0	0.164207	0.168086
100	0	0	94	0	1	1	0.168086	0.427
##	100	0	0	94	0	1	0.2
##	100	0	0	94	mtdna	1
100	0	0	95	0	0	1	0	0.341383
100	0	0	95	0	0	0	0.341383	0.359285
100	0	0	95	0	0	1	0.359285	0.427
##	100	0	0	95	0	0	0.2
100	0	0	95	0	1	1	0	0.103025
100	0	0	95	0	1	0	0.103025	0.112227
100	0	0	95	0	1	1	0.112227	0.269338
100	0	0	95	0	1	0	0.269338	0.272394
100	0	0	95	0	1	1	0.272394	0.427
##	100	0	0	95	0	1	0.2
##	100	0	0	95	mtdna	1
100	0	0	96	0	0	1	0	0.0778424
100	0	0	96	0	0	0	0.0778424	0.0870658
100	0	0	96	0	0	1	0.0870658	0.263469
100	0	0	96	0	0	0	0.263469	0.269251
100	0	0	96	0	0	1	0.269251	0.395169
100	0	0	96	0	0	0	0.395169	0.404865
100	0	0	96	0	0	1	0.404865	0.427
##	100	0	0	96	0	0	0.2
100	0	0	96	0	1	1	0	0.138232
100	0	0	96	0	1	0	0.138232	0.144289
100	0	0	96	0	1	1	0.144289	0.232322
100	0	0	96	0	1	0	0.232322	0.257763
100	0	0	96	0	1	1	0.257763	0.278399
100	0	0	96	0	1	0	0.278399	0.280875
100	0	0	96	0	1	1	0.280875	0.427
##	100	0	0	96	0	1	0.2
##	100	0	0	96	mtdna	1
100	0	0	97	0	0	1	0	0.172029
100	0	0	97	0	0	0	0.172029	0.181934
100	0	0	97	0	0	1	0.181934	0.208642
100	0	0	97	0	0	0	0.208642	0.212034
100	0	0	97	0	0	1	0.212034	0.243309
100	0	0	97	0	0	0	0.243309	0.266411
100	0	0	97	0	0	1	0.266411	0.320477
100	0	0	97	0	0	0	0.320477	0.330952
100	0	0	97	0	0	1	0.330952	0.342437
100	0	0	97	0	0	0	0.342437	0.345727
100	0	0	97	0	0	1	0.345727	0.427
##	100	0	0	97	0	0	0.2
100	0	0	97	0	1	1	0	0.342048
100	0	0	97	0	1	0	0.342048	0.35204
100	0	0	97	0	1	1	0.35204	0.422594
100	0	0	97	0	1	0	0.422594	0.427
##	100	0	0	97	0	1	0.2
##	100	0	0	97	mtdna	1
100	0	0	98	0	0	0	0	0.00676982
100	0	0	98	0	0	1	0.00676982	0.200491
100	0	0	98	0	0	0	0.200491	0.222751
100	0	0	98	0	0	1	0.222751	0.233674
100	0	0	98	0	0	0	0.233674	0.256538
100	0	0	98	0	0	1	0.256538	0.350036
100	0	0	98	0	0	0	0.350036	0.352268
100	0	0	98	0	0	1	0.352268	0.427
##	100	0	0	98	0	0	0.2
100	0	0	98	0	1	1	0	0.218526
100	0	0	98	0	1	0	0.218526	0.221924
100	0	0	98	0	1	1	0.221924	0.254382
100	0	0	98	0	1	0	0.254382	0.259735
100	0	0	98	0	1	1	0.259735	0.301546
100	0	0	98	0	1	0	0.301546	0.316694
100	0	0	98	0	1	1	0.316694	0.427
##	100	0	0	98	0	1	0.2
##	100	0	0	98	mtdna	1
100	0	0	99	0	0	0	0	0.00406693
100	0	0	99	0	0	1	0.00406693	0.140928
100	0	0	99	0	0	0	0.140928	0.142902
100	0	0	99	0	0	1	0.142902	0.205059
100	0	0	99	0	0	0	0.205059	0.221299
100	0	0	99	0	0	1	0.221299	0.4029
100	0	0	99	0	0	0	0.4029	0.424325
100	0	0	99	0	0	1	0.424325	0.427
##	100	0	0	99	0	0	0.2
100	0	0	99	0	1	1	0	0.118777
100	0	0	99	0	1	0	0.118777	0.126791
100	0	0	99	0	1	1	0.126791	0.427
##	100	0	0	99	0	1	0.2
##	100	0	0	99	mtdna	1
100	0	0	100	0	0	1	0	0.134005
100	0	0	100	0	0	0	0.134005	0.137408
100	0	0	100	0	0	1	0.137408	0.301721
100	0	0	100	0	0	0	0.301721	0.307225
100	0	0	100	0	0	1	0.307225	0.427
##	100	0	0	100	0	0	0.2
100	0	0	100	0	1	1	0	0.00423274
100	0	0	100	0	1	0	0.00423274	0.00772502
100	0	0	100	0	1	1	0.00772502	0.290989
100	0	0	100	0	1	0	0.290989	0.301016
100	0	0	100	0	1	1	0.301016	0.35617
100	0	0	100	0	1	0	0.35617	0.364138
100	0	0	100	0	1	1	0.364138	0.427
##	100	0	0	100	0	1	0.2
##	100	0	0	100	mtdna	1
