100	0	0	1	0	0	1	0	0.0261226
100	0	0	1	0	0	0	0.0261226	0.0291373
100	0	0	1	0	0	1	0.0291373	0.0358686
100	0	0	1	0	0	0	0.0358686	0.0403634
100	0	0	1	0	0	1	0.0403634	0.127623
100	0	0	1	0	0	0	0.127623	0.148483
100	0	0	1	0	0	1	0.148483	0.280985
100	0	0	1	0	0	0	0.280985	0.296663
100	0	0	1	0	0	1	0.296663	0.427
##	100	0	0	1	0	0	0.2
100	0	0	1	0	1	1	0	0.0467727
100	0	0	1	0	1	0	0.0467727	0.0569314
100	0	0	1	0	1	1	0.0569314	0.102544
100	0	0	1	0	1	0	0.102544	0.124934
100	0	0	1	0	1	1	0.124934	0.17574
100	0	0	1	0	1	0	0.17574	0.181063
100	0	0	1	0	1	1	0.181063	0.292382
100	0	0	1	0	1	0	0.292382	0.297674
100	0	0	1	0	1	1	0.297674	0.316919
100	0	0	1	0	1	0	0.316919	0.337407
100	0	0	1	0	1	1	0.337407	0.338476
100	0	0	1	0	1	0	0.338476	0.352437
100	0	0	1	0	1	1	0.352437	0.40426
100	0	0	1	0	1	0	0.40426	0.425713
100	0	0	1	0	1	1	0.425713	0.427
##	100	0	0	1	0	1	0.2
##	100	0	0	1	mtdna	1
100	0	0	2	0	0	1	0	0.312167
100	0	0	2	0	0	0	0.312167	0.314358
100	0	0	2	0	0	1	0.314358	0.427
##	100	0	0	2	0	0	0.2
100	0	0	2	0	1	1	0	0.0877554
100	0	0	2	0	1	0	0.0877554	0.0948325
100	0	0	2	0	1	1	0.0948325	0.156067
100	0	0	2	0	1	0	0.156067	0.163727
100	0	0	2	0	1	1	0.163727	0.186538
100	0	0	2	0	1	0	0.186538	0.186951
100	0	0	2	0	1	1	0.186951	0.299247
100	0	0	2	0	1	0	0.299247	0.300013
100	0	0	2	0	1	1	0.300013	0.309343
100	0	0	2	0	1	0	0.309343	0.317909
100	0	0	2	0	1	1	0.317909	0.335825
100	0	0	2	0	1	0	0.335825	0.372118
100	0	0	2	0	1	1	0.372118	0.427
##	100	0	0	2	0	1	0.2
##	100	0	0	2	mtdna	1
100	0	0	3	0	0	1	0	0.150889
100	0	0	3	0	0	0	0.150889	0.16584
100	0	0	3	0	0	1	0.16584	0.196944
100	0	0	3	0	0	0	0.196944	0.208564
100	0	0	3	0	0	1	0.208564	0.215793
100	0	0	3	0	0	0	0.215793	0.229836
100	0	0	3	0	0	1	0.229836	0.277667
100	0	0	3	0	0	0	0.277667	0.287303
100	0	0	3	0	0	1	0.287303	0.427
##	100	0	0	3	0	0
100	0	0	3	0	1	1	0	0.0256503
100	0	0	3	0	1	0	0.0256503	0.026937
100	0	0	3	0	1	1	0.026937	0.199808
100	0	0	3	0	1	0	0.199808	0.212605
100	0	0	3	0	1	1	0.212605	0.262763
100	0	0	3	0	1	0	0.262763	0.287717
100	0	0	3	0	1	1	0.287717	0.427
##	100	0	0	3	0	1
##	100	0	0	3	mtdna	1
100	0	0	4	0	0	1	0	0.032877
100	0	0	4	0	0	0	0.032877	0.0376831
100	0	0	4	0	0	1	0.0376831	0.207329
100	0	0	4	0	0	0	0.207329	0.208841
100	0	0	4	0	0	1	0.208841	0.242122
100	0	0	4	0	0	0	0.242122	0.252795
100	0	0	4	0	0	1	0.252795	0.427
##	100	0	0	4	0	0	0.2
100	0	0	4	0	1	1	0	0.0365181
100	0	0	4	0	1	0	0.0365181	0.0491448
100	0	0	4	0	1	1	0.0491448	0.0732444
100	0	0	4	0	1	0	0.0732444	0.0850872
100	0	0	4	0	1	1	0.0850872	0.194187
100	0	0	4	0	1	0	0.194187	0.209455
100	0	0	4	0	1	1	0.209455	0.213201
100	0	0	4	0	1	0	0.213201	0.214001
100	0	0	4	0	1	1	0.214001	0.314039
100	0	0	4	0	1	0	0.314039	0.333842
100	0	0	4	0	1	1	0.333842	0.427
##	100	0	0	4	0	1
##	100	0	0	4	mtdna	1
100	0	0	5	0	0	1	0	0.00204572
100	0	0	5	0	0	0	0.00204572	0.0180219
100	0	0	5	0	0	1	0.0180219	0.180408
100	0	0	5	0	0	0	0.180408	0.239445
100	0	0	5	0	0	1	0.239445	0.384177
100	0	0	5	0	0	0	0.384177	0.391171
100	0	0	5	0	0	1	0.391171	0.427
##	100	0	0	5	0	0
100	0	0	5	0	1	1	0	0.0197617
100	0	0	5	0	1	0	0.0197617	0.0304431
100	0	0	5	0	1	1	0.0304431	0.127144
100	0	0	5	0	1	0	0.127144	0.137588
100	0	0	5	0	1	1	0.137588	0.149157
100	0	0	5	0	1	0	0.149157	0.166484
100	0	0	5	0	1	1	0.166484	0.169107
100	0	0	5	0	1	0	0.169107	0.177182
100	0	0	5	0	1	1	0.177182	0.254428
100	0	0	5	0	1	0	0.254428	0.257152
100	0	0	5	0	1	1	0.257152	0.326073
100	0	0	5	0	1	0	0.326073	0.362368
100	0	0	5	0	1	1	0.362368	0.427
##	100	0	0	5	0	1	0.2
##	100	0	0	5	mtdna	1
100	0	0	6	0	0	1	0	0.0766724
100	0	0	6	0	0	0	0.0766724	0.0821507
100	0	0	6	0	0	1	0.0821507	0.178955
100	0	0	6	0	0	0	0.178955	0.250323
100	0	0	6	0	0	1	0.250323	0.258451
100	0	0	6	0	0	0	0.258451	0.259919
100	0	0	6	0	0	1	0.259919	0.36068
100	0	0	6	0	0	0	0.36068	0.361585
100	0	0	6	0	0	1	0.361585	0.427
##	100	0	0	6	0	0
100	0	0	6	0	1	1	0	0.0276094
100	0	0	6	0	1	0	0.0276094	0.0339568
100	0	0	6	0	1	1	0.0339568	0.0369633
100	0	0	6	0	1	0	0.0369633	0.0567311
100	0	0	6	0	1	1	0.0567311	0.0571673
100	0	0	6	0	1	0	0.0571673	0.0586858
100	0	0	6	0	1	1	0.0586858	0.0945002
100	0	0	6	0	1	0	0.0945002	0.095638
100	0	0	6	0	1	1	0.095638	0.155333
100	0	0	6	0	1	0	0.155333	0.170877
100	0	0	6	0	1	1	0.170877	0.191972
100	0	0	6	0	1	0	0.191972	0.193801
100	0	0	6	0	1	1	0.193801	0.215119
100	0	0	6	0	1	0	0.215119	0.226716
100	0	0	6	0	1	1	0.226716	0.369716
100	0	0	6	0	1	0	0.369716	0.377065
100	0	0	6	0	1	1	0.377065	0.396236
100	0	0	6	0	1	0	0.396236	0.39758
100	0	0	6	0	1	1	0.39758	0.427
##	100	0	0	6	0	1	0.2
##	100	0	0	6	mtdna	0
100	0	0	7	0	0	1	0	0.0191795
100	0	0	7	0	0	0	0.0191795	0.0226952
100	0	0	7	0	0	1	0.0226952	0.196201
100	0	0	7	0	0	0	0.196201	0.207501
100	0	0	7	0	0	1	0.207501	0.213808
100	0	0	7	0	0	0	0.213808	0.217127
100	0	0	7	0	0	1	0.217127	0.254322
100	0	0	7	0	0	0	0.254322	0.274526
100	0	0	7	0	0	1	0.274526	0.319564
100	0	0	7	0	0	0	0.319564	0.32822
100	0	0	7	0	0	1	0.32822	0.427
##	100	0	0	7	0	0
100	0	0	7	0	1	1	0	0.0685712
100	0	0	7	0	1	0	0.0685712	0.0733488
100	0	0	7	0	1	1	0.0733488	0.0932225
100	0	0	7	0	1	0	0.0932225	0.120403
100	0	0	7	0	1	1	0.120403	0.190386
100	0	0	7	0	1	0	0.190386	0.192151
100	0	0	7	0	1	1	0.192151	0.195814
100	0	0	7	0	1	0	0.195814	0.207617
100	0	0	7	0	1	1	0.207617	0.313339
100	0	0	7	0	1	0	0.313339	0.332659
100	0	0	7	0	1	1	0.332659	0.365519
100	0	0	7	0	1	0	0.365519	0.376013
100	0	0	7	0	1	1	0.376013	0.427
##	100	0	0	7	0	1
##	100	0	0	7	mtdna	1
100	0	0	8	0	0	1	0	0.120817
100	0	0	8	0	0	0	0.120817	0.126786
100	0	0	8	0	0	1	0.126786	0.24309
100	0	0	8	0	0	0	0.24309	0.244996
100	0	0	8	0	0	1	0.244996	0.247179
100	0	0	8	0	0	0	0.247179	0.248909
100	0	0	8	0	0	1	0.248909	0.427
##	100	0	0	8	0	0	0.2
100	0	0	8	0	1	0	0	0.017827
100	0	0	8	0	1	1	0.017827	0.0723423
100	0	0	8	0	1	0	0.0723423	0.0804196
100	0	0	8	0	1	1	0.0804196	0.427
##	100	0	0	8	0	1	0.2
##	100	0	0	8	mtdna	0
100	0	0	9	0	0	0	0	0.0219405
100	0	0	9	0	0	1	0.0219405	0.0718365
100	0	0	9	0	0	0	0.0718365	0.079718
100	0	0	9	0	0	1	0.079718	0.179927
100	0	0	9	0	0	0	0.179927	0.205317
100	0	0	9	0	0	1	0.205317	0.307195
100	0	0	9	0	0	0	0.307195	0.338187
100	0	0	9	0	0	1	0.338187	0.343069
100	0	0	9	0	0	0	0.343069	0.349803
100	0	0	9	0	0	1	0.349803	0.414645
100	0	0	9	0	0	0	0.414645	0.427
##	100	0	0	9	0	0
100	0	0	9	0	1	1	0	0.0395188
100	0	0	9	0	1	0	0.0395188	0.0437942
100	0	0	9	0	1	1	0.0437942	0.198041
100	0	0	9	0	1	0	0.198041	0.250401
100	0	0	9	0	1	1	0.250401	0.399667
100	0	0	9	0	1	0	0.399667	0.42131
100	0	0	9	0	1	1	0.42131	0.427
##	100	0	0	9	0	1
##	100	0	0	9	mtdna	1
100	0	0	10	0	0	1	0	0.000940176
100	0	0	10	0	0	0	0.000940176	0.0192959
100	0	0	10	0	0	1	0.0192959	0.117935
100	0	0	10	0	0	0	0.117935	0.138249
100	0	0	10	0	0	1	0.138249	0.199152
100	0	0	10	0	0	0	0.199152	0.209993
100	0	0	10	0	0	1	0.209993	0.250348
100	0	0	10	0	0	0	0.250348	0.257163
100	0	0	10	0	0	1	0.257163	0.427
##	100	0	0	10	0	0
100	0	0	10	0	1	1	0	0.106689
100	0	0	10	0	1	0	0.106689	0.107856
100	0	0	10	0	1	1	0.107856	0.209416
100	0	0	10	0	1	0	0.209416	0.269265
100	0	0	10	0	1	1	0.269265	0.290706
100	0	0	10	0	1	0	0.290706	0.291789
100	0	0	10	0	1	1	0.291789	0.427
##	100	0	0	10	0	1	0.2
##	100	0	0	10	mtdna	1
100	0	0	11	0	0	1	0	0.100452
100	0	0	11	0	0	0	0.100452	0.127523
100	0	0	11	0	0	1	0.127523	0.145677
100	0	0	11	0	0	0	0.145677	0.153384
100	0	0	11	0	0	1	0.153384	0.303018
100	0	0	11	0	0	0	0.303018	0.309681
100	0	0	11	0	0	1	0.309681	0.385305
100	0	0	11	0	0	0	0.385305	0.387165
100	0	0	11	0	0	1	0.387165	0.427
##	100	0	0	11	0	0	0.2
100	0	0	11	0	1	1	0	0.0416911
100	0	0	11	0	1	0	0.0416911	0.0477296
100	0	0	11	0	1	1	0.0477296	0.0825149
100	0	0	11	0	1	0	0.0825149	0.0871403
100	0	0	11	0	1	1	0.0871403	0.166879
100	0	0	11	0	1	0	0.166879	0.178219
100	0	0	11	0	1	1	0.178219	0.19775
100	0	0	11	0	1	0	0.19775	0.202097
100	0	0	11	0	1	1	0.202097	0.233868
100	0	0	11	0	1	0	0.233868	0.235162
100	0	0	11	0	1	1	0.235162	0.268865
100	0	0	11	0	1	0	0.268865	0.278705
100	0	0	11	0	1	1	0.278705	0.427
##	100	0	0	11	0	1
##	100	0	0	11	mtdna	1
100	0	0	12	0	0	1	0	0.049075
100	0	0	12	0	0	0	0.049075	0.0653998
100	0	0	12	0	0	1	0.0653998	0.111318
100	0	0	12	0	0	0	0.111318	0.127156
100	0	0	12	0	0	1	0.127156	0.168882
100	0	0	12	0	0	0	0.168882	0.188433
100	0	0	12	0	0	1	0.188433	0.216757
100	0	0	12	0	0	0	0.216757	0.25275
100	0	0	12	0	0	1	0.25275	0.427
##	100	0	0	12	0	0	0.2
100	0	0	12	0	1	1	0	0.235269
100	0	0	12	0	1	0	0.235269	0.252047
100	0	0	12	0	1	1	0.252047	0.427
##	100	0	0	12	0	1	0.2
##	100	0	0	12	mtdna	0
100	0	0	13	0	0	0	0	0.00629565
100	0	0	13	0	0	1	0.00629565	0.154566
100	0	0	13	0	0	0	0.154566	0.169142
100	0	0	13	0	0	1	0.169142	0.185068
100	0	0	13	0	0	0	0.185068	0.186518
100	0	0	13	0	0	1	0.186518	0.213798
100	0	0	13	0	0	0	0.213798	0.215167
100	0	0	13	0	0	1	0.215167	0.2751
100	0	0	13	0	0	0	0.2751	0.284732
100	0	0	13	0	0	1	0.284732	0.316862
100	0	0	13	0	0	0	0.316862	0.317909
100	0	0	13	0	0	1	0.317909	0.427
##	100	0	0	13	0	0	0.2
100	0	0	13	0	1	0	0	0.000502911
100	0	0	13	0	1	1	0.000502911	0.0853827
100	0	0	13	0	1	0	0.0853827	0.0886406
100	0	0	13	0	1	1	0.0886406	0.191086
100	0	0	13	0	1	0	0.191086	0.193386
100	0	0	13	0	1	1	0.193386	0.236525
100	0	0	13	0	1	0	0.236525	0.259086
100	0	0	13	0	1	1	0.259086	0.334221
100	0	0	13	0	1	0	0.334221	0.342514
100	0	0	13	0	1	1	0.342514	0.427
##	100	0	0	13	0	1	0.2
##	100	0	0	13	mtdna	1
100	0	0	14	0	0	1	0	0.15216
100	0	0	14	0	0	0	0.15216	0.163123
100	0	0	14	0	0	1	0.163123	0.193526
100	0	0	14	0	0	0	0.193526	0.219318
100	0	0	14	0	0	1	0.219318	0.326073
100	0	0	14	0	0	0	0.326073	0.362368
100	0	0	14	0	0	1	0.362368	0.417397
100	0	0	14	0	0	0	0.417397	0.427
##	100	0	0	14	0	0
100	0	0	14	0	1	0	0	0.00878182
100	0	0	14	0	1	1	0.00878182	0.0152129
100	0	0	14	0	1	0	0.0152129	0.0372133
100	0	0	14	0	1	1	0.0372133	0.0424374
100	0	0	14	0	1	0	0.0424374	0.0809722
100	0	0	14	0	1	1	0.0809722	0.131949
100	0	0	14	0	1	0	0.131949	0.170042
100	0	0	14	0	1	1	0.170042	0.185547
100	0	0	14	0	1	0	0.185547	0.188098
100	0	0	14	0	1	1	0.188098	0.336031
100	0	0	14	0	1	0	0.336031	0.342416
100	0	0	14	0	1	1	0.342416	0.427
##	100	0	0	14	0	1	0.2
##	100	0	0	14	mtdna	1
100	0	0	15	0	0	1	0	0.0673056
100	0	0	15	0	0	0	0.0673056	0.113314
100	0	0	15	0	0	1	0.113314	0.214561
100	0	0	15	0	0	0	0.214561	0.22242
100	0	0	15	0	0	1	0.22242	0.279567
100	0	0	15	0	0	0	0.279567	0.280478
100	0	0	15	0	0	1	0.280478	0.336261
100	0	0	15	0	0	0	0.336261	0.35825
100	0	0	15	0	0	1	0.35825	0.419115
100	0	0	15	0	0	0	0.419115	0.419125
100	0	0	15	0	0	1	0.419125	0.427
##	100	0	0	15	0	0	0.2
100	0	0	15	0	1	1	0	0.11495
100	0	0	15	0	1	0	0.11495	0.120703
100	0	0	15	0	1	1	0.120703	0.299412
100	0	0	15	0	1	0	0.299412	0.312625
100	0	0	15	0	1	1	0.312625	0.427
##	100	0	0	15	0	1	0.2
##	100	0	0	15	mtdna	0
100	0	0	16	0	0	1	0	0.146961
100	0	0	16	0	0	0	0.146961	0.202277
100	0	0	16	0	0	1	0.202277	0.427
##	100	0	0	16	0	0
100	0	0	16	0	1	1	0	0.176447
100	0	0	16	0	1	0	0.176447	0.180096
100	0	0	16	0	1	1	0.180096	0.180993
100	0	0	16	0	1	0	0.180993	0.212619
100	0	0	16	0	1	1	0.212619	0.22769
100	0	0	16	0	1	0	0.22769	0.234359
100	0	0	16	0	1	1	0.234359	0.334061
100	0	0	16	0	1	0	0.334061	0.342508
100	0	0	16	0	1	1	0.342508	0.355644
100	0	0	16	0	1	0	0.355644	0.357611
100	0	0	16	0	1	1	0.357611	0.427
##	100	0	0	16	0	1
##	100	0	0	16	mtdna	1
100	0	0	17	0	0	1	0	0.284188
100	0	0	17	0	0	0	0.284188	0.286563
100	0	0	17	0	0	1	0.286563	0.427
##	100	0	0	17	0	0	0.2
100	0	0	17	0	1	1	0	0.113538
100	0	0	17	0	1	0	0.113538	0.118069
100	0	0	17	0	1	1	0.118069	0.157407
100	0	0	17	0	1	0	0.157407	0.166678
100	0	0	17	0	1	1	0.166678	0.221228
100	0	0	17	0	1	0	0.221228	0.225302
100	0	0	17	0	1	1	0.225302	0.225349
100	0	0	17	0	1	0	0.225349	0.226307
100	0	0	17	0	1	1	0.226307	0.333888
100	0	0	17	0	1	0	0.333888	0.346664
100	0	0	17	0	1	1	0.346664	0.427
##	100	0	0	17	0	1	0.2
##	100	0	0	17	mtdna	1
100	0	0	18	0	0	1	0	0.00359035
100	0	0	18	0	0	0	0.00359035	0.03031
100	0	0	18	0	0	1	0.03031	0.059983
100	0	0	18	0	0	0	0.059983	0.0709891
100	0	0	18	0	0	1	0.0709891	0.0998599
100	0	0	18	0	0	0	0.0998599	0.101301
100	0	0	18	0	0	1	0.101301	0.186507
100	0	0	18	0	0	0	0.186507	0.200459
100	0	0	18	0	0	1	0.200459	0.216887
100	0	0	18	0	0	0	0.216887	0.262963
100	0	0	18	0	0	1	0.262963	0.336751
100	0	0	18	0	0	0	0.336751	0.353733
100	0	0	18	0	0	1	0.353733	0.427
##	100	0	0	18	0	0
100	0	0	18	0	1	1	0	0.0816403
100	0	0	18	0	1	0	0.0816403	0.094105
100	0	0	18	0	1	1	0.094105	0.116031
100	0	0	18	0	1	0	0.116031	0.123289
100	0	0	18	0	1	1	0.123289	0.137238
100	0	0	18	0	1	0	0.137238	0.139496
100	0	0	18	0	1	1	0.139496	0.206762
100	0	0	18	0	1	0	0.206762	0.225995
100	0	0	18	0	1	1	0.225995	0.277578
100	0	0	18	0	1	0	0.277578	0.28724
100	0	0	18	0	1	1	0.28724	0.427
##	100	0	0	18	0	1	0.2
##	100	0	0	18	mtdna	1
100	0	0	19	0	0	1	0	0.0251876
100	0	0	19	0	0	0	0.0251876	0.0341047
100	0	0	19	0	0	1	0.0341047	0.151412
100	0	0	19	0	0	0	0.151412	0.152002
100	0	0	19	0	0	1	0.152002	0.196837
100	0	0	19	0	0	0	0.196837	0.203954
100	0	0	19	0	0	1	0.203954	0.214586
100	0	0	19	0	0	0	0.214586	0.248163
100	0	0	19	0	0	1	0.248163	0.322399
100	0	0	19	0	0	0	0.322399	0.326372
100	0	0	19	0	0	1	0.326372	0.427
##	100	0	0	19	0	0
100	0	0	19	0	1	1	0	0.067801
100	0	0	19	0	1	0	0.067801	0.0678702
100	0	0	19	0	1	1	0.0678702	0.0841034
100	0	0	19	0	1	0	0.0841034	0.0998234
100	0	0	19	0	1	1	0.0998234	0.110877
100	0	0	19	0	1	0	0.110877	0.124251
100	0	0	19	0	1	1	0.124251	0.208942
100	0	0	19	0	1	0	0.208942	0.22117
100	0	0	19	0	1	1	0.22117	0.230145
100	0	0	19	0	1	0	0.230145	0.230668
100	0	0	19	0	1	1	0.230668	0.360474
100	0	0	19	0	1	0	0.360474	0.389053
100	0	0	19	0	1	1	0.389053	0.427
##	100	0	0	19	0	1	0.2
##	100	0	0	19	mtdna	1
100	0	0	20	0	0	1	0	0.0461544
100	0	0	20	0	0	0	0.0461544	0.0527442
100	0	0	20	0	0	1	0.0527442	0.287098
100	0	0	20	0	0	0	0.287098	0.323298
100	0	0	20	0	0	1	0.323298	0.335601
100	0	0	20	0	0	0	0.335601	0.355418
100	0	0	20	0	0	1	0.355418	0.427
##	100	0	0	20	0	0	0.2
100	0	0	20	0	1	1	0	0.0136657
100	0	0	20	0	1	0	0.0136657	0.0563234
100	0	0	20	0	1	1	0.0563234	0.231952
100	0	0	20	0	1	0	0.231952	0.234849
100	0	0	20	0	1	1	0.234849	0.302735
100	0	0	20	0	1	0	0.302735	0.304279
100	0	0	20	0	1	1	0.304279	0.329179
100	0	0	20	0	1	0	0.329179	0.349716
100	0	0	20	0	1	1	0.349716	0.375707
100	0	0	20	0	1	0	0.375707	0.392769
100	0	0	20	0	1	1	0.392769	0.419286
100	0	0	20	0	1	0	0.419286	0.424674
100	0	0	20	0	1	1	0.424674	0.427
##	100	0	0	20	0	1	0.2
##	100	0	0	20	mtdna	1
100	0	0	21	0	0	1	0	0.0491997
100	0	0	21	0	0	0	0.0491997	0.0581775
100	0	0	21	0	0	1	0.0581775	0.0772671
100	0	0	21	0	0	0	0.0772671	0.101236
100	0	0	21	0	0	1	0.101236	0.231625
100	0	0	21	0	0	0	0.231625	0.235296
100	0	0	21	0	0	1	0.235296	0.407744
100	0	0	21	0	0	0	0.407744	0.410834
100	0	0	21	0	0	1	0.410834	0.417647
100	0	0	21	0	0	0	0.417647	0.419448
100	0	0	21	0	0	1	0.419448	0.427
##	100	0	0	21	0	0	0.2
100	0	0	21	0	1	1	0	0.0189935
100	0	0	21	0	1	0	0.0189935	0.0209095
100	0	0	21	0	1	1	0.0209095	0.0355848
100	0	0	21	0	1	0	0.0355848	0.0451188
100	0	0	21	0	1	1	0.0451188	0.162079
100	0	0	21	0	1	0	0.162079	0.17166
100	0	0	21	0	1	1	0.17166	0.221138
100	0	0	21	0	1	0	0.221138	0.222969
100	0	0	21	0	1	1	0.222969	0.240433
100	0	0	21	0	1	0	0.240433	0.25153
100	0	0	21	0	1	1	0.25153	0.427
##	100	0	0	21	0	1	0.2
##	100	0	0	21	mtdna	1
100	0	0	22	0	0	1	0	0.0221814
100	0	0	22	0	0	0	0.0221814	0.0629039
100	0	0	22	0	0	1	0.0629039	0.0849765
100	0	0	22	0	0	0	0.0849765	0.0903935
100	0	0	22	0	0	1	0.0903935	0.228534
100	0	0	22	0	0	0	0.228534	0.250882
100	0	0	22	0	0	1	0.250882	0.356979
100	0	0	22	0	0	0	0.356979	0.385275
100	0	0	22	0	0	1	0.385275	0.418609
100	0	0	22	0	0	0	0.418609	0.419509
100	0	0	22	0	0	1	0.419509	0.427
##	100	0	0	22	0	0	0.2
100	0	0	22	0	1	1	0	0.00173917
100	0	0	22	0	1	0	0.00173917	0.013302
100	0	0	22	0	1	1	0.013302	0.042034
100	0	0	22	0	1	0	0.042034	0.0436836
100	0	0	22	0	1	1	0.0436836	0.126971
100	0	0	22	0	1	0	0.126971	0.138147
100	0	0	22	0	1	1	0.138147	0.179612
100	0	0	22	0	1	0	0.179612	0.187064
100	0	0	22	0	1	1	0.187064	0.362928
100	0	0	22	0	1	0	0.362928	0.37618
100	0	0	22	0	1	1	0.37618	0.427
##	100	0	0	22	0	1	0.2
##	100	0	0	22	mtdna	0
100	0	0	23	0	0	0	0	0.0060261
100	0	0	23	0	0	1	0.0060261	0.0111687
100	0	0	23	0	0	0	0.0111687	0.0220474
100	0	0	23	0	0	1	0.0220474	0.0361331
100	0	0	23	0	0	0	0.0361331	0.0768324
100	0	0	23	0	0	1	0.0768324	0.113304
100	0	0	23	0	0	0	0.113304	0.118331
100	0	0	23	0	0	1	0.118331	0.180761
100	0	0	23	0	0	0	0.180761	0.20896
100	0	0	23	0	0	1	0.20896	0.239563
100	0	0	23	0	0	0	0.239563	0.239889
100	0	0	23	0	0	1	0.239889	0.256474
100	0	0	23	0	0	0	0.256474	0.264273
100	0	0	23	0	0	1	0.264273	0.427
##	100	0	0	23	0	0
100	0	0	23	0	1	1	0	0.0572964
100	0	0	23	0	1	0	0.0572964	0.0741406
100	0	0	23	0	1	1	0.0741406	0.239286
100	0	0	23	0	1	0	0.239286	0.239535
100	0	0	23	0	1	1	0.239535	0.308172
100	0	0	23	0	1	0	0.308172	0.356867
100	0	0	23	0	1	1	0.356867	0.427
##	100	0	0	23	0	1	0.2
##	100	0	0	23	mtdna	1
100	0	0	24	0	0	1	0	0.194481
100	0	0	24	0	0	0	0.194481	0.194659
100	0	0	24	0	0	1	0.194659	0.231644
100	0	0	24	0	0	0	0.231644	0.232006
100	0	0	24	0	0	1	0.232006	0.275226
100	0	0	24	0	0	0	0.275226	0.275538
100	0	0	24	0	0	1	0.275538	0.399165
100	0	0	24	0	0	0	0.399165	0.418436
100	0	0	24	0	0	1	0.418436	0.427
##	100	0	0	24	0	0	0.2
100	0	0	24	0	1	1	0	0.213201
100	0	0	24	0	1	0	0.213201	0.223785
100	0	0	24	0	1	1	0.223785	0.237681
100	0	0	24	0	1	0	0.237681	0.242959
100	0	0	24	0	1	1	0.242959	0.32241
100	0	0	24	0	1	0	0.32241	0.351547
100	0	0	24	0	1	1	0.351547	0.427
##	100	0	0	24	0	1	0.2
##	100	0	0	24	mtdna	1
100	0	0	25	0	0	1	0	0.0863666
100	0	0	25	0	0	0	0.0863666	0.0882527
100	0	0	25	0	0	1	0.0882527	0.214857
100	0	0	25	0	0	0	0.214857	0.239889
100	0	0	25	0	0	1	0.239889	0.275316
100	0	0	25	0	0	0	0.275316	0.277885
100	0	0	25	0	0	1	0.277885	0.336702
100	0	0	25	0	0	0	0.336702	0.337721
100	0	0	25	0	0	1	0.337721	0.399713
100	0	0	25	0	0	0	0.399713	0.413253
100	0	0	25	0	0	1	0.413253	0.427
##	100	0	0	25	0	0	0.2
100	0	0	25	0	1	1	0	0.0115435
100	0	0	25	0	1	0	0.0115435	0.0229334
100	0	0	25	0	1	1	0.0229334	0.0265546
100	0	0	25	0	1	0	0.0265546	0.0285437
100	0	0	25	0	1	1	0.0285437	0.110936
100	0	0	25	0	1	0	0.110936	0.12046
100	0	0	25	0	1	1	0.12046	0.126052
100	0	0	25	0	1	0	0.126052	0.135385
100	0	0	25	0	1	1	0.135385	0.180988
100	0	0	25	0	1	0	0.180988	0.195252
100	0	0	25	0	1	1	0.195252	0.198048
100	0	0	25	0	1	0	0.198048	0.219603
100	0	0	25	0	1	1	0.219603	0.388123
100	0	0	25	0	1	0	0.388123	0.417957
100	0	0	25	0	1	1	0.417957	0.427
##	100	0	0	25	0	1
##	100	0	0	25	mtdna	1
100	0	0	26	0	0	1	0	0.140832
100	0	0	26	0	0	0	0.140832	0.141078
100	0	0	26	0	0	1	0.141078	0.302104
100	0	0	26	0	0	0	0.302104	0.302316
100	0	0	26	0	0	1	0.302316	0.333816
100	0	0	26	0	0	0	0.333816	0.337567
100	0	0	26	0	0	1	0.337567	0.383969
100	0	0	26	0	0	0	0.383969	0.399639
100	0	0	26	0	0	1	0.399639	0.427
##	100	0	0	26	0	0	0.2
100	0	0	26	0	1	1	0	0.173715
100	0	0	26	0	1	0	0.173715	0.215305
100	0	0	26	0	1	1	0.215305	0.227318
100	0	0	26	0	1	0	0.227318	0.23123
100	0	0	26	0	1	1	0.23123	0.294457
100	0	0	26	0	1	0	0.294457	0.294964
100	0	0	26	0	1	1	0.294964	0.316878
100	0	0	26	0	1	0	0.316878	0.327279
100	0	0	26	0	1	1	0.327279	0.386169
100	0	0	26	0	1	0	0.386169	0.408567
100	0	0	26	0	1	1	0.408567	0.418322
100	0	0	26	0	1	0	0.418322	0.420431
100	0	0	26	0	1	1	0.420431	0.427
##	100	0	0	26	0	1
##	100	0	0	26	mtdna	1
100	0	0	27	0	0	1	0	0.104408
100	0	0	27	0	0	0	0.104408	0.110437
100	0	0	27	0	0	1	0.110437	0.214079
100	0	0	27	0	0	0	0.214079	0.214926
100	0	0	27	0	0	1	0.214926	0.234482
100	0	0	27	0	0	0	0.234482	0.236041
100	0	0	27	0	0	1	0.236041	0.427
##	100	0	0	27	0	0	0.2
100	0	0	27	0	1	1	0	0.211313
100	0	0	27	0	1	0	0.211313	0.21598
100	0	0	27	0	1	1	0.21598	0.427
##	100	0	0	27	0	1	0.2
##	100	0	0	27	mtdna	1
100	0	0	28	0	0	1	0	0.0114112
100	0	0	28	0	0	0	0.0114112	0.0253433
100	0	0	28	0	0	1	0.0253433	0.0256366
100	0	0	28	0	0	0	0.0256366	0.0259529
100	0	0	28	0	0	1	0.0259529	0.110936
100	0	0	28	0	0	0	0.110936	0.12046
100	0	0	28	0	0	1	0.12046	0.177088
100	0	0	28	0	0	0	0.177088	0.178694
100	0	0	28	0	0	1	0.178694	0.29018
100	0	0	28	0	0	0	0.29018	0.303087
100	0	0	28	0	0	1	0.303087	0.326569
100	0	0	28	0	0	0	0.326569	0.33314
100	0	0	28	0	0	1	0.33314	0.400981
100	0	0	28	0	0	0	0.400981	0.40896
100	0	0	28	0	0	1	0.40896	0.427
##	100	0	0	28	0	0	0.2
100	0	0	28	0	1	1	0	0.0618277
100	0	0	28	0	1	0	0.0618277	0.0673224
100	0	0	28	0	1	1	0.0673224	0.12969
100	0	0	28	0	1	0	0.12969	0.135354
100	0	0	28	0	1	1	0.135354	0.189741
100	0	0	28	0	1	0	0.189741	0.204626
100	0	0	28	0	1	1	0.204626	0.209328
100	0	0	28	0	1	0	0.209328	0.226796
100	0	0	28	0	1	1	0.226796	0.287098
100	0	0	28	0	1	0	0.287098	0.323298
100	0	0	28	0	1	1	0.323298	0.348574
100	0	0	28	0	1	0	0.348574	0.37905
100	0	0	28	0	1	1	0.37905	0.398159
100	0	0	28	0	1	0	0.398159	0.408871
100	0	0	28	0	1	1	0.408871	0.427
##	100	0	0	28	0	1
##	100	0	0	28	mtdna	0
100	0	0	29	0	0	1	0	0.0385865
100	0	0	29	0	0	0	0.0385865	0.0506887
100	0	0	29	0	0	1	0.0506887	0.0705521
100	0	0	29	0	0	0	0.0705521	0.0721683
100	0	0	29	0	0	1	0.0721683	0.0924983
100	0	0	29	0	0	0	0.0924983	0.0938449
100	0	0	29	0	0	1	0.0938449	0.119461
100	0	0	29	0	0	0	0.119461	0.124934
100	0	0	29	0	0	1	0.124934	0.253018
100	0	0	29	0	0	0	0.253018	0.275743
100	0	0	29	0	0	1	0.275743	0.427
##	100	0	0	29	0	0	0.2
100	0	0	29	0	1	1	0	0.0883053
100	0	0	29	0	1	0	0.0883053	0.0905939
100	0	0	29	0	1	1	0.0905939	0.117005
100	0	0	29	0	1	0	0.117005	0.118708
100	0	0	29	0	1	1	0.118708	0.130338
100	0	0	29	0	1	0	0.130338	0.139916
100	0	0	29	0	1	1	0.139916	0.15884
100	0	0	29	0	1	0	0.15884	0.169378
100	0	0	29	0	1	1	0.169378	0.196655
100	0	0	29	0	1	0	0.196655	0.199056
100	0	0	29	0	1	1	0.199056	0.354056
100	0	0	29	0	1	0	0.354056	0.375097
100	0	0	29	0	1	1	0.375097	0.427
##	100	0	0	29	0	1	0.2
##	100	0	0	29	mtdna	0
100	0	0	30	0	0	1	0	0.00447303
100	0	0	30	0	0	0	0.00447303	0.00632825
100	0	0	30	0	0	1	0.00632825	0.169324
100	0	0	30	0	0	0	0.169324	0.174561
100	0	0	30	0	0	1	0.174561	0.181056
100	0	0	30	0	0	0	0.181056	0.213217
100	0	0	30	0	0	1	0.213217	0.322057
100	0	0	30	0	0	0	0.322057	0.350062
100	0	0	30	0	0	1	0.350062	0.354
100	0	0	30	0	0	0	0.354	0.364363
100	0	0	30	0	0	1	0.364363	0.42503
100	0	0	30	0	0	0	0.42503	0.427
##	100	0	0	30	0	0
100	0	0	30	0	1	1	0	0.0917497
100	0	0	30	0	1	0	0.0917497	0.101976
100	0	0	30	0	1	1	0.101976	0.173894
100	0	0	30	0	1	0	0.173894	0.227961
100	0	0	30	0	1	1	0.227961	0.391052
100	0	0	30	0	1	0	0.391052	0.397147
100	0	0	30	0	1	1	0.397147	0.427
##	100	0	0	30	0	1
##	100	0	0	30	mtdna	1
100	0	0	31	0	0	1	0	0.167123
100	0	0	31	0	0	0	0.167123	0.169902
100	0	0	31	0	0	1	0.169902	0.208534
100	0	0	31	0	0	0	0.208534	0.214969
100	0	0	31	0	0	1	0.214969	0.25561
100	0	0	31	0	0	0	0.25561	0.265565
100	0	0	31	0	0	1	0.265565	0.427
##	100	0	0	31	0	0	0.2
100	0	0	31	0	1	1	0	0.041728
100	0	0	31	0	1	0	0.041728	0.0615925
100	0	0	31	0	1	1	0.0615925	0.19336
100	0	0	31	0	1	0	0.19336	0.200355
100	0	0	31	0	1	1	0.200355	0.21559
100	0	0	31	0	1	0	0.21559	0.218131
100	0	0	31	0	1	1	0.218131	0.220003
100	0	0	31	0	1	0	0.220003	0.22145
100	0	0	31	0	1	1	0.22145	0.226297
100	0	0	31	0	1	0	0.226297	0.230052
100	0	0	31	0	1	1	0.230052	0.314039
100	0	0	31	0	1	0	0.314039	0.332044
100	0	0	31	0	1	1	0.332044	0.343069
100	0	0	31	0	1	0	0.343069	0.349803
100	0	0	31	0	1	1	0.349803	0.40402
100	0	0	31	0	1	0	0.40402	0.418933
100	0	0	31	0	1	1	0.418933	0.427
##	100	0	0	31	0	1
##	100	0	0	31	mtdna	1
100	0	0	32	0	0	1	0	0.133966
100	0	0	32	0	0	0	0.133966	0.143821
100	0	0	32	0	0	1	0.143821	0.180806
100	0	0	32	0	0	0	0.180806	0.213217
100	0	0	32	0	0	1	0.213217	0.215978
100	0	0	32	0	0	0	0.215978	0.23434
100	0	0	32	0	0	1	0.23434	0.331993
100	0	0	32	0	0	0	0.331993	0.337186
100	0	0	32	0	0	1	0.337186	0.419969
100	0	0	32	0	0	0	0.419969	0.427
##	100	0	0	32	0	0
100	0	0	32	0	1	1	0	0.0685712
100	0	0	32	0	1	0	0.0685712	0.0733488
100	0	0	32	0	1	1	0.0733488	0.113932
100	0	0	32	0	1	0	0.113932	0.117653
100	0	0	32	0	1	1	0.117653	0.161211
100	0	0	32	0	1	0	0.161211	0.172976
100	0	0	32	0	1	1	0.172976	0.197013
100	0	0	32	0	1	0	0.197013	0.216082
100	0	0	32	0	1	1	0.216082	0.322029
100	0	0	32	0	1	0	0.322029	0.325064
100	0	0	32	0	1	1	0.325064	0.336751
100	0	0	32	0	1	0	0.336751	0.353733
100	0	0	32	0	1	1	0.353733	0.426571
100	0	0	32	0	1	0	0.426571	0.427
##	100	0	0	32	0	1
##	100	0	0	32	mtdna	0
100	0	0	33	0	0	0	0	0.0229203
100	0	0	33	0	0	1	0.0229203	0.172938
100	0	0	33	0	0	0	0.172938	0.175596
100	0	0	33	0	0	1	0.175596	0.222357
100	0	0	33	0	0	0	0.222357	0.235526
100	0	0	33	0	0	1	0.235526	0.307931
100	0	0	33	0	0	0	0.307931	0.313465
100	0	0	33	0	0	1	0.313465	0.427
##	100	0	0	33	0	0	0.2
100	0	0	33	0	1	1	0	0.307195
100	0	0	33	0	1	0	0.307195	0.338187
100	0	0	33	0	1	1	0.338187	0.394896
100	0	0	33	0	1	0	0.394896	0.399711
100	0	0	33	0	1	1	0.399711	0.425896
100	0	0	33	0	1	0	0.425896	0.427
##	100	0	0	33	0	1	0.2
##	100	0	0	33	mtdna	1
100	0	0	34	0	0	1	0	0.048387
100	0	0	34	0	0	0	0.048387	0.0601589
100	0	0	34	0	0	1	0.0601589	0.0856435
100	0	0	34	0	0	0	0.0856435	0.102994
100	0	0	34	0	0	1	0.102994	0.103673
100	0	0	34	0	0	0	0.103673	0.108277
100	0	0	34	0	0	1	0.108277	0.146598
100	0	0	34	0	0	0	0.146598	0.149441
100	0	0	34	0	0	1	0.149441	0.187018
100	0	0	34	0	0	0	0.187018	0.202413
100	0	0	34	0	0	1	0.202413	0.231071
100	0	0	34	0	0	0	0.231071	0.236163
100	0	0	34	0	0	1	0.236163	0.371507
100	0	0	34	0	0	0	0.371507	0.419635
100	0	0	34	0	0	1	0.419635	0.427
##	100	0	0	34	0	0
100	0	0	34	0	1	0	0	0.000763446
100	0	0	34	0	1	1	0.000763446	0.0891764
100	0	0	34	0	1	0	0.0891764	0.112308
100	0	0	34	0	1	1	0.112308	0.118813
100	0	0	34	0	1	0	0.118813	0.133829
100	0	0	34	0	1	1	0.133829	0.153449
100	0	0	34	0	1	0	0.153449	0.16478
100	0	0	34	0	1	1	0.16478	0.216525
100	0	0	34	0	1	0	0.216525	0.228964
100	0	0	34	0	1	1	0.228964	0.337442
100	0	0	34	0	1	0	0.337442	0.349154
100	0	0	34	0	1	1	0.349154	0.35638
100	0	0	34	0	1	0	0.35638	0.36184
100	0	0	34	0	1	1	0.36184	0.427
##	100	0	0	34	0	1	0.2
##	100	0	0	34	mtdna	0
100	0	0	35	0	0	1	0	0.14741
100	0	0	35	0	0	0	0.14741	0.157987
100	0	0	35	0	0	1	0.157987	0.165001
100	0	0	35	0	0	0	0.165001	0.17356
100	0	0	35	0	0	1	0.17356	0.195484
100	0	0	35	0	0	0	0.195484	0.210617
100	0	0	35	0	0	1	0.210617	0.212624
100	0	0	35	0	0	0	0.212624	0.217723
100	0	0	35	0	0	1	0.217723	0.244495
100	0	0	35	0	0	0	0.244495	0.248486
100	0	0	35	0	0	1	0.248486	0.271943
100	0	0	35	0	0	0	0.271943	0.282653
100	0	0	35	0	0	1	0.282653	0.292752
100	0	0	35	0	0	0	0.292752	0.337307
100	0	0	35	0	0	1	0.337307	0.34256
100	0	0	35	0	0	0	0.34256	0.34488
100	0	0	35	0	0	1	0.34488	0.427
##	100	0	0	35	0	0
100	0	0	35	0	1	1	0	0.0272407
100	0	0	35	0	1	0	0.0272407	0.0299998
100	0	0	35	0	1	1	0.0299998	0.113538
100	0	0	35	0	1	0	0.113538	0.118069
100	0	0	35	0	1	1	0.118069	0.157407
100	0	0	35	0	1	0	0.157407	0.166678
100	0	0	35	0	1	1	0.166678	0.221228
100	0	0	35	0	1	0	0.221228	0.225302
100	0	0	35	0	1	1	0.225302	0.225349
100	0	0	35	0	1	0	0.225349	0.226307
100	0	0	35	0	1	1	0.226307	0.333888
100	0	0	35	0	1	0	0.333888	0.346664
100	0	0	35	0	1	1	0.346664	0.427
##	100	0	0	35	0	1	0.2
##	100	0	0	35	mtdna	1
100	0	0	36	0	0	1	0	0.0658473
100	0	0	36	0	0	0	0.0658473	0.0708314
100	0	0	36	0	0	1	0.0708314	0.160296
100	0	0	36	0	0	0	0.160296	0.169279
100	0	0	36	0	0	1	0.169279	0.189221
100	0	0	36	0	0	0	0.189221	0.201908
100	0	0	36	0	0	1	0.201908	0.260685
100	0	0	36	0	0	0	0.260685	0.267676
100	0	0	36	0	0	1	0.267676	0.296021
100	0	0	36	0	0	0	0.296021	0.343374
100	0	0	36	0	0	1	0.343374	0.427
##	100	0	0	36	0	0
100	0	0	36	0	1	1	0	0.0268663
100	0	0	36	0	1	0	0.0268663	0.0646966
100	0	0	36	0	1	1	0.0646966	0.0743621
100	0	0	36	0	1	0	0.0743621	0.0751686
100	0	0	36	0	1	1	0.0751686	0.200247
100	0	0	36	0	1	0	0.200247	0.22915
100	0	0	36	0	1	1	0.22915	0.427
##	100	0	0	36	0	1	0.2
##	100	0	0	36	mtdna	0
100	0	0	37	0	0	1	0	0.0720138
100	0	0	37	0	0	0	0.0720138	0.0725824
100	0	0	37	0	0	1	0.0725824	0.0987938
100	0	0	37	0	0	0	0.0987938	0.114632
100	0	0	37	0	0	1	0.114632	0.242122
100	0	0	37	0	0	0	0.242122	0.252795
100	0	0	37	0	0	1	0.252795	0.365107
100	0	0	37	0	0	0	0.365107	0.384854
100	0	0	37	0	0	1	0.384854	0.427
##	100	0	0	37	0	0	0.2
100	0	0	37	0	1	1	0	0.0472687
100	0	0	37	0	1	0	0.0472687	0.052835
100	0	0	37	0	1	1	0.052835	0.0908134
100	0	0	37	0	1	0	0.0908134	0.0946305
100	0	0	37	0	1	1	0.0946305	0.395478
100	0	0	37	0	1	0	0.395478	0.406298
100	0	0	37	0	1	1	0.406298	0.427
##	100	0	0	37	0	1	0.2
##	100	0	0	37	mtdna	1
100	0	0	38	0	0	1	0	0.067801
100	0	0	38	0	0	0	0.067801	0.0678702
100	0	0	38	0	0	1	0.0678702	0.0711558
100	0	0	38	0	0	0	0.0711558	0.0832873
100	0	0	38	0	0	1	0.0832873	0.200466
100	0	0	38	0	0	0	0.200466	0.229512
100	0	0	38	0	0	1	0.229512	0.251227
100	0	0	38	0	0	0	0.251227	0.256823
100	0	0	38	0	0	1	0.256823	0.340416
100	0	0	38	0	0	0	0.340416	0.343842
100	0	0	38	0	0	1	0.343842	0.427
##	100	0	0	38	0	0	0.2
100	0	0	38	0	1	1	0	0.00221268
100	0	0	38	0	1	0	0.00221268	0.0439437
100	0	0	38	0	1	1	0.0439437	0.116411
100	0	0	38	0	1	0	0.116411	0.121522
100	0	0	38	0	1	1	0.121522	0.18075
100	0	0	38	0	1	0	0.18075	0.213892
100	0	0	38	0	1	1	0.213892	0.216515
100	0	0	38	0	1	0	0.216515	0.216616
100	0	0	38	0	1	1	0.216616	0.29449
100	0	0	38	0	1	0	0.29449	0.307358
100	0	0	38	0	1	1	0.307358	0.427
##	100	0	0	38	0	1
##	100	0	0	38	mtdna	1
100	0	0	39	0	0	1	0	0.00514194
100	0	0	39	0	0	0	0.00514194	0.00884588
100	0	0	39	0	0	1	0.00884588	0.0282428
100	0	0	39	0	0	0	0.0282428	0.0338662
100	0	0	39	0	0	1	0.0338662	0.0659744
100	0	0	39	0	0	0	0.0659744	0.0789318
100	0	0	39	0	0	1	0.0789318	0.219005
100	0	0	39	0	0	0	0.219005	0.224801
100	0	0	39	0	0	1	0.224801	0.247082
100	0	0	39	0	0	0	0.247082	0.255398
100	0	0	39	0	0	1	0.255398	0.296437
100	0	0	39	0	0	0	0.296437	0.320016
100	0	0	39	0	0	1	0.320016	0.409266
100	0	0	39	0	0	0	0.409266	0.415298
100	0	0	39	0	0	1	0.415298	0.426571
100	0	0	39	0	0	0	0.426571	0.427
##	100	0	0	39	0	0	0.2
100	0	0	39	0	1	1	0	0.170252
100	0	0	39	0	1	0	0.170252	0.172064
100	0	0	39	0	1	1	0.172064	0.31415
100	0	0	39	0	1	0	0.31415	0.335939
100	0	0	39	0	1	1	0.335939	0.364553
100	0	0	39	0	1	0	0.364553	0.367868
100	0	0	39	0	1	1	0.367868	0.373918
100	0	0	39	0	1	0	0.373918	0.403142
100	0	0	39	0	1	1	0.403142	0.427
##	100	0	0	39	0	1	0.2
##	100	0	0	39	mtdna	1
100	0	0	40	0	0	1	0	0.227736
100	0	0	40	0	0	0	0.227736	0.233537
100	0	0	40	0	0	1	0.233537	0.289862
100	0	0	40	0	0	0	0.289862	0.290491
100	0	0	40	0	0	1	0.290491	0.343273
100	0	0	40	0	0	0	0.343273	0.355603
100	0	0	40	0	0	1	0.355603	0.427
##	100	0	0	40	0	0	0.2
100	0	0	40	0	1	1	0	0.257764
100	0	0	40	0	1	0	0.257764	0.280994
100	0	0	40	0	1	1	0.280994	0.323822
100	0	0	40	0	1	0	0.323822	0.329618
100	0	0	40	0	1	1	0.329618	0.362013
100	0	0	40	0	1	0	0.362013	0.363305
100	0	0	40	0	1	1	0.363305	0.427
##	100	0	0	40	0	1	0.2
##	100	0	0	40	mtdna	1
100	0	0	41	0	0	1	0	0.0150004
100	0	0	41	0	0	0	0.0150004	0.0178637
100	0	0	41	0	0	1	0.0178637	0.0795137
100	0	0	41	0	0	0	0.0795137	0.125269
100	0	0	41	0	0	1	0.125269	0.176659
100	0	0	41	0	0	0	0.176659	0.181382
100	0	0	41	0	0	1	0.181382	0.211186
100	0	0	41	0	0	0	0.211186	0.229512
100	0	0	41	0	0	1	0.229512	0.251227
100	0	0	41	0	0	0	0.251227	0.256823
100	0	0	41	0	0	1	0.256823	0.289277
100	0	0	41	0	0	0	0.289277	0.297825
100	0	0	41	0	0	1	0.297825	0.427
##	100	0	0	41	0	0	0.2
100	0	0	41	0	1	1	0	0.0495281
100	0	0	41	0	1	0	0.0495281	0.0569466
100	0	0	41	0	1	1	0.0569466	0.205694
100	0	0	41	0	1	0	0.205694	0.20936
100	0	0	41	0	1	1	0.20936	0.305346
100	0	0	41	0	1	0	0.305346	0.313015
100	0	0	41	0	1	1	0.313015	0.427
##	100	0	0	41	0	1	0.2
##	100	0	0	41	mtdna	0
100	0	0	42	0	0	1	0	0.117915
100	0	0	42	0	0	0	0.117915	0.15533
100	0	0	42	0	0	1	0.15533	0.303187
100	0	0	42	0	0	0	0.303187	0.317086
100	0	0	42	0	0	1	0.317086	0.41886
100	0	0	42	0	0	0	0.41886	0.427
##	100	0	0	42	0	0	0.2
100	0	0	42	0	1	0	0	0.00673888
100	0	0	42	0	1	1	0.00673888	0.00865653
100	0	0	42	0	1	0	0.00865653	0.0126348
100	0	0	42	0	1	1	0.0126348	0.148992
100	0	0	42	0	1	0	0.148992	0.154262
100	0	0	42	0	1	1	0.154262	0.20241
100	0	0	42	0	1	0	0.20241	0.208996
100	0	0	42	0	1	1	0.208996	0.271229
100	0	0	42	0	1	0	0.271229	0.30767
100	0	0	42	0	1	1	0.30767	0.427
##	100	0	0	42	0	1	0.2
##	100	0	0	42	mtdna	1
100	0	0	43	0	0	1	0	0.013837
100	0	0	43	0	0	0	0.013837	0.0202843
100	0	0	43	0	0	1	0.0202843	0.0212432
100	0	0	43	0	0	0	0.0212432	0.0267093
100	0	0	43	0	0	1	0.0267093	0.0709207
100	0	0	43	0	0	0	0.0709207	0.0711624
100	0	0	43	0	0	1	0.0711624	0.139962
100	0	0	43	0	0	0	0.139962	0.149099
100	0	0	43	0	0	1	0.149099	0.191086
100	0	0	43	0	0	0	0.191086	0.217004
100	0	0	43	0	0	1	0.217004	0.397905
100	0	0	43	0	0	0	0.397905	0.41053
100	0	0	43	0	0	1	0.41053	0.427
##	100	0	0	43	0	0
100	0	0	43	0	1	1	0	0.0256689
100	0	0	43	0	1	0	0.0256689	0.0331422
100	0	0	43	0	1	1	0.0331422	0.135673
100	0	0	43	0	1	0	0.135673	0.14053
100	0	0	43	0	1	1	0.14053	0.193757
100	0	0	43	0	1	0	0.193757	0.202085
100	0	0	43	0	1	1	0.202085	0.204197
100	0	0	43	0	1	0	0.204197	0.206272
100	0	0	43	0	1	1	0.206272	0.264257
100	0	0	43	0	1	0	0.264257	0.265431
100	0	0	43	0	1	1	0.265431	0.269831
100	0	0	43	0	1	0	0.269831	0.286994
100	0	0	43	0	1	1	0.286994	0.427
##	100	0	0	43	0	1
##	100	0	0	43	mtdna	1
100	0	0	44	0	0	1	0	0.105682
100	0	0	44	0	0	0	0.105682	0.117152
100	0	0	44	0	0	1	0.117152	0.191496
100	0	0	44	0	0	0	0.191496	0.216344
100	0	0	44	0	0	1	0.216344	0.254322
100	0	0	44	0	0	0	0.254322	0.258437
100	0	0	44	0	0	1	0.258437	0.327495
100	0	0	44	0	0	0	0.327495	0.331495
100	0	0	44	0	0	1	0.331495	0.416909
100	0	0	44	0	0	0	0.416909	0.420578
100	0	0	44	0	0	1	0.420578	0.427
##	100	0	0	44	0	0
100	0	0	44	0	1	1	0	0.00175474
100	0	0	44	0	1	0	0.00175474	0.0123877
100	0	0	44	0	1	1	0.0123877	0.170131
100	0	0	44	0	1	0	0.170131	0.19313
100	0	0	44	0	1	1	0.19313	0.193435
100	0	0	44	0	1	0	0.193435	0.193817
100	0	0	44	0	1	1	0.193817	0.427
##	100	0	0	44	0	1	0.2
##	100	0	0	44	mtdna	1
100	0	0	45	0	0	0	0	0.0190453
100	0	0	45	0	0	1	0.0190453	0.031748
100	0	0	45	0	0	0	0.031748	0.0321512
100	0	0	45	0	0	1	0.0321512	0.0625343
100	0	0	45	0	0	0	0.0625343	0.0741326
100	0	0	45	0	0	1	0.0741326	0.185076
100	0	0	45	0	0	0	0.185076	0.188258
100	0	0	45	0	0	1	0.188258	0.190314
100	0	0	45	0	0	0	0.190314	0.203053
100	0	0	45	0	0	1	0.203053	0.37868
100	0	0	45	0	0	0	0.37868	0.385295
100	0	0	45	0	0	1	0.385295	0.427
##	100	0	0	45	0	0
100	0	0	45	0	1	1	0	0.0332087
100	0	0	45	0	1	0	0.0332087	0.0791047
100	0	0	45	0	1	1	0.0791047	0.216525
100	0	0	45	0	1	0	0.216525	0.228964
100	0	0	45	0	1	1	0.228964	0.337442
100	0	0	45	0	1	0	0.337442	0.349154
100	0	0	45	0	1	1	0.349154	0.35638
100	0	0	45	0	1	0	0.35638	0.36184
100	0	0	45	0	1	1	0.36184	0.427
##	100	0	0	45	0	1	0.2
##	100	0	0	45	mtdna	1
100	0	0	46	0	0	0	0	0.000502911
100	0	0	46	0	0	1	0.000502911	0.0853827
100	0	0	46	0	0	0	0.0853827	0.0886406
100	0	0	46	0	0	1	0.0886406	0.11752
100	0	0	46	0	0	0	0.11752	0.140758
100	0	0	46	0	0	1	0.140758	0.260183
100	0	0	46	0	0	0	0.260183	0.30767
100	0	0	46	0	0	1	0.30767	0.399667
100	0	0	46	0	0	0	0.399667	0.425762
100	0	0	46	0	0	1	0.425762	0.427
##	100	0	0	46	0	0	0.2
100	0	0	46	0	1	0	0	0.054193
100	0	0	46	0	1	1	0.054193	0.0586038
100	0	0	46	0	1	0	0.0586038	0.0654324
100	0	0	46	0	1	1	0.0654324	0.132341
100	0	0	46	0	1	0	0.132341	0.132784
100	0	0	46	0	1	1	0.132784	0.17187
100	0	0	46	0	1	0	0.17187	0.179225
100	0	0	46	0	1	1	0.179225	0.194127
100	0	0	46	0	1	0	0.194127	0.265397
100	0	0	46	0	1	1	0.265397	0.296489
100	0	0	46	0	1	0	0.296489	0.317394
100	0	0	46	0	1	1	0.317394	0.323632
100	0	0	46	0	1	0	0.323632	0.323887
100	0	0	46	0	1	1	0.323887	0.427
##	100	0	0	46	0	1
##	100	0	0	46	mtdna	1
100	0	0	47	0	0	1	0	0.0269968
100	0	0	47	0	0	0	0.0269968	0.0300653
100	0	0	47	0	0	1	0.0300653	0.0523859
100	0	0	47	0	0	0	0.0523859	0.0560255
100	0	0	47	0	0	1	0.0560255	0.154722
100	0	0	47	0	0	0	0.154722	0.166484
100	0	0	47	0	0	1	0.166484	0.190264
100	0	0	47	0	0	0	0.190264	0.211489
100	0	0	47	0	0	1	0.211489	0.266883
100	0	0	47	0	0	0	0.266883	0.276383
100	0	0	47	0	0	1	0.276383	0.427
##	100	0	0	47	0	0
100	0	0	47	0	1	1	0	0.0272721
100	0	0	47	0	1	0	0.0272721	0.039303
100	0	0	47	0	1	1	0.039303	0.0771976
100	0	0	47	0	1	0	0.0771976	0.0785026
100	0	0	47	0	1	1	0.0785026	0.151602
100	0	0	47	0	1	0	0.151602	0.151957
100	0	0	47	0	1	1	0.151957	0.204856
100	0	0	47	0	1	0	0.204856	0.222156
100	0	0	47	0	1	1	0.222156	0.369179
100	0	0	47	0	1	0	0.369179	0.37349
100	0	0	47	0	1	1	0.37349	0.396243
100	0	0	47	0	1	0	0.396243	0.416168
100	0	0	47	0	1	1	0.416168	0.427
##	100	0	0	47	0	1	0.2
##	100	0	0	47	mtdna	1
100	0	0	48	0	0	1	0	0.0536696
100	0	0	48	0	0	0	0.0536696	0.0609608
100	0	0	48	0	0	1	0.0609608	0.0983141
100	0	0	48	0	0	0	0.0983141	0.098759
100	0	0	48	0	0	1	0.098759	0.140151
100	0	0	48	0	0	0	0.140151	0.142525
100	0	0	48	0	0	1	0.142525	0.201199
100	0	0	48	0	0	0	0.201199	0.222646
100	0	0	48	0	0	1	0.222646	0.390363
100	0	0	48	0	0	0	0.390363	0.427
##	100	0	0	48	0	0	0.2
100	0	0	48	0	1	0	0	0.0143599
100	0	0	48	0	1	1	0.0143599	0.101737
100	0	0	48	0	1	0	0.101737	0.108681
100	0	0	48	0	1	1	0.108681	0.192135
100	0	0	48	0	1	0	0.192135	0.215919
100	0	0	48	0	1	1	0.215919	0.262332
100	0	0	48	0	1	0	0.262332	0.271614
100	0	0	48	0	1	1	0.271614	0.309575
100	0	0	48	0	1	0	0.309575	0.312178
100	0	0	48	0	1	1	0.312178	0.427
##	100	0	0	48	0	1
##	100	0	0	48	mtdna	1
100	0	0	49	0	0	1	0	0.0650705
100	0	0	49	0	0	0	0.0650705	0.118708
100	0	0	49	0	0	1	0.118708	0.166973
100	0	0	49	0	0	0	0.166973	0.171317
100	0	0	49	0	0	1	0.171317	0.196567
100	0	0	49	0	0	0	0.196567	0.204984
100	0	0	49	0	0	1	0.204984	0.233868
100	0	0	49	0	0	0	0.233868	0.235162
100	0	0	49	0	0	1	0.235162	0.268865
100	0	0	49	0	0	0	0.268865	0.278705
100	0	0	49	0	0	1	0.278705	0.297061
100	0	0	49	0	0	0	0.297061	0.312035
100	0	0	49	0	0	1	0.312035	0.317007
100	0	0	49	0	0	0	0.317007	0.317175
100	0	0	49	0	0	1	0.317175	0.427
##	100	0	0	49	0	0
100	0	0	49	0	1	1	0	0.111599
100	0	0	49	0	1	0	0.111599	0.125647
100	0	0	49	0	1	1	0.125647	0.382801
100	0	0	49	0	1	0	0.382801	0.385201
100	0	0	49	0	1	1	0.385201	0.415991
100	0	0	49	0	1	0	0.415991	0.426907
100	0	0	49	0	1	1	0.426907	0.427
##	100	0	0	49	0	1	0.2
##	100	0	0	49	mtdna	1
100	0	0	50	0	0	0	0	0.0330473
100	0	0	50	0	0	1	0.0330473	0.154195
100	0	0	50	0	0	0	0.154195	0.162367
100	0	0	50	0	0	1	0.162367	0.200205
100	0	0	50	0	0	0	0.200205	0.200469
100	0	0	50	0	0	1	0.200469	0.306122
100	0	0	50	0	0	0	0.306122	0.358636
100	0	0	50	0	0	1	0.358636	0.396396
100	0	0	50	0	0	0	0.396396	0.398578
100	0	0	50	0	0	1	0.398578	0.427
##	100	0	0	50	0	0	0.2
100	0	0	50	0	1	1	0	0.254998
100	0	0	50	0	1	0	0.254998	0.258595
100	0	0	50	0	1	1	0.258595	0.28138
100	0	0	50	0	1	0	0.28138	0.317209
100	0	0	50	0	1	1	0.317209	0.341857
100	0	0	50	0	1	0	0.341857	0.344701
100	0	0	50	0	1	1	0.344701	0.427
##	100	0	0	50	0	1	0.2
##	100	0	0	50	mtdna	0
100	0	0	51	0	0	1	0	0.0430615
100	0	0	51	0	0	0	0.0430615	0.0443443
100	0	0	51	0	0	1	0.0443443	0.0865746
100	0	0	51	0	0	0	0.0865746	0.0951406
100	0	0	51	0	0	1	0.0951406	0.369066
100	0	0	51	0	0	0	0.369066	0.397735
100	0	0	51	0	0	1	0.397735	0.427
##	100	0	0	51	0	0	0.2
100	0	0	51	0	1	1	0	0.206093
100	0	0	51	0	1	0	0.206093	0.215835
100	0	0	51	0	1	1	0.215835	0.336355
100	0	0	51	0	1	0	0.336355	0.361085
100	0	0	51	0	1	1	0.361085	0.427
##	100	0	0	51	0	1	0.2
##	100	0	0	51	mtdna	1
100	0	0	52	0	0	1	0	0.00359035
100	0	0	52	0	0	0	0.00359035	0.00804886
100	0	0	52	0	0	1	0.00804886	0.0274467
100	0	0	52	0	0	0	0.0274467	0.0289605
100	0	0	52	0	0	1	0.0289605	0.0547442
100	0	0	52	0	0	0	0.0547442	0.0604651
100	0	0	52	0	0	1	0.0604651	0.220438
100	0	0	52	0	0	0	0.220438	0.221999
100	0	0	52	0	0	1	0.221999	0.25002
100	0	0	52	0	0	0	0.25002	0.250942
100	0	0	52	0	0	1	0.250942	0.318989
100	0	0	52	0	0	0	0.318989	0.31901
100	0	0	52	0	0	1	0.31901	0.32889
100	0	0	52	0	0	0	0.32889	0.339262
100	0	0	52	0	0	1	0.339262	0.37528
100	0	0	52	0	0	0	0.37528	0.377065
100	0	0	52	0	0	1	0.377065	0.427
##	100	0	0	52	0	0	0.2
100	0	0	52	0	1	1	0	0.00122259
100	0	0	52	0	1	0	0.00122259	0.0092284
100	0	0	52	0	1	1	0.0092284	0.203831
100	0	0	52	0	1	0	0.203831	0.234359
100	0	0	52	0	1	1	0.234359	0.286247
100	0	0	52	0	1	0	0.286247	0.312653
100	0	0	52	0	1	1	0.312653	0.34639
100	0	0	52	0	1	0	0.34639	0.357837
100	0	0	52	0	1	1	0.357837	0.382801
100	0	0	52	0	1	0	0.382801	0.385215
100	0	0	52	0	1	1	0.385215	0.398691
100	0	0	52	0	1	0	0.398691	0.427
##	100	0	0	52	0	1	0.2
##	100	0	0	52	mtdna	1
100	0	0	53	0	0	0	0	0.000799082
100	0	0	53	0	0	1	0.000799082	0.0472687
100	0	0	53	0	0	0	0.0472687	0.052835
100	0	0	53	0	0	1	0.052835	0.167887
100	0	0	53	0	0	0	0.167887	0.171235
100	0	0	53	0	0	1	0.171235	0.193437
100	0	0	53	0	0	0	0.193437	0.211093
100	0	0	53	0	0	1	0.211093	0.263523
100	0	0	53	0	0	0	0.263523	0.267786
100	0	0	53	0	0	1	0.267786	0.279243
100	0	0	53	0	0	0	0.279243	0.298433
100	0	0	53	0	0	1	0.298433	0.30995
100	0	0	53	0	0	0	0.30995	0.31605
100	0	0	53	0	0	1	0.31605	0.329203
100	0	0	53	0	0	0	0.329203	0.332339
100	0	0	53	0	0	1	0.332339	0.357423
100	0	0	53	0	0	0	0.357423	0.359474
100	0	0	53	0	0	1	0.359474	0.427
##	100	0	0	53	0	0
100	0	0	53	0	1	1	0	0.0475862
100	0	0	53	0	1	0	0.0475862	0.0488033
100	0	0	53	0	1	1	0.0488033	0.0707529
100	0	0	53	0	1	0	0.0707529	0.0943136
100	0	0	53	0	1	1	0.0943136	0.165221
100	0	0	53	0	1	0	0.165221	0.234359
100	0	0	53	0	1	1	0.234359	0.255627
100	0	0	53	0	1	0	0.255627	0.259086
100	0	0	53	0	1	1	0.259086	0.301643
100	0	0	53	0	1	0	0.301643	0.331056
100	0	0	53	0	1	1	0.331056	0.427
##	100	0	0	53	0	1
##	100	0	0	53	mtdna	1
100	0	0	54	0	0	1	0	0.0530753
100	0	0	54	0	0	0	0.0530753	0.0663519
100	0	0	54	0	0	1	0.0663519	0.0696733
100	0	0	54	0	0	0	0.0696733	0.0841951
100	0	0	54	0	0	1	0.0841951	0.117915
100	0	0	54	0	0	0	0.117915	0.15533
100	0	0	54	0	0	1	0.15533	0.295833
100	0	0	54	0	0	0	0.295833	0.317086
100	0	0	54	0	0	1	0.317086	0.427
##	100	0	0	54	0	0	0.2
100	0	0	54	0	1	1	0	0.0331885
100	0	0	54	0	1	0	0.0331885	0.0443814
100	0	0	54	0	1	1	0.0443814	0.0643997
100	0	0	54	0	1	0	0.0643997	0.0864146
100	0	0	54	0	1	1	0.0864146	0.247073
100	0	0	54	0	1	0	0.247073	0.264273
100	0	0	54	0	1	1	0.264273	0.265468
100	0	0	54	0	1	0	0.265468	0.266903
100	0	0	54	0	1	1	0.266903	0.297061
100	0	0	54	0	1	0	0.297061	0.317552
100	0	0	54	0	1	1	0.317552	0.427
##	100	0	0	54	0	1	0.2
##	100	0	0	54	mtdna	1
100	0	0	55	0	0	1	0	0.0485875
100	0	0	55	0	0	0	0.0485875	0.0530183
100	0	0	55	0	0	1	0.0530183	0.0993901
100	0	0	55	0	0	0	0.0993901	0.102619
100	0	0	55	0	0	1	0.102619	0.138642
100	0	0	55	0	0	0	0.138642	0.165082
100	0	0	55	0	0	1	0.165082	0.207319
100	0	0	55	0	0	0	0.207319	0.213657
100	0	0	55	0	0	1	0.213657	0.23474
100	0	0	55	0	0	0	0.23474	0.23761
100	0	0	55	0	0	1	0.23761	0.241616
100	0	0	55	0	0	0	0.241616	0.249679
100	0	0	55	0	0	1	0.249679	0.421308
100	0	0	55	0	0	0	0.421308	0.42574
100	0	0	55	0	0	1	0.42574	0.427
##	100	0	0	55	0	0	0.2
100	0	0	55	0	1	1	0	0.00725699
100	0	0	55	0	1	0	0.00725699	0.013893
100	0	0	55	0	1	1	0.013893	0.0897078
100	0	0	55	0	1	0	0.0897078	0.110979
100	0	0	55	0	1	1	0.110979	0.113475
100	0	0	55	0	1	0	0.113475	0.128264
100	0	0	55	0	1	1	0.128264	0.153929
100	0	0	55	0	1	0	0.153929	0.173623
100	0	0	55	0	1	1	0.173623	0.194734
100	0	0	55	0	1	0	0.194734	0.228607
100	0	0	55	0	1	1	0.228607	0.383038
100	0	0	55	0	1	0	0.383038	0.427
##	100	0	0	55	0	1
##	100	0	0	55	mtdna	1
100	0	0	56	0	0	1	0	0.0299607
100	0	0	56	0	0	0	0.0299607	0.0438138
100	0	0	56	0	0	1	0.0438138	0.195785
100	0	0	56	0	0	0	0.195785	0.210941
100	0	0	56	0	0	1	0.210941	0.345262
100	0	0	56	0	0	0	0.345262	0.356003
100	0	0	56	0	0	1	0.356003	0.397909
100	0	0	56	0	0	0	0.397909	0.400301
100	0	0	56	0	0	1	0.400301	0.409112
100	0	0	56	0	0	0	0.409112	0.42472
100	0	0	56	0	0	1	0.42472	0.427
##	100	0	0	56	0	0
100	0	0	56	0	1	1	0	0.0039781
100	0	0	56	0	1	0	0.0039781	0.0277091
100	0	0	56	0	1	1	0.0277091	0.112721
100	0	0	56	0	1	0	0.112721	0.121373
100	0	0	56	0	1	1	0.121373	0.12436
100	0	0	56	0	1	0	0.12436	0.125614
100	0	0	56	0	1	1	0.125614	0.143734
100	0	0	56	0	1	0	0.143734	0.16652
100	0	0	56	0	1	1	0.16652	0.185331
100	0	0	56	0	1	0	0.185331	0.187611
100	0	0	56	0	1	1	0.187611	0.295584
100	0	0	56	0	1	0	0.295584	0.322716
100	0	0	56	0	1	1	0.322716	0.329737
100	0	0	56	0	1	0	0.329737	0.370935
100	0	0	56	0	1	1	0.370935	0.427
##	100	0	0	56	0	1	0.2
##	100	0	0	56	mtdna	1
100	0	0	57	0	0	1	0	0.0906209
100	0	0	57	0	0	0	0.0906209	0.091702
100	0	0	57	0	0	1	0.091702	0.310293
100	0	0	57	0	0	0	0.310293	0.316268
100	0	0	57	0	0	1	0.316268	0.427
##	100	0	0	57	0	0	0.2
100	0	0	57	0	1	1	0	0.187428
100	0	0	57	0	1	0	0.187428	0.190615
100	0	0	57	0	1	1	0.190615	0.212738
100	0	0	57	0	1	0	0.212738	0.23713
100	0	0	57	0	1	1	0.23713	0.427
##	100	0	0	57	0	1	0.2
##	100	0	0	57	mtdna	0
100	0	0	58	0	0	1	0	0.107726
100	0	0	58	0	0	0	0.107726	0.124999
100	0	0	58	0	0	1	0.124999	0.129948
100	0	0	58	0	0	0	0.129948	0.137258
100	0	0	58	0	0	1	0.137258	0.158287
100	0	0	58	0	0	0	0.158287	0.17678
100	0	0	58	0	0	1	0.17678	0.181708
100	0	0	58	0	0	0	0.181708	0.210448
100	0	0	58	0	0	1	0.210448	0.270893
100	0	0	58	0	0	0	0.270893	0.305633
100	0	0	58	0	0	1	0.305633	0.393484
100	0	0	58	0	0	0	0.393484	0.399639
100	0	0	58	0	0	1	0.399639	0.427
##	100	0	0	58	0	0
100	0	0	58	0	1	1	0	0.11495
100	0	0	58	0	1	0	0.11495	0.120703
100	0	0	58	0	1	1	0.120703	0.188199
100	0	0	58	0	1	0	0.188199	0.203138
100	0	0	58	0	1	1	0.203138	0.233871
100	0	0	58	0	1	0	0.233871	0.238712
100	0	0	58	0	1	1	0.238712	0.344885
100	0	0	58	0	1	0	0.344885	0.358349
100	0	0	58	0	1	1	0.358349	0.381506
100	0	0	58	0	1	0	0.381506	0.383042
100	0	0	58	0	1	1	0.383042	0.427
##	100	0	0	58	0	1
##	100	0	0	58	mtdna	1
100	0	0	59	0	0	1	0	0.0606761
100	0	0	59	0	0	0	0.0606761	0.0674768
100	0	0	59	0	0	1	0.0674768	0.118039
100	0	0	59	0	0	0	0.118039	0.16496
100	0	0	59	0	0	1	0.16496	0.341184
100	0	0	59	0	0	0	0.341184	0.356034
100	0	0	59	0	0	1	0.356034	0.366779
100	0	0	59	0	0	0	0.366779	0.368861
100	0	0	59	0	0	1	0.368861	0.385774
100	0	0	59	0	0	0	0.385774	0.412053
100	0	0	59	0	0	1	0.412053	0.427
##	100	0	0	59	0	0	0.2
100	0	0	59	0	1	1	0	0.075067
100	0	0	59	0	1	0	0.075067	0.0769264
100	0	0	59	0	1	1	0.0769264	0.111986
100	0	0	59	0	1	0	0.111986	0.130221
100	0	0	59	0	1	1	0.130221	0.177523
100	0	0	59	0	1	0	0.177523	0.184413
100	0	0	59	0	1	1	0.184413	0.185817
100	0	0	59	0	1	0	0.185817	0.193496
100	0	0	59	0	1	1	0.193496	0.209615
100	0	0	59	0	1	0	0.209615	0.219064
100	0	0	59	0	1	1	0.219064	0.338598
100	0	0	59	0	1	0	0.338598	0.340512
100	0	0	59	0	1	1	0.340512	0.341762
100	0	0	59	0	1	0	0.341762	0.344429
100	0	0	59	0	1	1	0.344429	0.427
##	100	0	0	59	0	1	0.2
##	100	0	0	59	mtdna	1
100	0	0	60	0	0	1	0	0.180657
100	0	0	60	0	0	0	0.180657	0.181972
100	0	0	60	0	0	1	0.181972	0.212556
100	0	0	60	0	0	0	0.212556	0.21287
100	0	0	60	0	0	1	0.21287	0.243144
100	0	0	60	0	0	0	0.243144	0.244183
100	0	0	60	0	0	1	0.244183	0.273188
100	0	0	60	0	0	0	0.273188	0.276946
100	0	0	60	0	0	1	0.276946	0.353737
100	0	0	60	0	0	0	0.353737	0.354115
100	0	0	60	0	0	1	0.354115	0.354796
100	0	0	60	0	0	0	0.354796	0.357008
100	0	0	60	0	0	1	0.357008	0.427
##	100	0	0	60	0	0	0.2
100	0	0	60	0	1	0	0	0.0106743
100	0	0	60	0	1	1	0.0106743	0.0556754
100	0	0	60	0	1	0	0.0556754	0.0577457
100	0	0	60	0	1	1	0.0577457	0.0915722
100	0	0	60	0	1	0	0.0915722	0.0923479
100	0	0	60	0	1	1	0.0923479	0.168882
100	0	0	60	0	1	0	0.168882	0.188433
100	0	0	60	0	1	1	0.188433	0.216757
100	0	0	60	0	1	0	0.216757	0.25275
100	0	0	60	0	1	1	0.25275	0.401876
100	0	0	60	0	1	0	0.401876	0.406086
100	0	0	60	0	1	1	0.406086	0.427
##	100	0	0	60	0	1	0.2
##	100	0	0	60	mtdna	0
100	0	0	61	0	0	0	0	0.00636813
100	0	0	61	0	0	1	0.00636813	0.0536696
100	0	0	61	0	0	0	0.0536696	0.0708318
100	0	0	61	0	0	1	0.0708318	0.124931
100	0	0	61	0	0	0	0.124931	0.129489
100	0	0	61	0	0	1	0.129489	0.359707
100	0	0	61	0	0	0	0.359707	0.371524
100	0	0	61	0	0	1	0.371524	0.4223
100	0	0	61	0	0	0	0.4223	0.426168
100	0	0	61	0	0	1	0.426168	0.427
##	100	0	0	61	0	0	0.2
100	0	0	61	0	1	1	0	0.0336407
100	0	0	61	0	1	0	0.0336407	0.0346331
100	0	0	61	0	1	1	0.0346331	0.0423496
100	0	0	61	0	1	0	0.0423496	0.0671829
100	0	0	61	0	1	1	0.0671829	0.104317
100	0	0	61	0	1	0	0.104317	0.118708
100	0	0	61	0	1	1	0.118708	0.142077
100	0	0	61	0	1	0	0.142077	0.145596
100	0	0	61	0	1	1	0.145596	0.213359
100	0	0	61	0	1	0	0.213359	0.223513
100	0	0	61	0	1	1	0.223513	0.281249
100	0	0	61	0	1	0	0.281249	0.286786
100	0	0	61	0	1	1	0.286786	0.373884
100	0	0	61	0	1	0	0.373884	0.374269
100	0	0	61	0	1	1	0.374269	0.427
##	100	0	0	61	0	1	0.2
##	100	0	0	61	mtdna	1
100	0	0	62	0	0	0	0	0.00696249
100	0	0	62	0	0	1	0.00696249	0.137979
100	0	0	62	0	0	0	0.137979	0.151457
100	0	0	62	0	0	1	0.151457	0.228776
100	0	0	62	0	0	0	0.228776	0.232532
100	0	0	62	0	0	1	0.232532	0.27063
100	0	0	62	0	0	0	0.27063	0.27816
100	0	0	62	0	0	1	0.27816	0.289989
100	0	0	62	0	0	0	0.289989	0.292431
100	0	0	62	0	0	1	0.292431	0.407842
100	0	0	62	0	0	0	0.407842	0.427
##	100	0	0	62	0	0	0.2
100	0	0	62	0	1	0	0	0.000836759
100	0	0	62	0	1	1	0.000836759	0.190386
100	0	0	62	0	1	0	0.190386	0.195252
100	0	0	62	0	1	1	0.195252	0.198048
100	0	0	62	0	1	0	0.198048	0.214272
100	0	0	62	0	1	1	0.214272	0.318945
100	0	0	62	0	1	0	0.318945	0.328439
100	0	0	62	0	1	1	0.328439	0.427
##	100	0	0	62	0	1
##	100	0	0	62	mtdna	1
100	0	0	63	0	0	1	0	0.0913348
100	0	0	63	0	0	0	0.0913348	0.0984489
100	0	0	63	0	0	1	0.0984489	0.108881
100	0	0	63	0	0	0	0.108881	0.132852
100	0	0	63	0	0	1	0.132852	0.240433
100	0	0	63	0	0	0	0.240433	0.25153
100	0	0	63	0	0	1	0.25153	0.380969
100	0	0	63	0	0	0	0.380969	0.40345
100	0	0	63	0	0	1	0.40345	0.427
##	100	0	0	63	0	0	0.2
100	0	0	63	0	1	1	0	0.0825247
100	0	0	63	0	1	0	0.0825247	0.0850768
100	0	0	63	0	1	1	0.0850768	0.113842
100	0	0	63	0	1	0	0.113842	0.120958
100	0	0	63	0	1	1	0.120958	0.285843
100	0	0	63	0	1	0	0.285843	0.290788
100	0	0	63	0	1	1	0.290788	0.344715
100	0	0	63	0	1	0	0.344715	0.351547
100	0	0	63	0	1	1	0.351547	0.393903
100	0	0	63	0	1	0	0.393903	0.40035
100	0	0	63	0	1	1	0.40035	0.423151
100	0	0	63	0	1	0	0.423151	0.427
##	100	0	0	63	0	1	0.2
##	100	0	0	63	mtdna	1
100	0	0	64	0	0	0	0	0.00021513
100	0	0	64	0	0	1	0.00021513	0.105389
100	0	0	64	0	0	0	0.105389	0.118621
100	0	0	64	0	0	1	0.118621	0.184915
100	0	0	64	0	0	0	0.184915	0.197661
100	0	0	64	0	0	1	0.197661	0.21195
100	0	0	64	0	0	0	0.21195	0.235335
100	0	0	64	0	0	1	0.235335	0.334306
100	0	0	64	0	0	0	0.334306	0.3469
100	0	0	64	0	0	1	0.3469	0.427
##	100	0	0	64	0	0	0.2
100	0	0	64	0	1	1	0	0.222516
100	0	0	64	0	1	0	0.222516	0.230404
100	0	0	64	0	1	1	0.230404	0.232347
100	0	0	64	0	1	0	0.232347	0.252047
100	0	0	64	0	1	1	0.252047	0.427
##	100	0	0	64	0	1	0.2
##	100	0	0	64	mtdna	1
100	0	0	65	0	0	0	0	0.00197819
100	0	0	65	0	0	1	0.00197819	0.0799667
100	0	0	65	0	0	0	0.0799667	0.0846424
100	0	0	65	0	0	1	0.0846424	0.191905
100	0	0	65	0	0	0	0.191905	0.222249
100	0	0	65	0	0	1	0.222249	0.427
##	100	0	0	65	0	0
100	0	0	65	0	1	1	0	0.0113751
100	0	0	65	0	1	0	0.0113751	0.0129412
100	0	0	65	0	1	1	0.0129412	0.198594
100	0	0	65	0	1	0	0.198594	0.211714
100	0	0	65	0	1	1	0.211714	0.299216
100	0	0	65	0	1	0	0.299216	0.300443
100	0	0	65	0	1	1	0.300443	0.398783
100	0	0	65	0	1	0	0.398783	0.420173
100	0	0	65	0	1	1	0.420173	0.427
##	100	0	0	65	0	1
##	100	0	0	65	mtdna	1
100	0	0	66	0	0	0	0	0.00547635
100	0	0	66	0	0	1	0.00547635	0.161176
100	0	0	66	0	0	0	0.161176	0.169964
100	0	0	66	0	0	1	0.169964	0.207217
100	0	0	66	0	0	0	0.207217	0.210501
100	0	0	66	0	0	1	0.210501	0.262073
100	0	0	66	0	0	0	0.262073	0.28144
100	0	0	66	0	0	1	0.28144	0.338737
100	0	0	66	0	0	0	0.338737	0.344192
100	0	0	66	0	0	1	0.344192	0.427
##	100	0	0	66	0	0	0.2
100	0	0	66	0	1	1	0	0.0696679
100	0	0	66	0	1	0	0.0696679	0.069775
100	0	0	66	0	1	1	0.069775	0.0924386
100	0	0	66	0	1	0	0.0924386	0.110992
100	0	0	66	0	1	1	0.110992	0.172463
100	0	0	66	0	1	0	0.172463	0.189177
100	0	0	66	0	1	1	0.189177	0.359594
100	0	0	66	0	1	0	0.359594	0.366646
100	0	0	66	0	1	1	0.366646	0.391701
100	0	0	66	0	1	0	0.391701	0.395535
100	0	0	66	0	1	1	0.395535	0.427
##	100	0	0	66	0	1	0.2
##	100	0	0	66	mtdna	1
100	0	0	67	0	0	0	0	0.00237057
100	0	0	67	0	0	1	0.00237057	0.0846153
100	0	0	67	0	0	0	0.0846153	0.0873986
100	0	0	67	0	0	1	0.0873986	0.305231
100	0	0	67	0	0	0	0.305231	0.312842
100	0	0	67	0	0	1	0.312842	0.423083
100	0	0	67	0	0	0	0.423083	0.427
##	100	0	0	67	0	0	0.2
100	0	0	67	0	1	1	0	0.071518
100	0	0	67	0	1	0	0.071518	0.0742982
100	0	0	67	0	1	1	0.0742982	0.159712
100	0	0	67	0	1	0	0.159712	0.167731
100	0	0	67	0	1	1	0.167731	0.189741
100	0	0	67	0	1	0	0.189741	0.214033
100	0	0	67	0	1	1	0.214033	0.238739
100	0	0	67	0	1	0	0.238739	0.248294
100	0	0	67	0	1	1	0.248294	0.380965
100	0	0	67	0	1	0	0.380965	0.383299
100	0	0	67	0	1	1	0.383299	0.427
##	100	0	0	67	0	1
##	100	0	0	67	mtdna	1
100	0	0	68	0	0	1	0	0.0557294
100	0	0	68	0	0	0	0.0557294	0.0566302
100	0	0	68	0	0	1	0.0566302	0.0863666
100	0	0	68	0	0	0	0.0863666	0.0882527
100	0	0	68	0	0	1	0.0882527	0.174811
100	0	0	68	0	0	0	0.174811	0.188346
100	0	0	68	0	0	1	0.188346	0.25751
100	0	0	68	0	0	0	0.25751	0.259994
100	0	0	68	0	0	1	0.259994	0.266401
100	0	0	68	0	0	0	0.266401	0.291969
100	0	0	68	0	0	1	0.291969	0.301211
100	0	0	68	0	0	0	0.301211	0.325064
100	0	0	68	0	0	1	0.325064	0.335601
100	0	0	68	0	0	0	0.335601	0.337377
100	0	0	68	0	0	1	0.337377	0.347849
100	0	0	68	0	0	0	0.347849	0.359872
100	0	0	68	0	0	1	0.359872	0.427
##	100	0	0	68	0	0	0.2
100	0	0	68	0	1	1	0	0.00379019
100	0	0	68	0	1	0	0.00379019	0.0346546
100	0	0	68	0	1	1	0.0346546	0.0543487
100	0	0	68	0	1	0	0.0543487	0.0575063
100	0	0	68	0	1	1	0.0575063	0.12375
100	0	0	68	0	1	0	0.12375	0.134965
100	0	0	68	0	1	1	0.134965	0.21717
100	0	0	68	0	1	0	0.21717	0.22546
100	0	0	68	0	1	1	0.22546	0.243476
100	0	0	68	0	1	0	0.243476	0.256412
100	0	0	68	0	1	1	0.256412	0.268954
100	0	0	68	0	1	0	0.268954	0.271181
100	0	0	68	0	1	1	0.271181	0.356816
100	0	0	68	0	1	0	0.356816	0.394348
100	0	0	68	0	1	1	0.394348	0.427
##	100	0	0	68	0	1	0.2
##	100	0	0	68	mtdna	1
100	0	0	69	0	0	1	0	0.0958216
100	0	0	69	0	0	0	0.0958216	0.103595
100	0	0	69	0	0	1	0.103595	0.190574
100	0	0	69	0	0	0	0.190574	0.200629
100	0	0	69	0	0	1	0.200629	0.243969
100	0	0	69	0	0	0	0.243969	0.247611
100	0	0	69	0	0	1	0.247611	0.258148
100	0	0	69	0	0	0	0.258148	0.267595
100	0	0	69	0	0	1	0.267595	0.312952
100	0	0	69	0	0	0	0.312952	0.319827
100	0	0	69	0	0	1	0.319827	0.353962
100	0	0	69	0	0	0	0.353962	0.368952
100	0	0	69	0	0	1	0.368952	0.427
##	100	0	0	69	0	0
100	0	0	69	0	1	1	0	0.199135
100	0	0	69	0	1	0	0.199135	0.210617
100	0	0	69	0	1	1	0.210617	0.214338
100	0	0	69	0	1	0	0.214338	0.219603
100	0	0	69	0	1	1	0.219603	0.427
##	100	0	0	69	0	1
##	100	0	0	69	mtdna	1
100	0	0	70	0	0	1	0	0.0600478
100	0	0	70	0	0	0	0.0600478	0.10997
100	0	0	70	0	0	1	0.10997	0.161353
100	0	0	70	0	0	0	0.161353	0.163873
100	0	0	70	0	0	1	0.163873	0.172679
100	0	0	70	0	0	0	0.172679	0.228595
100	0	0	70	0	0	1	0.228595	0.256341
100	0	0	70	0	0	0	0.256341	0.258508
100	0	0	70	0	0	1	0.258508	0.427
##	100	0	0	70	0	0
100	0	0	70	0	1	0	0	0.00237057
100	0	0	70	0	1	1	0.00237057	0.10784
100	0	0	70	0	1	0	0.10784	0.117097
100	0	0	70	0	1	1	0.117097	0.427
##	100	0	0	70	0	1	0.2
##	100	0	0	70	mtdna	1
100	0	0	71	0	0	0	0	0.0034435
100	0	0	71	0	0	1	0.0034435	0.118047
100	0	0	71	0	0	0	0.118047	0.118199
100	0	0	71	0	0	1	0.118199	0.216677
100	0	0	71	0	0	0	0.216677	0.268771
100	0	0	71	0	0	1	0.268771	0.294369
100	0	0	71	0	0	0	0.294369	0.305728
100	0	0	71	0	0	1	0.305728	0.427
##	100	0	0	71	0	0	0.2
100	0	0	71	0	1	1	0	0.00306457
100	0	0	71	0	1	0	0.00306457	0.0185771
100	0	0	71	0	1	1	0.0185771	0.0305814
100	0	0	71	0	1	0	0.0305814	0.0306993
100	0	0	71	0	1	1	0.0306993	0.197938
100	0	0	71	0	1	0	0.197938	0.202524
100	0	0	71	0	1	1	0.202524	0.227831
100	0	0	71	0	1	0	0.227831	0.252737
100	0	0	71	0	1	1	0.252737	0.337442
100	0	0	71	0	1	0	0.337442	0.349154
100	0	0	71	0	1	1	0.349154	0.377965
100	0	0	71	0	1	0	0.377965	0.383715
100	0	0	71	0	1	1	0.383715	0.408989
100	0	0	71	0	1	0	0.408989	0.413792
100	0	0	71	0	1	1	0.413792	0.427
##	100	0	0	71	0	1
##	100	0	0	71	mtdna	1
100	0	0	72	0	0	1	0	0.0208238
100	0	0	72	0	0	0	0.0208238	0.0236167
100	0	0	72	0	0	1	0.0236167	0.0322856
100	0	0	72	0	0	0	0.0322856	0.0327571
100	0	0	72	0	0	1	0.0327571	0.0359088
100	0	0	72	0	0	0	0.0359088	0.0783247
100	0	0	72	0	0	1	0.0783247	0.156111
100	0	0	72	0	0	0	0.156111	0.176274
100	0	0	72	0	0	1	0.176274	0.207564
100	0	0	72	0	0	0	0.207564	0.213255
100	0	0	72	0	0	1	0.213255	0.249909
100	0	0	72	0	0	0	0.249909	0.266291
100	0	0	72	0	0	1	0.266291	0.369332
100	0	0	72	0	0	0	0.369332	0.380009
100	0	0	72	0	0	1	0.380009	0.427
##	100	0	0	72	0	0	0.2
100	0	0	72	0	1	0	0	0.0218824
100	0	0	72	0	1	1	0.0218824	0.156111
100	0	0	72	0	1	0	0.156111	0.199451
100	0	0	72	0	1	1	0.199451	0.199883
100	0	0	72	0	1	0	0.199883	0.212664
100	0	0	72	0	1	1	0.212664	0.427
##	100	0	0	72	0	1
##	100	0	0	72	mtdna	1
100	0	0	73	0	0	1	0	0.034821
100	0	0	73	0	0	0	0.034821	0.0791047
100	0	0	73	0	0	1	0.0791047	0.216525
100	0	0	73	0	0	0	0.216525	0.228964
100	0	0	73	0	0	1	0.228964	0.337442
100	0	0	73	0	0	0	0.337442	0.349154
100	0	0	73	0	0	1	0.349154	0.427
##	100	0	0	73	0	0	0.2
100	0	0	73	0	1	0	0	0.0162893
100	0	0	73	0	1	1	0.0162893	0.0448894
100	0	0	73	0	1	0	0.0448894	0.0678065
100	0	0	73	0	1	1	0.0678065	0.0899631
100	0	0	73	0	1	0	0.0899631	0.101299
100	0	0	73	0	1	1	0.101299	0.170131
100	0	0	73	0	1	0	0.170131	0.19313
100	0	0	73	0	1	1	0.19313	0.193435
100	0	0	73	0	1	0	0.193435	0.193817
100	0	0	73	0	1	1	0.193817	0.427
##	100	0	0	73	0	1	0.2
##	100	0	0	73	mtdna	1
100	0	0	74	0	0	1	0	0.007648
100	0	0	74	0	0	0	0.007648	0.00851527
100	0	0	74	0	0	1	0.00851527	0.090182
100	0	0	74	0	0	0	0.090182	0.0904708
100	0	0	74	0	0	1	0.0904708	0.118478
100	0	0	74	0	0	0	0.118478	0.132768
100	0	0	74	0	0	1	0.132768	0.24446
100	0	0	74	0	0	0	0.24446	0.251441
100	0	0	74	0	0	1	0.251441	0.327443
100	0	0	74	0	0	0	0.327443	0.342747
100	0	0	74	0	0	1	0.342747	0.372134
100	0	0	74	0	0	0	0.372134	0.388761
100	0	0	74	0	0	1	0.388761	0.427
##	100	0	0	74	0	0	0.2
100	0	0	74	0	1	0	0	0.0149019
100	0	0	74	0	1	1	0.0149019	0.0886848
100	0	0	74	0	1	0	0.0886848	0.10481
100	0	0	74	0	1	1	0.10481	0.115055
100	0	0	74	0	1	0	0.115055	0.117904
100	0	0	74	0	1	1	0.117904	0.135808
100	0	0	74	0	1	0	0.135808	0.16083
100	0	0	74	0	1	1	0.16083	0.197747
100	0	0	74	0	1	0	0.197747	0.199538
100	0	0	74	0	1	1	0.199538	0.228605
100	0	0	74	0	1	0	0.228605	0.228749
100	0	0	74	0	1	1	0.228749	0.251637
100	0	0	74	0	1	0	0.251637	0.254011
100	0	0	74	0	1	1	0.254011	0.315255
100	0	0	74	0	1	0	0.315255	0.318976
100	0	0	74	0	1	1	0.318976	0.419669
100	0	0	74	0	1	0	0.419669	0.427
##	100	0	0	74	0	1	0.2
##	100	0	0	74	mtdna	0
100	0	0	75	0	0	0	0	0.00578676
100	0	0	75	0	0	1	0.00578676	0.0172498
100	0	0	75	0	0	0	0.0172498	0.0409738
100	0	0	75	0	0	1	0.0409738	0.109283
100	0	0	75	0	0	0	0.109283	0.109557
100	0	0	75	0	0	1	0.109557	0.18326
100	0	0	75	0	0	0	0.18326	0.187571
100	0	0	75	0	0	1	0.187571	0.200438
100	0	0	75	0	0	0	0.200438	0.218581
100	0	0	75	0	0	1	0.218581	0.238051
100	0	0	75	0	0	0	0.238051	0.239191
100	0	0	75	0	0	1	0.239191	0.26789
100	0	0	75	0	0	0	0.26789	0.282602
100	0	0	75	0	0	1	0.282602	0.418044
100	0	0	75	0	0	0	0.418044	0.427
##	100	0	0	75	0	0	0.2
100	0	0	75	0	1	0	0	0.027004
100	0	0	75	0	1	1	0.027004	0.13918
100	0	0	75	0	1	0	0.13918	0.153414
100	0	0	75	0	1	1	0.153414	0.274628
100	0	0	75	0	1	0	0.274628	0.292493
100	0	0	75	0	1	1	0.292493	0.334221
100	0	0	75	0	1	0	0.334221	0.358349
100	0	0	75	0	1	1	0.358349	0.427
##	100	0	0	75	0	1	0.2
##	100	0	0	75	mtdna	1
100	0	0	76	0	0	1	0	0.0408467
100	0	0	76	0	0	0	0.0408467	0.0434518
100	0	0	76	0	0	1	0.0434518	0.344153
100	0	0	76	0	0	0	0.344153	0.367472
100	0	0	76	0	0	1	0.367472	0.427
##	100	0	0	76	0	0	0.2
100	0	0	76	0	1	1	0	0.0685712
100	0	0	76	0	1	0	0.0685712	0.0733488
100	0	0	76	0	1	1	0.0733488	0.134755
100	0	0	76	0	1	0	0.134755	0.14399
100	0	0	76	0	1	1	0.14399	0.174263
100	0	0	76	0	1	0	0.174263	0.174772
100	0	0	76	0	1	1	0.174772	0.210976
100	0	0	76	0	1	0	0.210976	0.212034
100	0	0	76	0	1	1	0.212034	0.390071
100	0	0	76	0	1	0	0.390071	0.391218
100	0	0	76	0	1	1	0.391218	0.427
##	100	0	0	76	0	1	0.2
##	100	0	0	76	mtdna	1
100	0	0	77	0	0	1	0	0.0508818
100	0	0	77	0	0	0	0.0508818	0.0553162
100	0	0	77	0	0	1	0.0553162	0.08113
100	0	0	77	0	0	0	0.08113	0.0850872
100	0	0	77	0	0	1	0.0850872	0.156111
100	0	0	77	0	0	0	0.156111	0.186481
100	0	0	77	0	0	1	0.186481	0.305787
100	0	0	77	0	0	0	0.305787	0.310006
100	0	0	77	0	0	1	0.310006	0.364499
100	0	0	77	0	0	0	0.364499	0.366071
100	0	0	77	0	0	1	0.366071	0.380969
100	0	0	77	0	0	0	0.380969	0.40345
100	0	0	77	0	0	1	0.40345	0.427
##	100	0	0	77	0	0	0.2
100	0	0	77	0	1	1	0	0.0188647
100	0	0	77	0	1	0	0.0188647	0.0228913
100	0	0	77	0	1	1	0.0228913	0.0812077
100	0	0	77	0	1	0	0.0812077	0.101077
100	0	0	77	0	1	1	0.101077	0.125295
100	0	0	77	0	1	0	0.125295	0.23071
100	0	0	77	0	1	1	0.23071	0.427
##	100	0	0	77	0	1
##	100	0	0	77	mtdna	1
100	0	0	78	0	0	1	0	0.0808355
100	0	0	78	0	0	0	0.0808355	0.0954766
100	0	0	78	0	0	1	0.0954766	0.108178
100	0	0	78	0	0	0	0.108178	0.12681
100	0	0	78	0	0	1	0.12681	0.145847
100	0	0	78	0	0	0	0.145847	0.207827
100	0	0	78	0	0	1	0.207827	0.383461
100	0	0	78	0	0	0	0.383461	0.384048
100	0	0	78	0	0	1	0.384048	0.405806
100	0	0	78	0	0	0	0.405806	0.408404
100	0	0	78	0	0	1	0.408404	0.42696
100	0	0	78	0	0	0	0.42696	0.427
##	100	0	0	78	0	0
100	0	0	78	0	1	0	0	0.012252
100	0	0	78	0	1	1	0.012252	0.0475007
100	0	0	78	0	1	0	0.0475007	0.0758788
100	0	0	78	0	1	1	0.0758788	0.0891122
100	0	0	78	0	1	0	0.0891122	0.0948325
100	0	0	78	0	1	1	0.0948325	0.119206
100	0	0	78	0	1	0	0.119206	0.144462
100	0	0	78	0	1	1	0.144462	0.193757
100	0	0	78	0	1	0	0.193757	0.211073
100	0	0	78	0	1	1	0.211073	0.427
##	100	0	0	78	0	1
##	100	0	0	78	mtdna	1
100	0	0	79	0	0	1	0	0.000989376
100	0	0	79	0	0	0	0.000989376	0.00304911
100	0	0	79	0	0	1	0.00304911	0.103436
100	0	0	79	0	0	0	0.103436	0.145287
100	0	0	79	0	0	1	0.145287	0.196524
100	0	0	79	0	0	0	0.196524	0.20046
100	0	0	79	0	0	1	0.20046	0.321959
100	0	0	79	0	0	0	0.321959	0.329077
100	0	0	79	0	0	1	0.329077	0.356979
100	0	0	79	0	0	0	0.356979	0.398554
100	0	0	79	0	0	1	0.398554	0.427
##	100	0	0	79	0	0
100	0	0	79	0	1	1	0	0.0721603
100	0	0	79	0	1	0	0.0721603	0.0757035
100	0	0	79	0	1	1	0.0757035	0.116277
100	0	0	79	0	1	0	0.116277	0.124241
100	0	0	79	0	1	1	0.124241	0.163238
100	0	0	79	0	1	0	0.163238	0.163512
100	0	0	79	0	1	1	0.163512	0.194187
100	0	0	79	0	1	0	0.194187	0.204419
100	0	0	79	0	1	1	0.204419	0.214649
100	0	0	79	0	1	0	0.214649	0.230565
100	0	0	79	0	1	1	0.230565	0.386145
100	0	0	79	0	1	0	0.386145	0.414454
100	0	0	79	0	1	1	0.414454	0.423092
100	0	0	79	0	1	0	0.423092	0.427
##	100	0	0	79	0	1
##	100	0	0	79	mtdna	1
100	0	0	80	0	0	1	0	0.0631892
100	0	0	80	0	0	0	0.0631892	0.0788249
100	0	0	80	0	0	1	0.0788249	0.34006
100	0	0	80	0	0	0	0.34006	0.341387
100	0	0	80	0	0	1	0.341387	0.359333
100	0	0	80	0	0	0	0.359333	0.359724
100	0	0	80	0	0	1	0.359724	0.427
##	100	0	0	80	0	0	0.2
100	0	0	80	0	1	1	0	0.0316814
100	0	0	80	0	1	0	0.0316814	0.050032
100	0	0	80	0	1	1	0.050032	0.105504
100	0	0	80	0	1	0	0.105504	0.120284
100	0	0	80	0	1	1	0.120284	0.215902
100	0	0	80	0	1	0	0.215902	0.250246
100	0	0	80	0	1	1	0.250246	0.373472
100	0	0	80	0	1	0	0.373472	0.384375
100	0	0	80	0	1	1	0.384375	0.419066
100	0	0	80	0	1	0	0.419066	0.421239
100	0	0	80	0	1	1	0.421239	0.427
##	100	0	0	80	0	1	0.2
##	100	0	0	80	mtdna	1
100	0	0	81	0	0	1	0	0.148749
100	0	0	81	0	0	0	0.148749	0.152224
100	0	0	81	0	0	1	0.152224	0.191952
100	0	0	81	0	0	0	0.191952	0.19257
100	0	0	81	0	0	1	0.19257	0.199578
100	0	0	81	0	0	0	0.199578	0.211073
100	0	0	81	0	0	1	0.211073	0.427
##	100	0	0	81	0	0
100	0	0	81	0	1	0	0	0.0144209
100	0	0	81	0	1	1	0.0144209	0.0728124
100	0	0	81	0	1	0	0.0728124	0.0782653
100	0	0	81	0	1	1	0.0782653	0.0849765
100	0	0	81	0	1	0	0.0849765	0.0903458
100	0	0	81	0	1	1	0.0903458	0.100291
100	0	0	81	0	1	0	0.100291	0.117848
100	0	0	81	0	1	1	0.117848	0.209254
100	0	0	81	0	1	0	0.209254	0.22011
100	0	0	81	0	1	1	0.22011	0.226452
100	0	0	81	0	1	0	0.226452	0.234359
100	0	0	81	0	1	1	0.234359	0.365708
100	0	0	81	0	1	0	0.365708	0.389891
100	0	0	81	0	1	1	0.389891	0.427
##	100	0	0	81	0	1	0.2
##	100	0	0	81	mtdna	1
100	0	0	82	0	0	1	0	0.133837
100	0	0	82	0	0	0	0.133837	0.146819
100	0	0	82	0	0	1	0.146819	0.241339
100	0	0	82	0	0	0	0.241339	0.248987
100	0	0	82	0	0	1	0.248987	0.285092
100	0	0	82	0	0	0	0.285092	0.289695
100	0	0	82	0	0	1	0.289695	0.360609
100	0	0	82	0	0	0	0.360609	0.361085
100	0	0	82	0	0	1	0.361085	0.427
##	100	0	0	82	0	0	0.2
100	0	0	82	0	1	1	0	0.212586
100	0	0	82	0	1	0	0.212586	0.228203
100	0	0	82	0	1	1	0.228203	0.272353
100	0	0	82	0	1	0	0.272353	0.278084
100	0	0	82	0	1	1	0.278084	0.427
##	100	0	0	82	0	1	0.2
##	100	0	0	82	mtdna	1
100	0	0	83	0	0	1	0	0.158042
100	0	0	83	0	0	0	0.158042	0.162914
100	0	0	83	0	0	1	0.162914	0.362928
100	0	0	83	0	0	0	0.362928	0.381176
100	0	0	83	0	0	1	0.381176	0.411029
100	0	0	83	0	0	0	0.411029	0.424494
100	0	0	83	0	0	1	0.424494	0.427
##	100	0	0	83	0	0	0.2
100	0	0	83	0	1	1	0	0.159012
100	0	0	83	0	1	0	0.159012	0.165727
100	0	0	83	0	1	1	0.165727	0.18512
100	0	0	83	0	1	0	0.18512	0.188853
100	0	0	83	0	1	1	0.188853	0.193202
100	0	0	83	0	1	0	0.193202	0.1953
100	0	0	83	0	1	1	0.1953	0.231102
100	0	0	83	0	1	0	0.231102	0.246799
100	0	0	83	0	1	1	0.246799	0.327707
100	0	0	83	0	1	0	0.327707	0.359724
100	0	0	83	0	1	1	0.359724	0.383803
100	0	0	83	0	1	0	0.383803	0.384969
100	0	0	83	0	1	1	0.384969	0.427
##	100	0	0	83	0	1	0.2
##	100	0	0	83	mtdna	1
100	0	0	84	0	0	1	0	0.1377
100	0	0	84	0	0	0	0.1377	0.138251
100	0	0	84	0	0	1	0.138251	0.204786
100	0	0	84	0	0	0	0.204786	0.207732
100	0	0	84	0	0	1	0.207732	0.239231
100	0	0	84	0	0	0	0.239231	0.264273
100	0	0	84	0	0	1	0.264273	0.31477
100	0	0	84	0	0	0	0.31477	0.325975
100	0	0	84	0	0	1	0.325975	0.417575
100	0	0	84	0	0	0	0.417575	0.42334
100	0	0	84	0	0	1	0.42334	0.427
##	100	0	0	84	0	0	0.2
100	0	0	84	0	1	1	0	0.196655
100	0	0	84	0	1	0	0.196655	0.199056
100	0	0	84	0	1	1	0.199056	0.369805
100	0	0	84	0	1	0	0.369805	0.383088
100	0	0	84	0	1	1	0.383088	0.427
##	100	0	0	84	0	1	0.2
##	100	0	0	84	mtdna	1
100	0	0	85	0	0	1	0	0.0963282
100	0	0	85	0	0	0	0.0963282	0.0967569
100	0	0	85	0	0	1	0.0967569	0.11565
100	0	0	85	0	0	0	0.11565	0.142815
100	0	0	85	0	0	1	0.142815	0.242428
100	0	0	85	0	0	0	0.242428	0.248903
100	0	0	85	0	0	1	0.248903	0.267956
100	0	0	85	0	0	0	0.267956	0.291969
100	0	0	85	0	0	1	0.291969	0.328306
100	0	0	85	0	0	0	0.328306	0.333943
100	0	0	85	0	0	1	0.333943	0.384663
100	0	0	85	0	0	0	0.384663	0.39326
100	0	0	85	0	0	1	0.39326	0.415601
100	0	0	85	0	0	0	0.415601	0.427
##	100	0	0	85	0	0	0.2
100	0	0	85	0	1	1	0	0.0284684
100	0	0	85	0	1	0	0.0284684	0.0395848
100	0	0	85	0	1	1	0.0395848	0.133966
100	0	0	85	0	1	0	0.133966	0.141108
100	0	0	85	0	1	1	0.141108	0.166818
100	0	0	85	0	1	0	0.166818	0.177248
100	0	0	85	0	1	1	0.177248	0.343299
100	0	0	85	0	1	0	0.343299	0.348188
100	0	0	85	0	1	1	0.348188	0.353344
100	0	0	85	0	1	0	0.353344	0.360205
100	0	0	85	0	1	1	0.360205	0.427
##	100	0	0	85	0	1	0.2
##	100	0	0	85	mtdna	1
100	0	0	86	0	0	1	0	0.0528691
100	0	0	86	0	0	0	0.0528691	0.068802
100	0	0	86	0	0	1	0.068802	0.156738
100	0	0	86	0	0	0	0.156738	0.164182
100	0	0	86	0	0	1	0.164182	0.194127
100	0	0	86	0	0	0	0.194127	0.249339
100	0	0	86	0	0	1	0.249339	0.379048
100	0	0	86	0	0	0	0.379048	0.379684
100	0	0	86	0	0	1	0.379684	0.427
##	100	0	0	86	0	0
100	0	0	86	0	1	1	0	0.0275034
100	0	0	86	0	1	0	0.0275034	0.0451101
100	0	0	86	0	1	1	0.0451101	0.13484
100	0	0	86	0	1	0	0.13484	0.161114
100	0	0	86	0	1	1	0.161114	0.257578
100	0	0	86	0	1	0	0.257578	0.267676
100	0	0	86	0	1	1	0.267676	0.296021
100	0	0	86	0	1	0	0.296021	0.343374
100	0	0	86	0	1	1	0.343374	0.364054
100	0	0	86	0	1	0	0.364054	0.379637
100	0	0	86	0	1	1	0.379637	0.417476
100	0	0	86	0	1	0	0.417476	0.427
##	100	0	0	86	0	1	0.2
##	100	0	0	86	mtdna	1
100	0	0	87	0	0	1	0	0.0306442
100	0	0	87	0	0	0	0.0306442	0.0309146
100	0	0	87	0	0	1	0.0309146	0.207618
100	0	0	87	0	0	0	0.207618	0.213414
100	0	0	87	0	0	1	0.213414	0.25002
100	0	0	87	0	0	0	0.25002	0.313694
100	0	0	87	0	0	1	0.313694	0.393271
100	0	0	87	0	0	0	0.393271	0.427
##	100	0	0	87	0	0	0.2
100	0	0	87	0	1	1	0	0.0355848
100	0	0	87	0	1	0	0.0355848	0.0358185
100	0	0	87	0	1	1	0.0358185	0.121488
100	0	0	87	0	1	0	0.121488	0.126921
100	0	0	87	0	1	1	0.126921	0.135173
100	0	0	87	0	1	0	0.135173	0.135464
100	0	0	87	0	1	1	0.135464	0.141318
100	0	0	87	0	1	0	0.141318	0.143131
100	0	0	87	0	1	1	0.143131	0.151971
100	0	0	87	0	1	0	0.151971	0.163824
100	0	0	87	0	1	1	0.163824	0.207508
100	0	0	87	0	1	0	0.207508	0.220033
100	0	0	87	0	1	1	0.220033	0.2297
100	0	0	87	0	1	0	0.2297	0.236169
100	0	0	87	0	1	1	0.236169	0.326787
100	0	0	87	0	1	0	0.326787	0.331056
100	0	0	87	0	1	1	0.331056	0.427
##	100	0	0	87	0	1	0.2
##	100	0	0	87	mtdna	0
100	0	0	88	0	0	1	0	0.0340577
100	0	0	88	0	0	0	0.0340577	0.0661691
100	0	0	88	0	0	1	0.0661691	0.198673
100	0	0	88	0	0	0	0.198673	0.205338
100	0	0	88	0	0	1	0.205338	0.229789
100	0	0	88	0	0	0	0.229789	0.229959
100	0	0	88	0	0	1	0.229959	0.26507
100	0	0	88	0	0	0	0.26507	0.268457
100	0	0	88	0	0	1	0.268457	0.302521
100	0	0	88	0	0	0	0.302521	0.314353
100	0	0	88	0	0	1	0.314353	0.327122
100	0	0	88	0	0	0	0.327122	0.345851
100	0	0	88	0	0	1	0.345851	0.382128
100	0	0	88	0	0	0	0.382128	0.385275
100	0	0	88	0	0	1	0.385275	0.42471
100	0	0	88	0	0	0	0.42471	0.427
##	100	0	0	88	0	0
100	0	0	88	0	1	1	0	0.031748
100	0	0	88	0	1	0	0.031748	0.0321512
100	0	0	88	0	1	1	0.0321512	0.0625343
100	0	0	88	0	1	0	0.0625343	0.0771111
100	0	0	88	0	1	1	0.0771111	0.0900602
100	0	0	88	0	1	0	0.0900602	0.0932747
100	0	0	88	0	1	1	0.0932747	0.309034
100	0	0	88	0	1	0	0.309034	0.320582
100	0	0	88	0	1	1	0.320582	0.427
##	100	0	0	88	0	1	0.2
##	100	0	0	88	mtdna	1
100	0	0	89	0	0	1	0	0.0279884
100	0	0	89	0	0	0	0.0279884	0.0292878
100	0	0	89	0	0	1	0.0292878	0.0766724
100	0	0	89	0	0	0	0.0766724	0.0821507
100	0	0	89	0	0	1	0.0821507	0.103662
100	0	0	89	0	0	0	0.103662	0.110645
100	0	0	89	0	0	1	0.110645	0.135241
100	0	0	89	0	0	0	0.135241	0.139368
100	0	0	89	0	0	1	0.139368	0.143122
100	0	0	89	0	0	0	0.143122	0.144871
100	0	0	89	0	0	1	0.144871	0.226317
100	0	0	89	0	0	0	0.226317	0.227557
100	0	0	89	0	0	1	0.227557	0.300284
100	0	0	89	0	0	0	0.300284	0.308573
100	0	0	89	0	0	1	0.308573	0.338522
100	0	0	89	0	0	0	0.338522	0.340057
100	0	0	89	0	0	1	0.340057	0.343641
100	0	0	89	0	0	0	0.343641	0.348606
100	0	0	89	0	0	1	0.348606	0.418764
100	0	0	89	0	0	0	0.418764	0.423915
100	0	0	89	0	0	1	0.423915	0.427
##	100	0	0	89	0	0	0.2
100	0	0	89	0	1	1	0	0.0351489
100	0	0	89	0	1	0	0.0351489	0.081189
100	0	0	89	0	1	1	0.081189	0.208919
100	0	0	89	0	1	0	0.208919	0.232745
100	0	0	89	0	1	1	0.232745	0.25037
100	0	0	89	0	1	0	0.25037	0.265393
100	0	0	89	0	1	1	0.265393	0.300119
100	0	0	89	0	1	0	0.300119	0.322327
100	0	0	89	0	1	1	0.322327	0.339464
100	0	0	89	0	1	0	0.339464	0.347092
100	0	0	89	0	1	1	0.347092	0.413725
100	0	0	89	0	1	0	0.413725	0.426326
100	0	0	89	0	1	1	0.426326	0.427
##	100	0	0	89	0	1	0.2
##	100	0	0	89	mtdna	0
100	0	0	90	0	0	1	0	0.00363871
100	0	0	90	0	0	0	0.00363871	0.00768159
100	0	0	90	0	0	1	0.00768159	0.0328825
100	0	0	90	0	0	0	0.0328825	0.0455911
100	0	0	90	0	0	1	0.0455911	0.0835144
100	0	0	90	0	0	0	0.0835144	0.084194
100	0	0	90	0	0	1	0.084194	0.140474
100	0	0	90	0	0	0	0.140474	0.148763
100	0	0	90	0	0	1	0.148763	0.17279
100	0	0	90	0	0	0	0.17279	0.18793
100	0	0	90	0	0	1	0.18793	0.239113
100	0	0	90	0	0	0	0.239113	0.239889
100	0	0	90	0	0	1	0.239889	0.40788
100	0	0	90	0	0	0	0.40788	0.427
##	100	0	0	90	0	0	0.2
100	0	0	90	0	1	1	0	0.0438206
100	0	0	90	0	1	0	0.0438206	0.0622567
100	0	0	90	0	1	1	0.0622567	0.18512
100	0	0	90	0	1	0	0.18512	0.187493
100	0	0	90	0	1	1	0.187493	0.195516
100	0	0	90	0	1	0	0.195516	0.195621
100	0	0	90	0	1	1	0.195621	0.356419
100	0	0	90	0	1	0	0.356419	0.370935
100	0	0	90	0	1	1	0.370935	0.427
##	100	0	0	90	0	1	0.2
##	100	0	0	90	mtdna	1
100	0	0	91	0	0	1	0	0.0146334
100	0	0	91	0	0	0	0.0146334	0.0149756
100	0	0	91	0	0	1	0.0149756	0.165524
100	0	0	91	0	0	0	0.165524	0.206927
100	0	0	91	0	0	1	0.206927	0.300158
100	0	0	91	0	0	0	0.300158	0.300828
100	0	0	91	0	0	1	0.300828	0.410642
100	0	0	91	0	0	0	0.410642	0.427
##	100	0	0	91	0	0
100	0	0	91	0	1	1	0	0.0684342
100	0	0	91	0	1	0	0.0684342	0.0824313
100	0	0	91	0	1	1	0.0824313	0.176168
100	0	0	91	0	1	0	0.176168	0.195452
100	0	0	91	0	1	1	0.195452	0.201532
100	0	0	91	0	1	0	0.201532	0.211799
100	0	0	91	0	1	1	0.211799	0.334221
100	0	0	91	0	1	0	0.334221	0.341242
100	0	0	91	0	1	1	0.341242	0.368128
100	0	0	91	0	1	0	0.368128	0.383515
100	0	0	91	0	1	1	0.383515	0.427
##	100	0	0	91	0	1	0.2
##	100	0	0	91	mtdna	0
100	0	0	92	0	0	1	0	0.077322
100	0	0	92	0	0	0	0.077322	0.081511
100	0	0	92	0	0	1	0.081511	0.146006
100	0	0	92	0	0	0	0.146006	0.151873
100	0	0	92	0	0	1	0.151873	0.276249
100	0	0	92	0	0	0	0.276249	0.27723
100	0	0	92	0	0	1	0.27723	0.372937
100	0	0	92	0	0	0	0.372937	0.375904
100	0	0	92	0	0	1	0.375904	0.427
##	100	0	0	92	0	0	0.2
100	0	0	92	0	1	1	0	0.0331517
100	0	0	92	0	1	0	0.0331517	0.0400442
100	0	0	92	0	1	1	0.0400442	0.165524
100	0	0	92	0	1	0	0.165524	0.217942
100	0	0	92	0	1	1	0.217942	0.231625
100	0	0	92	0	1	0	0.231625	0.244523
100	0	0	92	0	1	1	0.244523	0.410591
100	0	0	92	0	1	0	0.410591	0.421856
100	0	0	92	0	1	1	0.421856	0.427
##	100	0	0	92	0	1
##	100	0	0	92	mtdna	1
100	0	0	93	0	0	1	0	0.0245492
100	0	0	93	0	0	0	0.0245492	0.0300688
100	0	0	93	0	0	1	0.0300688	0.115579
100	0	0	93	0	0	0	0.115579	0.132861
100	0	0	93	0	0	1	0.132861	0.16148
100	0	0	93	0	0	0	0.16148	0.167114
100	0	0	93	0	0	1	0.167114	0.256017
100	0	0	93	0	0	0	0.256017	0.26023
100	0	0	93	0	0	1	0.26023	0.327443
100	0	0	93	0	0	0	0.327443	0.341132
100	0	0	93	0	0	1	0.341132	0.354056
100	0	0	93	0	0	0	0.354056	0.355044
100	0	0	93	0	0	1	0.355044	0.427
##	100	0	0	93	0	0	0.2
100	0	0	93	0	1	1	0	0.0775488
100	0	0	93	0	1	0	0.0775488	0.0898243
100	0	0	93	0	1	1	0.0898243	0.213114
100	0	0	93	0	1	0	0.213114	0.226875
100	0	0	93	0	1	1	0.226875	0.317382
100	0	0	93	0	1	0	0.317382	0.369968
100	0	0	93	0	1	1	0.369968	0.396919
100	0	0	93	0	1	0	0.396919	0.408688
100	0	0	93	0	1	1	0.408688	0.427
##	100	0	0	93	0	1	0.2
##	100	0	0	93	mtdna	1
100	0	0	94	0	0	1	0	0.332599
100	0	0	94	0	0	0	0.332599	0.362573
100	0	0	94	0	0	1	0.362573	0.364073
100	0	0	94	0	0	0	0.364073	0.373052
100	0	0	94	0	0	1	0.373052	0.418847
100	0	0	94	0	0	0	0.418847	0.427
##	100	0	0	94	0	0	0.2
100	0	0	94	0	1	0	0	0.0169921
100	0	0	94	0	1	1	0.0169921	0.100452
100	0	0	94	0	1	0	0.100452	0.13626
100	0	0	94	0	1	1	0.13626	0.189316
100	0	0	94	0	1	0	0.189316	0.216133
100	0	0	94	0	1	1	0.216133	0.366058
100	0	0	94	0	1	0	0.366058	0.392369
100	0	0	94	0	1	1	0.392369	0.427
##	100	0	0	94	0	1
##	100	0	0	94	mtdna	1
100	0	0	95	0	0	1	0	0.00359035
100	0	0	95	0	0	0	0.00359035	0.03031
100	0	0	95	0	0	1	0.03031	0.190748
100	0	0	95	0	0	0	0.190748	0.22312
100	0	0	95	0	0	1	0.22312	0.306788
100	0	0	95	0	0	0	0.306788	0.307871
100	0	0	95	0	0	1	0.307871	0.314039
100	0	0	95	0	0	0	0.314039	0.337998
100	0	0	95	0	0	1	0.337998	0.392134
100	0	0	95	0	0	0	0.392134	0.423682
100	0	0	95	0	0	1	0.423682	0.427
##	100	0	0	95	0	0
100	0	0	95	0	1	1	0	0.165256
100	0	0	95	0	1	0	0.165256	0.166484
100	0	0	95	0	1	1	0.166484	0.261665
100	0	0	95	0	1	0	0.261665	0.274523
100	0	0	95	0	1	1	0.274523	0.312167
100	0	0	95	0	1	0	0.312167	0.326807
100	0	0	95	0	1	1	0.326807	0.419899
100	0	0	95	0	1	0	0.419899	0.427
##	100	0	0	95	0	1	0.2
##	100	0	0	95	mtdna	0
100	0	0	96	0	0	0	0	0.00892955
100	0	0	96	0	0	1	0.00892955	0.0734291
100	0	0	96	0	0	0	0.0734291	0.081511
100	0	0	96	0	0	1	0.081511	0.198502
100	0	0	96	0	0	0	0.198502	0.207308
100	0	0	96	0	0	1	0.207308	0.353535
100	0	0	96	0	0	0	0.353535	0.353864
100	0	0	96	0	0	1	0.353864	0.427
##	100	0	0	96	0	0
100	0	0	96	0	1	1	0	0.0243512
100	0	0	96	0	1	0	0.0243512	0.0262862
100	0	0	96	0	1	1	0.0262862	0.0272106
100	0	0	96	0	1	0	0.0272106	0.0406465
100	0	0	96	0	1	1	0.0406465	0.100929
100	0	0	96	0	1	0	0.100929	0.107939
100	0	0	96	0	1	1	0.107939	0.223004
100	0	0	96	0	1	0	0.223004	0.230052
100	0	0	96	0	1	1	0.230052	0.25801
100	0	0	96	0	1	0	0.25801	0.334837
100	0	0	96	0	1	1	0.334837	0.364395
100	0	0	96	0	1	0	0.364395	0.377644
100	0	0	96	0	1	1	0.377644	0.405434
100	0	0	96	0	1	0	0.405434	0.411127
100	0	0	96	0	1	1	0.411127	0.427
##	100	0	0	96	0	1	0.2
##	100	0	0	96	mtdna	1
100	0	0	97	0	0	0	0	0.00721587
100	0	0	97	0	0	1	0.00721587	0.100751
100	0	0	97	0	0	0	0.100751	0.137084
100	0	0	97	0	0	1	0.137084	0.227561
100	0	0	97	0	0	0	0.227561	0.230718
100	0	0	97	0	0	1	0.230718	0.26274
100	0	0	97	0	0	0	0.26274	0.264273
100	0	0	97	0	0	1	0.264273	0.282209
100	0	0	97	0	0	0	0.282209	0.282268
100	0	0	97	0	0	1	0.282268	0.284934
100	0	0	97	0	0	0	0.284934	0.29963
100	0	0	97	0	0	1	0.29963	0.38491
100	0	0	97	0	0	0	0.38491	0.396823
100	0	0	97	0	0	1	0.396823	0.427
##	100	0	0	97	0	0	0.2
100	0	0	97	0	1	0	0	0.00780577
100	0	0	97	0	1	1	0.00780577	0.0241273
100	0	0	97	0	1	0	0.0241273	0.0301639
100	0	0	97	0	1	1	0.0301639	0.0598118
100	0	0	97	0	1	0	0.0598118	0.0617794
100	0	0	97	0	1	1	0.0617794	0.194326
100	0	0	97	0	1	0	0.194326	0.206282
100	0	0	97	0	1	1	0.206282	0.2245
100	0	0	97	0	1	0	0.2245	0.229321
100	0	0	97	0	1	1	0.229321	0.310743
100	0	0	97	0	1	0	0.310743	0.32384
100	0	0	97	0	1	1	0.32384	0.427
##	100	0	0	97	0	1
##	100	0	0	97	mtdna	1
100	0	0	98	0	0	1	0	0.00971227
100	0	0	98	0	0	0	0.00971227	0.010372
100	0	0	98	0	0	1	0.010372	0.0415986
100	0	0	98	0	0	0	0.0415986	0.0572838
100	0	0	98	0	0	1	0.0572838	0.251031
100	0	0	98	0	0	0	0.251031	0.253894
100	0	0	98	0	0	1	0.253894	0.298475
100	0	0	98	0	0	0	0.298475	0.328927
100	0	0	98	0	0	1	0.328927	0.359611
100	0	0	98	0	0	0	0.359611	0.361085
100	0	0	98	0	0	1	0.361085	0.402031
100	0	0	98	0	0	0	0.402031	0.425169
100	0	0	98	0	0	1	0.425169	0.427
##	100	0	0	98	0	0	0.2
100	0	0	98	0	1	1	0	0.036259
100	0	0	98	0	1	0	0.036259	0.0459533
100	0	0	98	0	1	1	0.0459533	0.0982274
100	0	0	98	0	1	0	0.0982274	0.123364
100	0	0	98	0	1	1	0.123364	0.183253
100	0	0	98	0	1	0	0.183253	0.188016
100	0	0	98	0	1	1	0.188016	0.377314
100	0	0	98	0	1	0	0.377314	0.383436
100	0	0	98	0	1	1	0.383436	0.397633
100	0	0	98	0	1	0	0.397633	0.421187
100	0	0	98	0	1	1	0.421187	0.427
##	100	0	0	98	0	1	0.2
##	100	0	0	98	mtdna	1
100	0	0	99	0	0	1	0	0.00367095
100	0	0	99	0	0	0	0.00367095	0.0177241
100	0	0	99	0	0	1	0.0177241	0.239563
100	0	0	99	0	0	0	0.239563	0.239889
100	0	0	99	0	0	1	0.239889	0.326854
100	0	0	99	0	0	0	0.326854	0.341878
100	0	0	99	0	0	1	0.341878	0.423074
100	0	0	99	0	0	0	0.423074	0.427
##	100	0	0	99	0	0	0.2
100	0	0	99	0	1	1	0	0.359707
100	0	0	99	0	1	0	0.359707	0.371524
100	0	0	99	0	1	1	0.371524	0.427
##	100	0	0	99	0	1	0.2
##	100	0	0	99	mtdna	1
100	0	0	100	0	0	1	0	0.00499699
100	0	0	100	0	0	0	0.00499699	0.0237008
100	0	0	100	0	0	1	0.0237008	0.0917872
100	0	0	100	0	0	0	0.0917872	0.0923641
100	0	0	100	0	0	1	0.0923641	0.0974772
100	0	0	100	0	0	0	0.0974772	0.110645
100	0	0	100	0	0	1	0.110645	0.135241
100	0	0	100	0	0	0	0.135241	0.139368
100	0	0	100	0	0	1	0.139368	0.197349
100	0	0	100	0	0	0	0.197349	0.208041
100	0	0	100	0	0	1	0.208041	0.367748
100	0	0	100	0	0	0	0.367748	0.391826
100	0	0	100	0	0	1	0.391826	0.427
##	100	0	0	100	0	0
100	0	0	100	0	1	1	0	0.207329
100	0	0	100	0	1	0	0.207329	0.208841
100	0	0	100	0	1	1	0.208841	0.242122
100	0	0	100	0	1	0	0.242122	0.249025
100	0	0	100	0	1	1	0.249025	0.427
##	100	0	0	100	0	1	0.2
##	100	0	0	100	mtdna	1
