200	0	0	1	0	0	1	0	0.283683
200	0	0	1	0	0	0	0.283683	0.288824
200	0	0	1	0	0	1	0.288824	0.333142
200	0	0	1	0	0	0	0.333142	0.347079
200	0	0	1	0	0	1	0.347079	0.350297
200	0	0	1	0	0	0	0.350297	0.352707
200	0	0	1	0	0	1	0.352707	0.361044
200	0	0	1	0	0	0	0.361044	0.361552
200	0	0	1	0	0	1	0.361552	0.427
##	200	0	0	1	0	0	0.2
200	0	0	1	0	1	1	0	0.0389685
200	0	0	1	0	1	0	0.0389685	0.0398286
200	0	0	1	0	1	1	0.0398286	0.04506
200	0	0	1	0	1	0	0.04506	0.0503866
200	0	0	1	0	1	1	0.0503866	0.0631783
200	0	0	1	0	1	0	0.0631783	0.0753764
200	0	0	1	0	1	1	0.0753764	0.139664
200	0	0	1	0	1	0	0.139664	0.143042
200	0	0	1	0	1	1	0.143042	0.162986
200	0	0	1	0	1	0	0.162986	0.163388
200	0	0	1	0	1	1	0.163388	0.204412
200	0	0	1	0	1	0	0.204412	0.206558
200	0	0	1	0	1	1	0.206558	0.316138
200	0	0	1	0	1	0	0.316138	0.319077
200	0	0	1	0	1	1	0.319077	0.333675
200	0	0	1	0	1	0	0.333675	0.336208
200	0	0	1	0	1	1	0.336208	0.427
##	200	0	0	1	0	1	0.2
##	200	0	0	1	mtdna	1
200	0	0	2	0	0	1	0	0.135051
200	0	0	2	0	0	0	0.135051	0.138718
200	0	0	2	0	0	1	0.138718	0.154202
200	0	0	2	0	0	0	0.154202	0.164524
200	0	0	2	0	0	1	0.164524	0.166696
200	0	0	2	0	0	0	0.166696	0.167043
200	0	0	2	0	0	1	0.167043	0.190755
200	0	0	2	0	0	0	0.190755	0.215801
200	0	0	2	0	0	1	0.215801	0.251066
200	0	0	2	0	0	0	0.251066	0.25448
200	0	0	2	0	0	1	0.25448	0.311574
200	0	0	2	0	0	0	0.311574	0.314494
200	0	0	2	0	0	1	0.314494	0.354264
200	0	0	2	0	0	0	0.354264	0.358418
200	0	0	2	0	0	1	0.358418	0.420903
200	0	0	2	0	0	0	0.420903	0.423881
200	0	0	2	0	0	1	0.423881	0.427
##	200	0	0	2	0	0
200	0	0	2	0	1	1	0	0.0267077
200	0	0	2	0	1	0	0.0267077	0.0270839
200	0	0	2	0	1	1	0.0270839	0.0389377
200	0	0	2	0	1	0	0.0389377	0.0394793
200	0	0	2	0	1	1	0.0394793	0.136279
200	0	0	2	0	1	0	0.136279	0.137393
200	0	0	2	0	1	1	0.137393	0.203467
200	0	0	2	0	1	0	0.203467	0.214473
200	0	0	2	0	1	1	0.214473	0.235068
200	0	0	2	0	1	0	0.235068	0.248274
200	0	0	2	0	1	1	0.248274	0.299136
200	0	0	2	0	1	0	0.299136	0.300307
200	0	0	2	0	1	1	0.300307	0.309986
200	0	0	2	0	1	0	0.309986	0.312864
200	0	0	2	0	1	1	0.312864	0.334187
200	0	0	2	0	1	0	0.334187	0.334794
200	0	0	2	0	1	1	0.334794	0.427
##	200	0	0	2	0	1	0.2
##	200	0	0	2	mtdna	1
200	0	0	3	0	0	1	0	0.222102
200	0	0	3	0	0	0	0.222102	0.223986
200	0	0	3	0	0	1	0.223986	0.241882
200	0	0	3	0	0	0	0.241882	0.242029
200	0	0	3	0	0	1	0.242029	0.262119
200	0	0	3	0	0	0	0.262119	0.266686
200	0	0	3	0	0	1	0.266686	0.396107
200	0	0	3	0	0	0	0.396107	0.397581
200	0	0	3	0	0	1	0.397581	0.427
##	200	0	0	3	0	0	0.2
200	0	0	3	0	1	1	0	0.147853
200	0	0	3	0	1	0	0.147853	0.151986
200	0	0	3	0	1	1	0.151986	0.192767
200	0	0	3	0	1	0	0.192767	0.19446
200	0	0	3	0	1	1	0.19446	0.264659
200	0	0	3	0	1	0	0.264659	0.267407
200	0	0	3	0	1	1	0.267407	0.369874
200	0	0	3	0	1	0	0.369874	0.370423
200	0	0	3	0	1	1	0.370423	0.377351
200	0	0	3	0	1	0	0.377351	0.377381
200	0	0	3	0	1	1	0.377381	0.427
##	200	0	0	3	0	1	0.2
##	200	0	0	3	mtdna	1
200	0	0	4	0	0	1	0	0.105508
200	0	0	4	0	0	0	0.105508	0.115736
200	0	0	4	0	0	1	0.115736	0.137931
200	0	0	4	0	0	0	0.137931	0.140146
200	0	0	4	0	0	1	0.140146	0.227109
200	0	0	4	0	0	0	0.227109	0.230875
200	0	0	4	0	0	1	0.230875	0.280467
200	0	0	4	0	0	0	0.280467	0.282185
200	0	0	4	0	0	1	0.282185	0.316388
200	0	0	4	0	0	0	0.316388	0.322292
200	0	0	4	0	0	1	0.322292	0.427
##	200	0	0	4	0	0	0.2
200	0	0	4	0	1	1	0	0.0279176
200	0	0	4	0	1	0	0.0279176	0.0306214
200	0	0	4	0	1	1	0.0306214	0.0413271
200	0	0	4	0	1	0	0.0413271	0.0466551
200	0	0	4	0	1	1	0.0466551	0.198121
200	0	0	4	0	1	0	0.198121	0.202244
200	0	0	4	0	1	1	0.202244	0.219274
200	0	0	4	0	1	0	0.219274	0.219448
200	0	0	4	0	1	1	0.219448	0.224747
200	0	0	4	0	1	0	0.224747	0.224808
200	0	0	4	0	1	1	0.224808	0.397489
200	0	0	4	0	1	0	0.397489	0.398467
200	0	0	4	0	1	1	0.398467	0.427
##	200	0	0	4	0	1
##	200	0	0	4	mtdna	1
200	0	0	5	0	0	1	0	0.132776
200	0	0	5	0	0	0	0.132776	0.143502
200	0	0	5	0	0	1	0.143502	0.145042
200	0	0	5	0	0	0	0.145042	0.146877
200	0	0	5	0	0	1	0.146877	0.337312
200	0	0	5	0	0	0	0.337312	0.34836
200	0	0	5	0	0	1	0.34836	0.373458
200	0	0	5	0	0	0	0.373458	0.376346
200	0	0	5	0	0	1	0.376346	0.427
##	200	0	0	5	0	0	0.2
200	0	0	5	0	1	1	0	0.15175
200	0	0	5	0	1	0	0.15175	0.152395
200	0	0	5	0	1	1	0.152395	0.202175
200	0	0	5	0	1	0	0.202175	0.237308
200	0	0	5	0	1	1	0.237308	0.334434
200	0	0	5	0	1	0	0.334434	0.342978
200	0	0	5	0	1	1	0.342978	0.427
##	200	0	0	5	0	1	0.2
##	200	0	0	5	mtdna	1
200	0	0	6	0	0	1	0	0.032802
200	0	0	6	0	0	0	0.032802	0.0363547
200	0	0	6	0	0	1	0.0363547	0.212161
200	0	0	6	0	0	0	0.212161	0.212528
200	0	0	6	0	0	1	0.212528	0.26917
200	0	0	6	0	0	0	0.26917	0.272161
200	0	0	6	0	0	1	0.272161	0.427
##	200	0	0	6	0	0	0.2
200	0	0	6	0	1	1	0	0.0807839
200	0	0	6	0	1	0	0.0807839	0.085836
200	0	0	6	0	1	1	0.085836	0.139655
200	0	0	6	0	1	0	0.139655	0.142225
200	0	0	6	0	1	1	0.142225	0.193968
200	0	0	6	0	1	0	0.193968	0.195899
200	0	0	6	0	1	1	0.195899	0.198608
200	0	0	6	0	1	0	0.198608	0.2079
200	0	0	6	0	1	1	0.2079	0.249676
200	0	0	6	0	1	0	0.249676	0.250046
200	0	0	6	0	1	1	0.250046	0.333725
200	0	0	6	0	1	0	0.333725	0.336764
200	0	0	6	0	1	1	0.336764	0.37838
200	0	0	6	0	1	0	0.37838	0.380839
200	0	0	6	0	1	1	0.380839	0.386113
200	0	0	6	0	1	0	0.386113	0.386645
200	0	0	6	0	1	1	0.386645	0.391607
200	0	0	6	0	1	0	0.391607	0.396794
200	0	0	6	0	1	1	0.396794	0.427
##	200	0	0	6	0	1
##	200	0	0	6	mtdna	1
200	0	0	7	0	0	1	0	0.139655
200	0	0	7	0	0	0	0.139655	0.142225
200	0	0	7	0	0	1	0.142225	0.214745
200	0	0	7	0	0	0	0.214745	0.216963
200	0	0	7	0	0	1	0.216963	0.276267
200	0	0	7	0	0	0	0.276267	0.276734
200	0	0	7	0	0	1	0.276734	0.349968
200	0	0	7	0	0	0	0.349968	0.358509
200	0	0	7	0	0	1	0.358509	0.427
##	200	0	0	7	0	0	0.2
200	0	0	7	0	1	1	0	0.212328
200	0	0	7	0	1	0	0.212328	0.223815
200	0	0	7	0	1	1	0.223815	0.389488
200	0	0	7	0	1	0	0.389488	0.392226
200	0	0	7	0	1	1	0.392226	0.427
##	200	0	0	7	0	1	0.2
##	200	0	0	7	mtdna	1
200	0	0	8	0	0	1	0	0.106881
200	0	0	8	0	0	0	0.106881	0.124925
200	0	0	8	0	0	1	0.124925	0.285617
200	0	0	8	0	0	0	0.285617	0.288749
200	0	0	8	0	0	1	0.288749	0.299136
200	0	0	8	0	0	0	0.299136	0.300307
200	0	0	8	0	0	1	0.300307	0.309986
200	0	0	8	0	0	0	0.309986	0.312864
200	0	0	8	0	0	1	0.312864	0.398902
200	0	0	8	0	0	0	0.398902	0.405416
200	0	0	8	0	0	1	0.405416	0.427
##	200	0	0	8	0	0	0.2
200	0	0	8	0	1	1	0	0.0612606
200	0	0	8	0	1	0	0.0612606	0.0618985
200	0	0	8	0	1	1	0.0618985	0.0887688
200	0	0	8	0	1	0	0.0887688	0.0970994
200	0	0	8	0	1	1	0.0970994	0.241208
200	0	0	8	0	1	0	0.241208	0.244156
200	0	0	8	0	1	1	0.244156	0.24577
200	0	0	8	0	1	0	0.24577	0.250823
200	0	0	8	0	1	1	0.250823	0.26863
200	0	0	8	0	1	0	0.26863	0.272986
200	0	0	8	0	1	1	0.272986	0.279874
200	0	0	8	0	1	0	0.279874	0.281128
200	0	0	8	0	1	1	0.281128	0.334434
200	0	0	8	0	1	0	0.334434	0.342978
200	0	0	8	0	1	1	0.342978	0.427
##	200	0	0	8	0	1	0.2
##	200	0	0	8	mtdna	1
200	0	0	9	0	0	1	0	0.197312
200	0	0	9	0	0	0	0.197312	0.201244
200	0	0	9	0	0	1	0.201244	0.225998
200	0	0	9	0	0	0	0.225998	0.228918
200	0	0	9	0	0	1	0.228918	0.427
##	200	0	0	9	0	0
200	0	0	9	0	1	1	0	0.0444787
200	0	0	9	0	1	0	0.0444787	0.0464278
200	0	0	9	0	1	1	0.0464278	0.172455
200	0	0	9	0	1	0	0.172455	0.183622
200	0	0	9	0	1	1	0.183622	0.221222
200	0	0	9	0	1	0	0.221222	0.227781
200	0	0	9	0	1	1	0.227781	0.241612
200	0	0	9	0	1	0	0.241612	0.241712
200	0	0	9	0	1	1	0.241712	0.427
##	200	0	0	9	0	1	0.2
##	200	0	0	9	mtdna	0
200	0	0	10	0	0	1	0	0.00239191
200	0	0	10	0	0	0	0.00239191	0.00552994
200	0	0	10	0	0	1	0.00552994	0.0604365
200	0	0	10	0	0	0	0.0604365	0.0919763
200	0	0	10	0	0	1	0.0919763	0.221601
200	0	0	10	0	0	0	0.221601	0.227068
200	0	0	10	0	0	1	0.227068	0.232289
200	0	0	10	0	0	0	0.232289	0.251727
200	0	0	10	0	0	1	0.251727	0.256279
200	0	0	10	0	0	0	0.256279	0.263461
200	0	0	10	0	0	1	0.263461	0.357145
200	0	0	10	0	0	0	0.357145	0.363479
200	0	0	10	0	0	1	0.363479	0.427
##	200	0	0	10	0	0	0.2
200	0	0	10	0	1	1	0	0.00679813
200	0	0	10	0	1	0	0.00679813	0.0182819
200	0	0	10	0	1	1	0.0182819	0.0932399
200	0	0	10	0	1	0	0.0932399	0.0952503
200	0	0	10	0	1	1	0.0952503	0.124812
200	0	0	10	0	1	0	0.124812	0.128636
200	0	0	10	0	1	1	0.128636	0.193968
200	0	0	10	0	1	0	0.193968	0.202194
200	0	0	10	0	1	1	0.202194	0.216269
200	0	0	10	0	1	0	0.216269	0.217098
200	0	0	10	0	1	1	0.217098	0.257905
200	0	0	10	0	1	0	0.257905	0.263078
200	0	0	10	0	1	1	0.263078	0.322011
200	0	0	10	0	1	0	0.322011	0.323049
200	0	0	10	0	1	1	0.323049	0.39321
200	0	0	10	0	1	0	0.39321	0.394699
200	0	0	10	0	1	1	0.394699	0.397455
200	0	0	10	0	1	0	0.397455	0.399568
200	0	0	10	0	1	1	0.399568	0.427
##	200	0	0	10	0	1
##	200	0	0	10	mtdna	1
200	0	0	11	0	0	1	0	0.0426591
200	0	0	11	0	0	0	0.0426591	0.0437933
200	0	0	11	0	0	1	0.0437933	0.124875
200	0	0	11	0	0	0	0.124875	0.125628
200	0	0	11	0	0	1	0.125628	0.194767
200	0	0	11	0	0	0	0.194767	0.200766
200	0	0	11	0	0	1	0.200766	0.217705
200	0	0	11	0	0	0	0.217705	0.220763
200	0	0	11	0	0	1	0.220763	0.3094
200	0	0	11	0	0	0	0.3094	0.312372
200	0	0	11	0	0	1	0.312372	0.399232
200	0	0	11	0	0	0	0.399232	0.4122
200	0	0	11	0	0	1	0.4122	0.427
##	200	0	0	11	0	0
200	0	0	11	0	1	1	0	0.124875
200	0	0	11	0	1	0	0.124875	0.127273
200	0	0	11	0	1	1	0.127273	0.244587
200	0	0	11	0	1	0	0.244587	0.248652
200	0	0	11	0	1	1	0.248652	0.294402
200	0	0	11	0	1	0	0.294402	0.308881
200	0	0	11	0	1	1	0.308881	0.313441
200	0	0	11	0	1	0	0.313441	0.314494
200	0	0	11	0	1	1	0.314494	0.340931
200	0	0	11	0	1	0	0.340931	0.344465
200	0	0	11	0	1	1	0.344465	0.409293
200	0	0	11	0	1	0	0.409293	0.415042
200	0	0	11	0	1	1	0.415042	0.427
##	200	0	0	11	0	1	0.2
##	200	0	0	11	mtdna	1
200	0	0	12	0	0	1	0	0.00499449
200	0	0	12	0	0	0	0.00499449	0.00733229
200	0	0	12	0	0	1	0.00733229	0.0188112
200	0	0	12	0	0	0	0.0188112	0.0188237
200	0	0	12	0	0	1	0.0188237	0.0549717
200	0	0	12	0	0	0	0.0549717	0.0627851
200	0	0	12	0	0	1	0.0627851	0.0963761
200	0	0	12	0	0	0	0.0963761	0.1089
200	0	0	12	0	0	1	0.1089	0.133519
200	0	0	12	0	0	0	0.133519	0.140146
200	0	0	12	0	0	1	0.140146	0.150728
200	0	0	12	0	0	0	0.150728	0.159257
200	0	0	12	0	0	1	0.159257	0.208185
200	0	0	12	0	0	0	0.208185	0.21349
200	0	0	12	0	0	1	0.21349	0.245305
200	0	0	12	0	0	0	0.245305	0.250701
200	0	0	12	0	0	1	0.250701	0.413696
200	0	0	12	0	0	0	0.413696	0.41784
200	0	0	12	0	0	1	0.41784	0.427
##	200	0	0	12	0	0	0.2
200	0	0	12	0	1	1	0	0.0273115
200	0	0	12	0	1	0	0.0273115	0.0298259
200	0	0	12	0	1	1	0.0298259	0.0578023
200	0	0	12	0	1	0	0.0578023	0.0614866
200	0	0	12	0	1	1	0.0614866	0.196979
200	0	0	12	0	1	0	0.196979	0.202053
200	0	0	12	0	1	1	0.202053	0.233772
200	0	0	12	0	1	0	0.233772	0.241419
200	0	0	12	0	1	1	0.241419	0.25674
200	0	0	12	0	1	0	0.25674	0.266805
200	0	0	12	0	1	1	0.266805	0.280076
200	0	0	12	0	1	0	0.280076	0.28321
200	0	0	12	0	1	1	0.28321	0.401679
200	0	0	12	0	1	0	0.401679	0.409567
200	0	0	12	0	1	1	0.409567	0.427
##	200	0	0	12	0	1
##	200	0	0	12	mtdna	1
200	0	0	13	0	0	1	0	0.241738
200	0	0	13	0	0	0	0.241738	0.245553
200	0	0	13	0	0	1	0.245553	0.276411
200	0	0	13	0	0	0	0.276411	0.277584
200	0	0	13	0	0	1	0.277584	0.283311
200	0	0	13	0	0	0	0.283311	0.283422
200	0	0	13	0	0	1	0.283422	0.365695
200	0	0	13	0	0	0	0.365695	0.366212
200	0	0	13	0	0	1	0.366212	0.427
##	200	0	0	13	0	0	0.2
200	0	0	13	0	1	1	0	0.236151
200	0	0	13	0	1	0	0.236151	0.238797
200	0	0	13	0	1	1	0.238797	0.313584
200	0	0	13	0	1	0	0.313584	0.319458
200	0	0	13	0	1	1	0.319458	0.327792
200	0	0	13	0	1	0	0.327792	0.331288
200	0	0	13	0	1	1	0.331288	0.353089
200	0	0	13	0	1	0	0.353089	0.353215
200	0	0	13	0	1	1	0.353215	0.392788
200	0	0	13	0	1	0	0.392788	0.392858
200	0	0	13	0	1	1	0.392858	0.427
##	200	0	0	13	0	1	0.2
##	200	0	0	13	mtdna	1
200	0	0	14	0	0	1	0	0.022321
200	0	0	14	0	0	0	0.022321	0.0256583
200	0	0	14	0	0	1	0.0256583	0.21634
200	0	0	14	0	0	0	0.21634	0.217532
200	0	0	14	0	0	1	0.217532	0.294531
200	0	0	14	0	0	0	0.294531	0.297628
200	0	0	14	0	0	1	0.297628	0.427
##	200	0	0	14	0	0	0.2
200	0	0	14	0	1	1	0	0.153805
200	0	0	14	0	1	0	0.153805	0.153883
200	0	0	14	0	1	1	0.153883	0.179927
200	0	0	14	0	1	0	0.179927	0.181891
200	0	0	14	0	1	1	0.181891	0.220891
200	0	0	14	0	1	0	0.220891	0.230681
200	0	0	14	0	1	1	0.230681	0.257299
200	0	0	14	0	1	0	0.257299	0.261958
200	0	0	14	0	1	1	0.261958	0.419717
200	0	0	14	0	1	0	0.419717	0.421035
200	0	0	14	0	1	1	0.421035	0.426474
200	0	0	14	0	1	0	0.426474	0.427
##	200	0	0	14	0	1	0.2
##	200	0	0	14	mtdna	1
200	0	0	15	0	0	1	0	0.00322335
200	0	0	15	0	0	0	0.00322335	0.00433778
200	0	0	15	0	0	1	0.00433778	0.0714075
200	0	0	15	0	0	0	0.0714075	0.0757146
200	0	0	15	0	0	1	0.0757146	0.0862851
200	0	0	15	0	0	0	0.0862851	0.115645
200	0	0	15	0	0	1	0.115645	0.171743
200	0	0	15	0	0	0	0.171743	0.190882
200	0	0	15	0	0	1	0.190882	0.213441
200	0	0	15	0	0	0	0.213441	0.214058
200	0	0	15	0	0	1	0.214058	0.427
##	200	0	0	15	0	0	0.2
200	0	0	15	0	1	1	0	0.0561802
200	0	0	15	0	1	0	0.0561802	0.056729
200	0	0	15	0	1	1	0.056729	0.0676702
200	0	0	15	0	1	0	0.0676702	0.0746879
200	0	0	15	0	1	1	0.0746879	0.116758
200	0	0	15	0	1	0	0.116758	0.123213
200	0	0	15	0	1	1	0.123213	0.199106
200	0	0	15	0	1	0	0.199106	0.206552
200	0	0	15	0	1	1	0.206552	0.330947
200	0	0	15	0	1	0	0.330947	0.335057
200	0	0	15	0	1	1	0.335057	0.427
##	200	0	0	15	0	1
##	200	0	0	15	mtdna	1
200	0	0	16	0	0	1	0	0.0755116
200	0	0	16	0	0	0	0.0755116	0.0787482
200	0	0	16	0	0	1	0.0787482	0.10907
200	0	0	16	0	0	0	0.10907	0.131168
200	0	0	16	0	0	1	0.131168	0.191742
200	0	0	16	0	0	0	0.191742	0.204267
200	0	0	16	0	0	1	0.204267	0.304023
200	0	0	16	0	0	0	0.304023	0.312078
200	0	0	16	0	0	1	0.312078	0.323666
200	0	0	16	0	0	0	0.323666	0.324339
200	0	0	16	0	0	1	0.324339	0.419811
200	0	0	16	0	0	0	0.419811	0.427
##	200	0	0	16	0	0
200	0	0	16	0	1	1	0	0.172948
200	0	0	16	0	1	0	0.172948	0.185005
200	0	0	16	0	1	1	0.185005	0.236717
200	0	0	16	0	1	0	0.236717	0.237732
200	0	0	16	0	1	1	0.237732	0.411546
200	0	0	16	0	1	0	0.411546	0.418455
200	0	0	16	0	1	1	0.418455	0.427
##	200	0	0	16	0	1	0.2
##	200	0	0	16	mtdna	1
200	0	0	17	0	0	1	0	0.00446629
200	0	0	17	0	0	0	0.00446629	0.00759578
200	0	0	17	0	0	1	0.00759578	0.0517321
200	0	0	17	0	0	0	0.0517321	0.0538953
200	0	0	17	0	0	1	0.0538953	0.0660149
200	0	0	17	0	0	0	0.0660149	0.0759166
200	0	0	17	0	0	1	0.0759166	0.104593
200	0	0	17	0	0	0	0.104593	0.105052
200	0	0	17	0	0	1	0.105052	0.207371
200	0	0	17	0	0	0	0.207371	0.209183
200	0	0	17	0	0	1	0.209183	0.348008
200	0	0	17	0	0	0	0.348008	0.353814
200	0	0	17	0	0	1	0.353814	0.427
##	200	0	0	17	0	0	0.2
200	0	0	17	0	1	1	0	0.0681016
200	0	0	17	0	1	0	0.0681016	0.0762939
200	0	0	17	0	1	1	0.0762939	0.110429
200	0	0	17	0	1	0	0.110429	0.118735
200	0	0	17	0	1	1	0.118735	0.171054
200	0	0	17	0	1	0	0.171054	0.176472
200	0	0	17	0	1	1	0.176472	0.266072
200	0	0	17	0	1	0	0.266072	0.268541
200	0	0	17	0	1	1	0.268541	0.427
##	200	0	0	17	0	1	0.2
##	200	0	0	17	mtdna	1
200	0	0	18	0	0	1	0	0.0333203
200	0	0	18	0	0	0	0.0333203	0.0413528
200	0	0	18	0	0	1	0.0413528	0.198263
200	0	0	18	0	0	0	0.198263	0.200271
200	0	0	18	0	0	1	0.200271	0.232557
200	0	0	18	0	0	0	0.232557	0.238306
200	0	0	18	0	0	1	0.238306	0.287163
200	0	0	18	0	0	0	0.287163	0.291889
200	0	0	18	0	0	1	0.291889	0.311574
200	0	0	18	0	0	0	0.311574	0.314494
200	0	0	18	0	0	1	0.314494	0.378723
200	0	0	18	0	0	0	0.378723	0.39422
200	0	0	18	0	0	1	0.39422	0.427
##	200	0	0	18	0	0
200	0	0	18	0	1	1	0	0.0475096
200	0	0	18	0	1	0	0.0475096	0.057613
200	0	0	18	0	1	1	0.057613	0.106642
200	0	0	18	0	1	0	0.106642	0.109899
200	0	0	18	0	1	1	0.109899	0.257299
200	0	0	18	0	1	0	0.257299	0.257389
200	0	0	18	0	1	1	0.257389	0.278561
200	0	0	18	0	1	0	0.278561	0.282555
200	0	0	18	0	1	1	0.282555	0.313895
200	0	0	18	0	1	0	0.313895	0.315652
200	0	0	18	0	1	1	0.315652	0.39059
200	0	0	18	0	1	0	0.39059	0.395033
200	0	0	18	0	1	1	0.395033	0.427
##	200	0	0	18	0	1	0.2
##	200	0	0	18	mtdna	1
200	0	0	19	0	0	1	0	0.0476161
200	0	0	19	0	0	0	0.0476161	0.0505447
200	0	0	19	0	0	1	0.0505447	0.0527908
200	0	0	19	0	0	0	0.0527908	0.0529678
200	0	0	19	0	0	1	0.0529678	0.197972
200	0	0	19	0	0	0	0.197972	0.203889
200	0	0	19	0	0	1	0.203889	0.34597
200	0	0	19	0	0	0	0.34597	0.348667
200	0	0	19	0	0	1	0.348667	0.417366
200	0	0	19	0	0	0	0.417366	0.424137
200	0	0	19	0	0	1	0.424137	0.427
##	200	0	0	19	0	0
200	0	0	19	0	1	1	0	0.0600799
200	0	0	19	0	1	0	0.0600799	0.0623888
200	0	0	19	0	1	1	0.0623888	0.0810619
200	0	0	19	0	1	0	0.0810619	0.0842538
200	0	0	19	0	1	1	0.0842538	0.116687
200	0	0	19	0	1	0	0.116687	0.118032
200	0	0	19	0	1	1	0.118032	0.163564
200	0	0	19	0	1	0	0.163564	0.180799
200	0	0	19	0	1	1	0.180799	0.192631
200	0	0	19	0	1	0	0.192631	0.206003
200	0	0	19	0	1	1	0.206003	0.237046
200	0	0	19	0	1	0	0.237046	0.240194
200	0	0	19	0	1	1	0.240194	0.243274
200	0	0	19	0	1	0	0.243274	0.246466
200	0	0	19	0	1	1	0.246466	0.27323
200	0	0	19	0	1	0	0.27323	0.289271
200	0	0	19	0	1	1	0.289271	0.333025
200	0	0	19	0	1	0	0.333025	0.333093
200	0	0	19	0	1	1	0.333093	0.392449
200	0	0	19	0	1	0	0.392449	0.397819
200	0	0	19	0	1	1	0.397819	0.418499
200	0	0	19	0	1	0	0.418499	0.423232
200	0	0	19	0	1	1	0.423232	0.427
##	200	0	0	19	0	1
##	200	0	0	19	mtdna	1
200	0	0	20	0	0	1	0	0.0361588
200	0	0	20	0	0	0	0.0361588	0.0423223
200	0	0	20	0	0	1	0.0423223	0.113218
200	0	0	20	0	0	0	0.113218	0.115352
200	0	0	20	0	0	1	0.115352	0.241738
200	0	0	20	0	0	0	0.241738	0.245553
200	0	0	20	0	0	1	0.245553	0.302664
200	0	0	20	0	0	0	0.302664	0.303094
200	0	0	20	0	0	1	0.303094	0.341595
200	0	0	20	0	0	0	0.341595	0.347079
200	0	0	20	0	0	1	0.347079	0.398888
200	0	0	20	0	0	0	0.398888	0.405092
200	0	0	20	0	0	1	0.405092	0.427
##	200	0	0	20	0	0	0.2
200	0	0	20	0	1	1	0	0.134993
200	0	0	20	0	1	0	0.134993	0.135792
200	0	0	20	0	1	1	0.135792	0.250822
200	0	0	20	0	1	0	0.250822	0.253105
200	0	0	20	0	1	1	0.253105	0.278464
200	0	0	20	0	1	0	0.278464	0.292243
200	0	0	20	0	1	1	0.292243	0.354921
200	0	0	20	0	1	0	0.354921	0.357724
200	0	0	20	0	1	1	0.357724	0.381701
200	0	0	20	0	1	0	0.381701	0.384006
200	0	0	20	0	1	1	0.384006	0.400724
200	0	0	20	0	1	0	0.400724	0.401059
200	0	0	20	0	1	1	0.401059	0.427
##	200	0	0	20	0	1	0.2
##	200	0	0	20	mtdna	1
200	0	0	21	0	0	1	0	0.253695
200	0	0	21	0	0	0	0.253695	0.256888
200	0	0	21	0	0	1	0.256888	0.427
##	200	0	0	21	0	0	0.2
200	0	0	21	0	1	1	0	0.015102
200	0	0	21	0	1	0	0.015102	0.0166543
200	0	0	21	0	1	1	0.0166543	0.149175
200	0	0	21	0	1	0	0.149175	0.149762
200	0	0	21	0	1	1	0.149762	0.170426
200	0	0	21	0	1	0	0.170426	0.172553
200	0	0	21	0	1	1	0.172553	0.176592
200	0	0	21	0	1	0	0.176592	0.181651
200	0	0	21	0	1	1	0.181651	0.19909
200	0	0	21	0	1	0	0.19909	0.207062
200	0	0	21	0	1	1	0.207062	0.242635
200	0	0	21	0	1	0	0.242635	0.247222
200	0	0	21	0	1	1	0.247222	0.329282
200	0	0	21	0	1	0	0.329282	0.331288
200	0	0	21	0	1	1	0.331288	0.427
##	200	0	0	21	0	1
##	200	0	0	21	mtdna	0
200	0	0	22	0	0	0	0	0.00332736
200	0	0	22	0	0	1	0.00332736	0.179144
200	0	0	22	0	0	0	0.179144	0.181936
200	0	0	22	0	0	1	0.181936	0.192045
200	0	0	22	0	0	0	0.192045	0.215735
200	0	0	22	0	0	1	0.215735	0.234312
200	0	0	22	0	0	0	0.234312	0.241356
200	0	0	22	0	0	1	0.241356	0.246553
200	0	0	22	0	0	0	0.246553	0.251618
200	0	0	22	0	0	1	0.251618	0.285684
200	0	0	22	0	0	0	0.285684	0.289193
200	0	0	22	0	0	1	0.289193	0.302987
200	0	0	22	0	0	0	0.302987	0.312099
200	0	0	22	0	0	1	0.312099	0.316071
200	0	0	22	0	0	0	0.316071	0.319022
200	0	0	22	0	0	1	0.319022	0.335477
200	0	0	22	0	0	0	0.335477	0.336352
200	0	0	22	0	0	1	0.336352	0.380407
200	0	0	22	0	0	0	0.380407	0.393657
200	0	0	22	0	0	1	0.393657	0.427
##	200	0	0	22	0	0
200	0	0	22	0	1	1	0	0.210043
200	0	0	22	0	1	0	0.210043	0.212984
200	0	0	22	0	1	1	0.212984	0.395378
200	0	0	22	0	1	0	0.395378	0.403701
200	0	0	22	0	1	1	0.403701	0.423292
200	0	0	22	0	1	0	0.423292	0.427
##	200	0	0	22	0	1	0.2
##	200	0	0	22	mtdna	1
200	0	0	23	0	0	1	0	0.118365
200	0	0	23	0	0	0	0.118365	0.127645
200	0	0	23	0	0	1	0.127645	0.194876
200	0	0	23	0	0	0	0.194876	0.197031
200	0	0	23	0	0	1	0.197031	0.241569
200	0	0	23	0	0	0	0.241569	0.241662
200	0	0	23	0	0	1	0.241662	0.263583
200	0	0	23	0	0	0	0.263583	0.266025
200	0	0	23	0	0	1	0.266025	0.311574
200	0	0	23	0	0	0	0.311574	0.314494
200	0	0	23	0	0	1	0.314494	0.354264
200	0	0	23	0	0	0	0.354264	0.358418
200	0	0	23	0	0	1	0.358418	0.420903
200	0	0	23	0	0	0	0.420903	0.423881
200	0	0	23	0	0	1	0.423881	0.427
##	200	0	0	23	0	0	0.2
200	0	0	23	0	1	1	0	0.00679523
200	0	0	23	0	1	0	0.00679523	0.00792385
200	0	0	23	0	1	1	0.00792385	0.0889744
200	0	0	23	0	1	0	0.0889744	0.089496
200	0	0	23	0	1	1	0.089496	0.207033
200	0	0	23	0	1	0	0.207033	0.208101
200	0	0	23	0	1	1	0.208101	0.356467
200	0	0	23	0	1	0	0.356467	0.357974
200	0	0	23	0	1	1	0.357974	0.362189
200	0	0	23	0	1	0	0.362189	0.366562
200	0	0	23	0	1	1	0.366562	0.427
##	200	0	0	23	0	1	0.2
##	200	0	0	23	mtdna	1
200	0	0	24	0	0	1	0	0.0197062
200	0	0	24	0	0	0	0.0197062	0.020115
200	0	0	24	0	0	1	0.020115	0.060485
200	0	0	24	0	0	0	0.060485	0.0624424
200	0	0	24	0	0	1	0.0624424	0.154967
200	0	0	24	0	0	0	0.154967	0.156525
200	0	0	24	0	0	1	0.156525	0.18025
200	0	0	24	0	0	0	0.18025	0.180768
200	0	0	24	0	0	1	0.180768	0.231779
200	0	0	24	0	0	0	0.231779	0.243078
200	0	0	24	0	0	1	0.243078	0.37634
200	0	0	24	0	0	0	0.37634	0.381238
200	0	0	24	0	0	1	0.381238	0.427
##	200	0	0	24	0	0	0.2
200	0	0	24	0	1	1	0	0.0532292
200	0	0	24	0	1	0	0.0532292	0.0574378
200	0	0	24	0	1	1	0.0574378	0.0660149
200	0	0	24	0	1	0	0.0660149	0.0759166
200	0	0	24	0	1	1	0.0759166	0.194909
200	0	0	24	0	1	0	0.194909	0.204285
200	0	0	24	0	1	1	0.204285	0.215674
200	0	0	24	0	1	0	0.215674	0.215801
200	0	0	24	0	1	1	0.215801	0.311574
200	0	0	24	0	1	0	0.311574	0.314494
200	0	0	24	0	1	1	0.314494	0.341626
200	0	0	24	0	1	0	0.341626	0.34549
200	0	0	24	0	1	1	0.34549	0.427
##	200	0	0	24	0	1
##	200	0	0	24	mtdna	1
200	0	0	25	0	0	1	0	0.125474
200	0	0	25	0	0	0	0.125474	0.133379
200	0	0	25	0	0	1	0.133379	0.178381
200	0	0	25	0	0	0	0.178381	0.191279
200	0	0	25	0	0	1	0.191279	0.195568
200	0	0	25	0	0	0	0.195568	0.210982
200	0	0	25	0	0	1	0.210982	0.355143
200	0	0	25	0	0	0	0.355143	0.358627
200	0	0	25	0	0	1	0.358627	0.427
##	200	0	0	25	0	0
200	0	0	25	0	1	1	0	0.0631783
200	0	0	25	0	1	0	0.0631783	0.0753764
200	0	0	25	0	1	1	0.0753764	0.139664
200	0	0	25	0	1	0	0.139664	0.143042
200	0	0	25	0	1	1	0.143042	0.162986
200	0	0	25	0	1	0	0.162986	0.163388
200	0	0	25	0	1	1	0.163388	0.195489
200	0	0	25	0	1	0	0.195489	0.200999
200	0	0	25	0	1	1	0.200999	0.363128
200	0	0	25	0	1	0	0.363128	0.370658
200	0	0	25	0	1	1	0.370658	0.397016
200	0	0	25	0	1	0	0.397016	0.405144
200	0	0	25	0	1	1	0.405144	0.406902
200	0	0	25	0	1	0	0.406902	0.409622
200	0	0	25	0	1	1	0.409622	0.427
##	200	0	0	25	0	1
##	200	0	0	25	mtdna	1
200	0	0	26	0	0	1	0	0.335513
200	0	0	26	0	0	0	0.335513	0.339748
200	0	0	26	0	0	1	0.339748	0.346306
200	0	0	26	0	0	0	0.346306	0.369802
200	0	0	26	0	0	1	0.369802	0.427
##	200	0	0	26	0	0	0.2
200	0	0	26	0	1	1	0	0.22214
200	0	0	26	0	1	0	0.22214	0.223986
200	0	0	26	0	1	1	0.223986	0.26917
200	0	0	26	0	1	0	0.26917	0.272161
200	0	0	26	0	1	1	0.272161	0.415978
200	0	0	26	0	1	0	0.415978	0.421051
200	0	0	26	0	1	1	0.421051	0.427
##	200	0	0	26	0	1	0.2
##	200	0	0	26	mtdna	1
200	0	0	27	0	0	1	0	0.0954893
200	0	0	27	0	0	0	0.0954893	0.10062
200	0	0	27	0	0	1	0.10062	0.147406
200	0	0	27	0	0	0	0.147406	0.158661
200	0	0	27	0	0	1	0.158661	0.203389
200	0	0	27	0	0	0	0.203389	0.220549
200	0	0	27	0	0	1	0.220549	0.243439
200	0	0	27	0	0	0	0.243439	0.244156
200	0	0	27	0	0	1	0.244156	0.24577
200	0	0	27	0	0	0	0.24577	0.24842
200	0	0	27	0	0	1	0.24842	0.387981
200	0	0	27	0	0	0	0.387981	0.389131
200	0	0	27	0	0	1	0.389131	0.427
##	200	0	0	27	0	0	0.2
200	0	0	27	0	1	1	0	0.00239191
200	0	0	27	0	1	0	0.00239191	0.00759578
200	0	0	27	0	1	1	0.00759578	0.0890865
200	0	0	27	0	1	0	0.0890865	0.101934
200	0	0	27	0	1	1	0.101934	0.274978
200	0	0	27	0	1	0	0.274978	0.27979
200	0	0	27	0	1	1	0.27979	0.423203
200	0	0	27	0	1	0	0.423203	0.427
##	200	0	0	27	0	1	0.2
##	200	0	0	27	mtdna	1
200	0	0	28	0	0	1	0	0.0290755
200	0	0	28	0	0	0	0.0290755	0.037264
200	0	0	28	0	0	1	0.037264	0.0573898
200	0	0	28	0	0	0	0.0573898	0.0618947
200	0	0	28	0	0	1	0.0618947	0.116484
200	0	0	28	0	0	0	0.116484	0.118032
200	0	0	28	0	0	1	0.118032	0.141634
200	0	0	28	0	0	0	0.141634	0.141895
200	0	0	28	0	0	1	0.141895	0.29238
200	0	0	28	0	0	0	0.29238	0.295745
200	0	0	28	0	0	1	0.295745	0.38395
200	0	0	28	0	0	0	0.38395	0.389251
200	0	0	28	0	0	1	0.389251	0.427
##	200	0	0	28	0	0	0.2
200	0	0	28	0	1	1	0	0.0607307
200	0	0	28	0	1	0	0.0607307	0.0622194
200	0	0	28	0	1	1	0.0622194	0.10519
200	0	0	28	0	1	0	0.10519	0.105934
200	0	0	28	0	1	1	0.105934	0.178727
200	0	0	28	0	1	0	0.178727	0.180645
200	0	0	28	0	1	1	0.180645	0.397848
200	0	0	28	0	1	0	0.397848	0.399567
200	0	0	28	0	1	1	0.399567	0.409864
200	0	0	28	0	1	0	0.409864	0.410644
200	0	0	28	0	1	1	0.410644	0.427
##	200	0	0	28	0	1	0.2
##	200	0	0	28	mtdna	0
200	0	0	29	0	0	1	0	0.0271093
200	0	0	29	0	0	0	0.0271093	0.0350649
200	0	0	29	0	0	1	0.0350649	0.20017
200	0	0	29	0	0	0	0.20017	0.200966
200	0	0	29	0	0	1	0.200966	0.390399
200	0	0	29	0	0	0	0.390399	0.397253
200	0	0	29	0	0	1	0.397253	0.427
##	200	0	0	29	0	0	0.2
200	0	0	29	0	1	1	0	0.0567492
200	0	0	29	0	1	0	0.0567492	0.0686333
200	0	0	29	0	1	1	0.0686333	0.179662
200	0	0	29	0	1	0	0.179662	0.190241
200	0	0	29	0	1	1	0.190241	0.24521
200	0	0	29	0	1	0	0.24521	0.251219
200	0	0	29	0	1	1	0.251219	0.427
##	200	0	0	29	0	1	0.2
##	200	0	0	29	mtdna	1
200	0	0	30	0	0	1	0	0.0282323
200	0	0	30	0	0	0	0.0282323	0.0286379
200	0	0	30	0	0	1	0.0286379	0.0518847
200	0	0	30	0	0	0	0.0518847	0.0645761
200	0	0	30	0	0	1	0.0645761	0.11782
200	0	0	30	0	0	0	0.11782	0.118032
200	0	0	30	0	0	1	0.118032	0.167517
200	0	0	30	0	0	0	0.167517	0.169228
200	0	0	30	0	0	1	0.169228	0.251842
200	0	0	30	0	0	0	0.251842	0.261425
200	0	0	30	0	0	1	0.261425	0.427
##	200	0	0	30	0	0	0.2
200	0	0	30	0	1	1	0	0.0108519
200	0	0	30	0	1	0	0.0108519	0.012111
200	0	0	30	0	1	1	0.012111	0.0518847
200	0	0	30	0	1	0	0.0518847	0.0645761
200	0	0	30	0	1	1	0.0645761	0.180845
200	0	0	30	0	1	0	0.180845	0.182609
200	0	0	30	0	1	1	0.182609	0.193253
200	0	0	30	0	1	0	0.193253	0.215801
200	0	0	30	0	1	1	0.215801	0.218671
200	0	0	30	0	1	0	0.218671	0.222503
200	0	0	30	0	1	1	0.222503	0.24124
200	0	0	30	0	1	0	0.24124	0.241712
200	0	0	30	0	1	1	0.241712	0.427
##	200	0	0	30	0	1
##	200	0	0	30	mtdna	1
200	0	0	31	0	0	1	0	0.0067443
200	0	0	31	0	0	0	0.0067443	0.0262091
200	0	0	31	0	0	1	0.0262091	0.133836
200	0	0	31	0	0	0	0.133836	0.137254
200	0	0	31	0	0	1	0.137254	0.202379
200	0	0	31	0	0	0	0.202379	0.203911
200	0	0	31	0	0	1	0.203911	0.25095
200	0	0	31	0	0	0	0.25095	0.260145
200	0	0	31	0	0	1	0.260145	0.427
##	200	0	0	31	0	0	0.2
200	0	0	31	0	1	1	0	0.125487
200	0	0	31	0	1	0	0.125487	0.12794
200	0	0	31	0	1	1	0.12794	0.151728
200	0	0	31	0	1	0	0.151728	0.156602
200	0	0	31	0	1	1	0.156602	0.170251
200	0	0	31	0	1	0	0.170251	0.195224
200	0	0	31	0	1	1	0.195224	0.239889
200	0	0	31	0	1	0	0.239889	0.244046
200	0	0	31	0	1	1	0.244046	0.354275
200	0	0	31	0	1	0	0.354275	0.364476
200	0	0	31	0	1	1	0.364476	0.392581
200	0	0	31	0	1	0	0.392581	0.395719
200	0	0	31	0	1	1	0.395719	0.427
##	200	0	0	31	0	1	0.2
##	200	0	0	31	mtdna	1
200	0	0	32	0	0	1	0	0.0643817
200	0	0	32	0	0	0	0.0643817	0.0734959
200	0	0	32	0	0	1	0.0734959	0.176181
200	0	0	32	0	0	0	0.176181	0.1816
200	0	0	32	0	0	1	0.1816	0.221601
200	0	0	32	0	0	0	0.221601	0.227068
200	0	0	32	0	0	1	0.227068	0.255215
200	0	0	32	0	0	0	0.255215	0.257428
200	0	0	32	0	0	1	0.257428	0.259863
200	0	0	32	0	0	0	0.259863	0.262195
200	0	0	32	0	0	1	0.262195	0.265789
200	0	0	32	0	0	0	0.265789	0.274788
200	0	0	32	0	0	1	0.274788	0.427
##	200	0	0	32	0	0	0.2
200	0	0	32	0	1	1	0	0.142272
200	0	0	32	0	1	0	0.142272	0.143042
200	0	0	32	0	1	1	0.143042	0.162986
200	0	0	32	0	1	0	0.162986	0.163388
200	0	0	32	0	1	1	0.163388	0.20017
200	0	0	32	0	1	0	0.20017	0.200256
200	0	0	32	0	1	1	0.200256	0.290813
200	0	0	32	0	1	0	0.290813	0.296336
200	0	0	32	0	1	1	0.296336	0.327966
200	0	0	32	0	1	0	0.327966	0.330337
200	0	0	32	0	1	1	0.330337	0.427
##	200	0	0	32	0	1	0.2
##	200	0	0	32	mtdna	1
200	0	0	33	0	0	1	0	0.0984861
200	0	0	33	0	0	0	0.0984861	0.0996567
200	0	0	33	0	0	1	0.0996567	0.121955
200	0	0	33	0	0	0	0.121955	0.140642
200	0	0	33	0	0	1	0.140642	0.193301
200	0	0	33	0	0	0	0.193301	0.202574
200	0	0	33	0	0	1	0.202574	0.427
##	200	0	0	33	0	0
200	0	0	33	0	1	1	0	0.0069996
200	0	0	33	0	1	0	0.0069996	0.0101549
200	0	0	33	0	1	1	0.0101549	0.0137485
200	0	0	33	0	1	0	0.0137485	0.0279429
200	0	0	33	0	1	1	0.0279429	0.0335652
200	0	0	33	0	1	0	0.0335652	0.0337418
200	0	0	33	0	1	1	0.0337418	0.211803
200	0	0	33	0	1	0	0.211803	0.212409
200	0	0	33	0	1	1	0.212409	0.321137
200	0	0	33	0	1	0	0.321137	0.344164
200	0	0	33	0	1	1	0.344164	0.427
##	200	0	0	33	0	1	0.2
##	200	0	0	33	mtdna	1
200	0	0	34	0	0	1	0	0.154348
200	0	0	34	0	0	0	0.154348	0.163732
200	0	0	34	0	0	1	0.163732	0.177583
200	0	0	34	0	0	0	0.177583	0.178098
200	0	0	34	0	0	1	0.178098	0.20611
200	0	0	34	0	0	0	0.20611	0.219797
200	0	0	34	0	0	1	0.219797	0.383247
200	0	0	34	0	0	0	0.383247	0.388171
200	0	0	34	0	0	1	0.388171	0.427
##	200	0	0	34	0	0	0.2
200	0	0	34	0	1	1	0	0.0578023
200	0	0	34	0	1	0	0.0578023	0.0614866
200	0	0	34	0	1	1	0.0614866	0.149214
200	0	0	34	0	1	0	0.149214	0.150776
200	0	0	34	0	1	1	0.150776	0.303094
200	0	0	34	0	1	0	0.303094	0.303323
200	0	0	34	0	1	1	0.303323	0.403692
200	0	0	34	0	1	0	0.403692	0.409461
200	0	0	34	0	1	1	0.409461	0.427
##	200	0	0	34	0	1	0.2
##	200	0	0	34	mtdna	1
200	0	0	35	0	0	1	0	0.0160743
200	0	0	35	0	0	0	0.0160743	0.0168615
200	0	0	35	0	0	1	0.0168615	0.170881
200	0	0	35	0	0	0	0.170881	0.175083
200	0	0	35	0	0	1	0.175083	0.193426
200	0	0	35	0	0	0	0.193426	0.196202
200	0	0	35	0	0	1	0.196202	0.198195
200	0	0	35	0	0	0	0.198195	0.204969
200	0	0	35	0	0	1	0.204969	0.392581
200	0	0	35	0	0	0	0.392581	0.393616
200	0	0	35	0	0	1	0.393616	0.427
##	200	0	0	35	0	0
200	0	0	35	0	1	1	0	0.103044
200	0	0	35	0	1	0	0.103044	0.11148
200	0	0	35	0	1	1	0.11148	0.170881
200	0	0	35	0	1	0	0.170881	0.175083
200	0	0	35	0	1	1	0.175083	0.238105
200	0	0	35	0	1	0	0.238105	0.241673
200	0	0	35	0	1	1	0.241673	0.275092
200	0	0	35	0	1	0	0.275092	0.278598
200	0	0	35	0	1	1	0.278598	0.303078
200	0	0	35	0	1	0	0.303078	0.309036
200	0	0	35	0	1	1	0.309036	0.316278
200	0	0	35	0	1	0	0.316278	0.317343
200	0	0	35	0	1	1	0.317343	0.363411
200	0	0	35	0	1	0	0.363411	0.365127
200	0	0	35	0	1	1	0.365127	0.402059
200	0	0	35	0	1	0	0.402059	0.408684
200	0	0	35	0	1	1	0.408684	0.427
##	200	0	0	35	0	1	0.2
##	200	0	0	35	mtdna	1
200	0	0	36	0	0	1	0	0.0267077
200	0	0	36	0	0	0	0.0267077	0.0270839
200	0	0	36	0	0	1	0.0270839	0.0389377
200	0	0	36	0	0	0	0.0389377	0.0394793
200	0	0	36	0	0	1	0.0394793	0.134862
200	0	0	36	0	0	0	0.134862	0.141228
200	0	0	36	0	0	1	0.141228	0.145378
200	0	0	36	0	0	0	0.145378	0.146617
200	0	0	36	0	0	1	0.146617	0.171104
200	0	0	36	0	0	0	0.171104	0.174798
200	0	0	36	0	0	1	0.174798	0.186408
200	0	0	36	0	0	0	0.186408	0.187321
200	0	0	36	0	0	1	0.187321	0.29238
200	0	0	36	0	0	0	0.29238	0.295745
200	0	0	36	0	0	1	0.295745	0.401188
200	0	0	36	0	0	0	0.401188	0.406931
200	0	0	36	0	0	1	0.406931	0.427
##	200	0	0	36	0	0	0.2
200	0	0	36	0	1	1	0	0.157241
200	0	0	36	0	1	0	0.157241	0.159056
200	0	0	36	0	1	1	0.159056	0.215115
200	0	0	36	0	1	0	0.215115	0.216666
200	0	0	36	0	1	1	0.216666	0.221222
200	0	0	36	0	1	0	0.221222	0.234609
200	0	0	36	0	1	1	0.234609	0.258784
200	0	0	36	0	1	0	0.258784	0.270429
200	0	0	36	0	1	1	0.270429	0.381701
200	0	0	36	0	1	0	0.381701	0.384006
200	0	0	36	0	1	1	0.384006	0.389745
200	0	0	36	0	1	0	0.389745	0.39466
200	0	0	36	0	1	1	0.39466	0.427
##	200	0	0	36	0	1	0.2
##	200	0	0	36	mtdna	1
200	0	0	37	0	0	1	0	0.00521775
200	0	0	37	0	0	0	0.00521775	0.00773218
200	0	0	37	0	0	1	0.00773218	0.177583
200	0	0	37	0	0	0	0.177583	0.181779
200	0	0	37	0	0	1	0.181779	0.372053
200	0	0	37	0	0	0	0.372053	0.382044
200	0	0	37	0	0	1	0.382044	0.416919
200	0	0	37	0	0	0	0.416919	0.417544
200	0	0	37	0	0	1	0.417544	0.427
##	200	0	0	37	0	0	0.2
200	0	0	37	0	1	1	0	0.0561802
200	0	0	37	0	1	0	0.0561802	0.056729
200	0	0	37	0	1	1	0.056729	0.0676702
200	0	0	37	0	1	0	0.0676702	0.0746879
200	0	0	37	0	1	1	0.0746879	0.170659
200	0	0	37	0	1	0	0.170659	0.203562
200	0	0	37	0	1	1	0.203562	0.397536
200	0	0	37	0	1	0	0.397536	0.404367
200	0	0	37	0	1	1	0.404367	0.427
##	200	0	0	37	0	1
##	200	0	0	37	mtdna	1
200	0	0	38	0	0	1	0	0.0478109
200	0	0	38	0	0	0	0.0478109	0.0484693
200	0	0	38	0	0	1	0.0484693	0.087291
200	0	0	38	0	0	0	0.087291	0.0902143
200	0	0	38	0	0	1	0.0902143	0.137605
200	0	0	38	0	0	0	0.137605	0.141895
200	0	0	38	0	0	1	0.141895	0.177765
200	0	0	38	0	0	0	0.177765	0.184028
200	0	0	38	0	0	1	0.184028	0.211064
200	0	0	38	0	0	0	0.211064	0.217532
200	0	0	38	0	0	1	0.217532	0.32981
200	0	0	38	0	0	0	0.32981	0.364522
200	0	0	38	0	0	1	0.364522	0.427
##	200	0	0	38	0	0	0.2
200	0	0	38	0	1	1	0	0.0670431
200	0	0	38	0	1	0	0.0670431	0.0722717
200	0	0	38	0	1	1	0.0722717	0.164836
200	0	0	38	0	1	0	0.164836	0.166556
200	0	0	38	0	1	1	0.166556	0.194799
200	0	0	38	0	1	0	0.194799	0.201897
200	0	0	38	0	1	1	0.201897	0.277573
200	0	0	38	0	1	0	0.277573	0.279201
200	0	0	38	0	1	1	0.279201	0.387655
200	0	0	38	0	1	0	0.387655	0.396469
200	0	0	38	0	1	1	0.396469	0.404477
200	0	0	38	0	1	0	0.404477	0.404551
200	0	0	38	0	1	1	0.404551	0.427
##	200	0	0	38	0	1
##	200	0	0	38	mtdna	1
200	0	0	39	0	0	1	0	0.0501301
200	0	0	39	0	0	0	0.0501301	0.0590894
200	0	0	39	0	0	1	0.0590894	0.104706
200	0	0	39	0	0	0	0.104706	0.109528
200	0	0	39	0	0	1	0.109528	0.195489
200	0	0	39	0	0	0	0.195489	0.200999
200	0	0	39	0	0	1	0.200999	0.239313
200	0	0	39	0	0	0	0.239313	0.243281
200	0	0	39	0	0	1	0.243281	0.251853
200	0	0	39	0	0	0	0.251853	0.254643
200	0	0	39	0	0	1	0.254643	0.255019
200	0	0	39	0	0	0	0.255019	0.264503
200	0	0	39	0	0	1	0.264503	0.311574
200	0	0	39	0	0	0	0.311574	0.314494
200	0	0	39	0	0	1	0.314494	0.35665
200	0	0	39	0	0	0	0.35665	0.36215
200	0	0	39	0	0	1	0.36215	0.405104
200	0	0	39	0	0	0	0.405104	0.406351
200	0	0	39	0	0	1	0.406351	0.427
##	200	0	0	39	0	0
200	0	0	39	0	1	1	0	0.0800114
200	0	0	39	0	1	0	0.0800114	0.0867714
200	0	0	39	0	1	1	0.0867714	0.14462
200	0	0	39	0	1	0	0.14462	0.160473
200	0	0	39	0	1	1	0.160473	0.190649
200	0	0	39	0	1	0	0.190649	0.216642
200	0	0	39	0	1	1	0.216642	0.339235
200	0	0	39	0	1	0	0.339235	0.350778
200	0	0	39	0	1	1	0.350778	0.355809
200	0	0	39	0	1	0	0.355809	0.356555
200	0	0	39	0	1	1	0.356555	0.369121
200	0	0	39	0	1	0	0.369121	0.380411
200	0	0	39	0	1	1	0.380411	0.427
##	200	0	0	39	0	1
##	200	0	0	39	mtdna	1
200	0	0	40	0	0	1	0	0.0965107
200	0	0	40	0	0	0	0.0965107	0.0966813
200	0	0	40	0	0	1	0.0966813	0.205527
200	0	0	40	0	0	0	0.205527	0.207472
200	0	0	40	0	0	1	0.207472	0.230237
200	0	0	40	0	0	0	0.230237	0.23055
200	0	0	40	0	0	1	0.23055	0.336218
200	0	0	40	0	0	0	0.336218	0.342421
200	0	0	40	0	0	1	0.342421	0.427
##	200	0	0	40	0	0	0.2
200	0	0	40	0	1	1	0	0.0339358
200	0	0	40	0	1	0	0.0339358	0.0496041
200	0	0	40	0	1	1	0.0496041	0.208342
200	0	0	40	0	1	0	0.208342	0.210681
200	0	0	40	0	1	1	0.210681	0.413013
200	0	0	40	0	1	0	0.413013	0.415859
200	0	0	40	0	1	1	0.415859	0.427
##	200	0	0	40	0	1	0.2
##	200	0	0	40	mtdna	1
200	0	0	41	0	0	1	0	0.00521775
200	0	0	41	0	0	0	0.00521775	0.00773218
200	0	0	41	0	0	1	0.00773218	0.0750345
200	0	0	41	0	0	0	0.0750345	0.0953995
200	0	0	41	0	0	1	0.0953995	0.264039
200	0	0	41	0	0	0	0.264039	0.265444
200	0	0	41	0	0	1	0.265444	0.427
##	200	0	0	41	0	0	0.2
200	0	0	41	0	1	1	0	0.00322335
200	0	0	41	0	1	0	0.00322335	0.00433778
200	0	0	41	0	1	1	0.00433778	0.0860509
200	0	0	41	0	1	0	0.0860509	0.101026
200	0	0	41	0	1	1	0.101026	0.219801
200	0	0	41	0	1	0	0.219801	0.220115
200	0	0	41	0	1	1	0.220115	0.249676
200	0	0	41	0	1	0	0.249676	0.250046
200	0	0	41	0	1	1	0.250046	0.259087
200	0	0	41	0	1	0	0.259087	0.265639
200	0	0	41	0	1	1	0.265639	0.427
##	200	0	0	41	0	1	0.2
##	200	0	0	41	mtdna	1
200	0	0	42	0	0	1	0	0.0419491
200	0	0	42	0	0	0	0.0419491	0.0479399
200	0	0	42	0	0	1	0.0479399	0.0619171
200	0	0	42	0	0	0	0.0619171	0.0661385
200	0	0	42	0	0	1	0.0661385	0.0830506
200	0	0	42	0	0	0	0.0830506	0.0863327
200	0	0	42	0	0	1	0.0863327	0.112861
200	0	0	42	0	0	0	0.112861	0.12794
200	0	0	42	0	0	1	0.12794	0.304023
200	0	0	42	0	0	0	0.304023	0.308679
200	0	0	42	0	0	1	0.308679	0.334434
200	0	0	42	0	0	0	0.334434	0.341213
200	0	0	42	0	0	1	0.341213	0.36779
200	0	0	42	0	0	0	0.36779	0.371134
200	0	0	42	0	0	1	0.371134	0.392952
200	0	0	42	0	0	0	0.392952	0.397854
200	0	0	42	0	0	1	0.397854	0.427
##	200	0	0	42	0	0	0.2
200	0	0	42	0	1	1	0	0.0322162
200	0	0	42	0	1	0	0.0322162	0.0390222
200	0	0	42	0	1	1	0.0390222	0.0449589
200	0	0	42	0	1	0	0.0449589	0.0671325
200	0	0	42	0	1	1	0.0671325	0.0786842
200	0	0	42	0	1	0	0.0786842	0.0802056
200	0	0	42	0	1	1	0.0802056	0.0969453
200	0	0	42	0	1	0	0.0969453	0.103206
200	0	0	42	0	1	1	0.103206	0.107826
200	0	0	42	0	1	0	0.107826	0.111806
200	0	0	42	0	1	1	0.111806	0.427
##	200	0	0	42	0	1	0.2
##	200	0	0	42	mtdna	1
200	0	0	43	0	0	1	0	0.0512474
200	0	0	43	0	0	0	0.0512474	0.051274
200	0	0	43	0	0	1	0.051274	0.133006
200	0	0	43	0	0	0	0.133006	0.139643
200	0	0	43	0	0	1	0.139643	0.296048
200	0	0	43	0	0	0	0.296048	0.298257
200	0	0	43	0	0	1	0.298257	0.37342
200	0	0	43	0	0	0	0.37342	0.388243
200	0	0	43	0	0	1	0.388243	0.427
##	200	0	0	43	0	0	0.2
200	0	0	43	0	1	1	0	0.0800114
200	0	0	43	0	1	0	0.0800114	0.0867714
200	0	0	43	0	1	1	0.0867714	0.197654
200	0	0	43	0	1	0	0.197654	0.201202
200	0	0	43	0	1	1	0.201202	0.427
##	200	0	0	43	0	1
##	200	0	0	43	mtdna	1
200	0	0	44	0	0	1	0	0.0600639
200	0	0	44	0	0	0	0.0600639	0.0664706
200	0	0	44	0	0	1	0.0664706	0.107329
200	0	0	44	0	0	0	0.107329	0.108486
200	0	0	44	0	0	1	0.108486	0.12596
200	0	0	44	0	0	0	0.12596	0.143054
200	0	0	44	0	0	1	0.143054	0.157746
200	0	0	44	0	0	0	0.157746	0.164534
200	0	0	44	0	0	1	0.164534	0.178727
200	0	0	44	0	0	0	0.178727	0.180052
200	0	0	44	0	0	1	0.180052	0.202418
200	0	0	44	0	0	0	0.202418	0.203854
200	0	0	44	0	0	1	0.203854	0.263085
200	0	0	44	0	0	0	0.263085	0.263935
200	0	0	44	0	0	1	0.263935	0.427
##	200	0	0	44	0	0	0.2
200	0	0	44	0	1	1	0	0.0241803
200	0	0	44	0	1	0	0.0241803	0.0318704
200	0	0	44	0	1	1	0.0318704	0.0533248
200	0	0	44	0	1	0	0.0533248	0.0616505
200	0	0	44	0	1	1	0.0616505	0.153393
200	0	0	44	0	1	0	0.153393	0.169772
200	0	0	44	0	1	1	0.169772	0.181934
200	0	0	44	0	1	0	0.181934	0.185005
200	0	0	44	0	1	1	0.185005	0.19042
200	0	0	44	0	1	0	0.19042	0.209604
200	0	0	44	0	1	1	0.209604	0.427
##	200	0	0	44	0	1
##	200	0	0	44	mtdna	1
200	0	0	45	0	0	1	0	0.101538
200	0	0	45	0	0	0	0.101538	0.103527
200	0	0	45	0	0	1	0.103527	0.109633
200	0	0	45	0	0	0	0.109633	0.12338
200	0	0	45	0	0	1	0.12338	0.211064
200	0	0	45	0	0	0	0.211064	0.217532
200	0	0	45	0	0	1	0.217532	0.327516
200	0	0	45	0	0	0	0.327516	0.329019
200	0	0	45	0	0	1	0.329019	0.338085
200	0	0	45	0	0	0	0.338085	0.338219
200	0	0	45	0	0	1	0.338219	0.393487
200	0	0	45	0	0	0	0.393487	0.397996
200	0	0	45	0	0	1	0.397996	0.403576
200	0	0	45	0	0	0	0.403576	0.404291
200	0	0	45	0	0	1	0.404291	0.427
##	200	0	0	45	0	0	0.2
200	0	0	45	0	1	1	0	0.0291618
200	0	0	45	0	1	0	0.0291618	0.031649
200	0	0	45	0	1	1	0.031649	0.0355052
200	0	0	45	0	1	0	0.0355052	0.0366346
200	0	0	45	0	1	1	0.0366346	0.0594064
200	0	0	45	0	1	0	0.0594064	0.0677009
200	0	0	45	0	1	1	0.0677009	0.172042
200	0	0	45	0	1	0	0.172042	0.182889
200	0	0	45	0	1	1	0.182889	0.209405
200	0	0	45	0	1	0	0.209405	0.214154
200	0	0	45	0	1	1	0.214154	0.247636
200	0	0	45	0	1	0	0.247636	0.248274
200	0	0	45	0	1	1	0.248274	0.296679
200	0	0	45	0	1	0	0.296679	0.303768
200	0	0	45	0	1	1	0.303768	0.427
##	200	0	0	45	0	1	0.2
##	200	0	0	45	mtdna	1
200	0	0	46	0	0	1	0	0.130296
200	0	0	46	0	0	0	0.130296	0.131535
200	0	0	46	0	0	1	0.131535	0.156244
200	0	0	46	0	0	0	0.156244	0.159197
200	0	0	46	0	0	1	0.159197	0.349431
200	0	0	46	0	0	0	0.349431	0.353094
200	0	0	46	0	0	1	0.353094	0.413196
200	0	0	46	0	0	0	0.413196	0.416334
200	0	0	46	0	0	1	0.416334	0.427
##	200	0	0	46	0	0	0.2
200	0	0	46	0	1	1	0	0.0804104
200	0	0	46	0	1	0	0.0804104	0.0842538
200	0	0	46	0	1	1	0.0842538	0.246543
200	0	0	46	0	1	0	0.246543	0.249065
200	0	0	46	0	1	1	0.249065	0.263583
200	0	0	46	0	1	0	0.263583	0.266025
200	0	0	46	0	1	1	0.266025	0.36921
200	0	0	46	0	1	0	0.36921	0.371375
200	0	0	46	0	1	1	0.371375	0.412736
200	0	0	46	0	1	0	0.412736	0.414335
200	0	0	46	0	1	1	0.414335	0.427
##	200	0	0	46	0	1	0.2
##	200	0	0	46	mtdna	1
200	0	0	47	0	0	1	0	0.0267077
200	0	0	47	0	0	0	0.0267077	0.0271895
200	0	0	47	0	0	1	0.0271895	0.0824652
200	0	0	47	0	0	0	0.0824652	0.0842538
200	0	0	47	0	0	1	0.0842538	0.131739
200	0	0	47	0	0	0	0.131739	0.142988
200	0	0	47	0	0	1	0.142988	0.427
##	200	0	0	47	0	0	0.2
200	0	0	47	0	1	1	0	0.0214068
200	0	0	47	0	1	0	0.0214068	0.0287005
200	0	0	47	0	1	1	0.0287005	0.0377618
200	0	0	47	0	1	0	0.0377618	0.0415059
200	0	0	47	0	1	1	0.0415059	0.0427582
200	0	0	47	0	1	0	0.0427582	0.0484559
200	0	0	47	0	1	1	0.0484559	0.122919
200	0	0	47	0	1	0	0.122919	0.133089
200	0	0	47	0	1	1	0.133089	0.150891
200	0	0	47	0	1	0	0.150891	0.152249
200	0	0	47	0	1	1	0.152249	0.169028
200	0	0	47	0	1	0	0.169028	0.17182
200	0	0	47	0	1	1	0.17182	0.205908
200	0	0	47	0	1	0	0.205908	0.21976
200	0	0	47	0	1	1	0.21976	0.239994
200	0	0	47	0	1	0	0.239994	0.254621
200	0	0	47	0	1	1	0.254621	0.380407
200	0	0	47	0	1	0	0.380407	0.393657
200	0	0	47	0	1	1	0.393657	0.427
##	200	0	0	47	0	1	0.2
##	200	0	0	47	mtdna	0
200	0	0	48	0	0	1	0	0.00239191
200	0	0	48	0	0	0	0.00239191	0.00759578
200	0	0	48	0	0	1	0.00759578	0.0361675
200	0	0	48	0	0	0	0.0361675	0.0423206
200	0	0	48	0	0	1	0.0423206	0.14322
200	0	0	48	0	0	0	0.14322	0.146103
200	0	0	48	0	0	1	0.146103	0.212161
200	0	0	48	0	0	0	0.212161	0.214871
200	0	0	48	0	0	1	0.214871	0.228316
200	0	0	48	0	0	0	0.228316	0.232511
200	0	0	48	0	0	1	0.232511	0.239789
200	0	0	48	0	0	0	0.239789	0.246678
200	0	0	48	0	0	1	0.246678	0.427
##	200	0	0	48	0	0	0.2
200	0	0	48	0	1	1	0	0.04506
200	0	0	48	0	1	0	0.04506	0.0503866
200	0	0	48	0	1	1	0.0503866	0.185408
200	0	0	48	0	1	0	0.185408	0.196177
200	0	0	48	0	1	1	0.196177	0.201264
200	0	0	48	0	1	0	0.201264	0.20769
200	0	0	48	0	1	1	0.20769	0.280638
200	0	0	48	0	1	0	0.280638	0.284185
200	0	0	48	0	1	1	0.284185	0.417315
200	0	0	48	0	1	0	0.417315	0.417889
200	0	0	48	0	1	1	0.417889	0.427
##	200	0	0	48	0	1	0.2
##	200	0	0	48	mtdna	0
200	0	0	49	0	0	1	0	0.00679813
200	0	0	49	0	0	0	0.00679813	0.0182819
200	0	0	49	0	0	1	0.0182819	0.0880119
200	0	0	49	0	0	0	0.0880119	0.0990087
200	0	0	49	0	0	1	0.0990087	0.163753
200	0	0	49	0	0	0	0.163753	0.163823
200	0	0	49	0	0	1	0.163823	0.181217
200	0	0	49	0	0	0	0.181217	0.199089
200	0	0	49	0	0	1	0.199089	0.204994
200	0	0	49	0	0	0	0.204994	0.206052
200	0	0	49	0	0	1	0.206052	0.206459
200	0	0	49	0	0	0	0.206459	0.215735
200	0	0	49	0	0	1	0.215735	0.422377
200	0	0	49	0	0	0	0.422377	0.424273
200	0	0	49	0	0	1	0.424273	0.427
##	200	0	0	49	0	0	0.2
200	0	0	49	0	1	0	0	0.00362949
200	0	0	49	0	1	1	0.00362949	0.0425114
200	0	0	49	0	1	0	0.0425114	0.059193
200	0	0	49	0	1	1	0.059193	0.187399
200	0	0	49	0	1	0	0.187399	0.196429
200	0	0	49	0	1	1	0.196429	0.217705
200	0	0	49	0	1	0	0.217705	0.218182
200	0	0	49	0	1	1	0.218182	0.40064
200	0	0	49	0	1	0	0.40064	0.402969
200	0	0	49	0	1	1	0.402969	0.421128
200	0	0	49	0	1	0	0.421128	0.423537
200	0	0	49	0	1	1	0.423537	0.427
##	200	0	0	49	0	1	0.2
##	200	0	0	49	mtdna	1
200	0	0	50	0	0	1	0	0.0246042
200	0	0	50	0	0	0	0.0246042	0.0255749
200	0	0	50	0	0	1	0.0255749	0.0325695
200	0	0	50	0	0	0	0.0325695	0.0326998
200	0	0	50	0	0	1	0.0326998	0.0450841
200	0	0	50	0	0	0	0.0450841	0.049483
200	0	0	50	0	0	1	0.049483	0.0606555
200	0	0	50	0	0	0	0.0606555	0.0641626
200	0	0	50	0	0	1	0.0641626	0.0738308
200	0	0	50	0	0	0	0.0738308	0.0761652
200	0	0	50	0	0	1	0.0761652	0.107685
200	0	0	50	0	0	0	0.107685	0.109786
200	0	0	50	0	0	1	0.109786	0.187091
200	0	0	50	0	0	0	0.187091	0.188691
200	0	0	50	0	0	1	0.188691	0.290162
200	0	0	50	0	0	0	0.290162	0.306688
200	0	0	50	0	0	1	0.306688	0.34498
200	0	0	50	0	0	0	0.34498	0.350334
200	0	0	50	0	0	1	0.350334	0.355866
200	0	0	50	0	0	0	0.355866	0.356715
200	0	0	50	0	0	1	0.356715	0.427
##	200	0	0	50	0	0	0.2
200	0	0	50	0	1	1	0	0.198608
200	0	0	50	0	1	0	0.198608	0.206552
200	0	0	50	0	1	1	0.206552	0.29724
200	0	0	50	0	1	0	0.29724	0.300231
200	0	0	50	0	1	1	0.300231	0.304373
200	0	0	50	0	1	0	0.304373	0.307427
200	0	0	50	0	1	1	0.307427	0.427
##	200	0	0	50	0	1
##	200	0	0	50	mtdna	1
200	0	0	51	0	0	1	0	0.00322699
200	0	0	51	0	0	0	0.00322699	0.0102974
200	0	0	51	0	0	1	0.0102974	0.0504345
200	0	0	51	0	0	0	0.0504345	0.0511902
200	0	0	51	0	0	1	0.0511902	0.0578023
200	0	0	51	0	0	0	0.0578023	0.0614866
200	0	0	51	0	0	1	0.0614866	0.139664
200	0	0	51	0	0	0	0.139664	0.143042
200	0	0	51	0	0	1	0.143042	0.20999
200	0	0	51	0	0	0	0.20999	0.215724
200	0	0	51	0	0	1	0.215724	0.308347
200	0	0	51	0	0	0	0.308347	0.311153
200	0	0	51	0	0	1	0.311153	0.398715
200	0	0	51	0	0	0	0.398715	0.404881
200	0	0	51	0	0	1	0.404881	0.427
##	200	0	0	51	0	0	0.2
200	0	0	51	0	1	1	0	0.188883
200	0	0	51	0	1	0	0.188883	0.192327
200	0	0	51	0	1	1	0.192327	0.210043
200	0	0	51	0	1	0	0.210043	0.212984
200	0	0	51	0	1	1	0.212984	0.335513
200	0	0	51	0	1	0	0.335513	0.339748
200	0	0	51	0	1	1	0.339748	0.346306
200	0	0	51	0	1	0	0.346306	0.369802
200	0	0	51	0	1	1	0.369802	0.427
##	200	0	0	51	0	1	0.2
##	200	0	0	51	mtdna	1
200	0	0	52	0	0	1	0	0.287884
200	0	0	52	0	0	0	0.287884	0.292243
200	0	0	52	0	0	1	0.292243	0.427
##	200	0	0	52	0	0	0.2
200	0	0	52	0	1	1	0	0.0382418
200	0	0	52	0	1	0	0.0382418	0.0439094
200	0	0	52	0	1	1	0.0439094	0.10197
200	0	0	52	0	1	0	0.10197	0.107763
200	0	0	52	0	1	1	0.107763	0.180646
200	0	0	52	0	1	0	0.180646	0.182344
200	0	0	52	0	1	1	0.182344	0.184825
200	0	0	52	0	1	0	0.184825	0.187566
200	0	0	52	0	1	1	0.187566	0.193595
200	0	0	52	0	1	0	0.193595	0.196417
200	0	0	52	0	1	1	0.196417	0.207632
200	0	0	52	0	1	0	0.207632	0.219743
200	0	0	52	0	1	1	0.219743	0.427
##	200	0	0	52	0	1	0.2
##	200	0	0	52	mtdna	1
200	0	0	53	0	0	1	0	0.197408
200	0	0	53	0	0	0	0.197408	0.201174
200	0	0	53	0	0	1	0.201174	0.208185
200	0	0	53	0	0	0	0.208185	0.21349
200	0	0	53	0	0	1	0.21349	0.280227
200	0	0	53	0	0	0	0.280227	0.280763
200	0	0	53	0	0	1	0.280763	0.295948
200	0	0	53	0	0	0	0.295948	0.297017
200	0	0	53	0	0	1	0.297017	0.341998
200	0	0	53	0	0	0	0.341998	0.343891
200	0	0	53	0	0	1	0.343891	0.3963
200	0	0	53	0	0	0	0.3963	0.397692
200	0	0	53	0	0	1	0.397692	0.427
##	200	0	0	53	0	0
200	0	0	53	0	1	1	0	0.00483564
200	0	0	53	0	1	0	0.00483564	0.0136377
200	0	0	53	0	1	1	0.0136377	0.031316
200	0	0	53	0	1	0	0.031316	0.0415059
200	0	0	53	0	1	1	0.0415059	0.117521
200	0	0	53	0	1	0	0.117521	0.117881
200	0	0	53	0	1	1	0.117881	0.157586
200	0	0	53	0	1	0	0.157586	0.158128
200	0	0	53	0	1	1	0.158128	0.194876
200	0	0	53	0	1	0	0.194876	0.195661
200	0	0	53	0	1	1	0.195661	0.215674
200	0	0	53	0	1	0	0.215674	0.215801
200	0	0	53	0	1	1	0.215801	0.222821
200	0	0	53	0	1	0	0.222821	0.243281
200	0	0	53	0	1	1	0.243281	0.393129
200	0	0	53	0	1	0	0.393129	0.403701
200	0	0	53	0	1	1	0.403701	0.427
##	200	0	0	53	0	1	0.2
##	200	0	0	53	mtdna	1
200	0	0	54	0	0	1	0	0.00561412
200	0	0	54	0	0	0	0.00561412	0.00694221
200	0	0	54	0	0	1	0.00694221	0.190063
200	0	0	54	0	0	0	0.190063	0.191901
200	0	0	54	0	0	1	0.191901	0.19973
200	0	0	54	0	0	0	0.19973	0.206183
200	0	0	54	0	0	1	0.206183	0.20876
200	0	0	54	0	0	0	0.20876	0.209884
200	0	0	54	0	0	1	0.209884	0.284673
200	0	0	54	0	0	0	0.284673	0.295184
200	0	0	54	0	0	1	0.295184	0.348106
200	0	0	54	0	0	0	0.348106	0.348904
200	0	0	54	0	0	1	0.348904	0.404945
200	0	0	54	0	0	0	0.404945	0.405624
200	0	0	54	0	0	1	0.405624	0.427
##	200	0	0	54	0	0
200	0	0	54	0	1	1	0	0.177406
200	0	0	54	0	1	0	0.177406	0.183374
200	0	0	54	0	1	1	0.183374	0.18649
200	0	0	54	0	1	0	0.18649	0.192327
200	0	0	54	0	1	1	0.192327	0.37975
200	0	0	54	0	1	0	0.37975	0.380696
200	0	0	54	0	1	1	0.380696	0.427
##	200	0	0	54	0	1	0.2
##	200	0	0	54	mtdna	1
200	0	0	55	0	0	1	0	0.194642
200	0	0	55	0	0	0	0.194642	0.194766
200	0	0	55	0	0	1	0.194766	0.224739
200	0	0	55	0	0	0	0.224739	0.224809
200	0	0	55	0	0	1	0.224809	0.378723
200	0	0	55	0	0	0	0.378723	0.392692
200	0	0	55	0	0	1	0.392692	0.427
##	200	0	0	55	0	0	0.2
200	0	0	55	0	1	1	0	0.121671
200	0	0	55	0	1	0	0.121671	0.124734
200	0	0	55	0	1	1	0.124734	0.173596
200	0	0	55	0	1	0	0.173596	0.17569
200	0	0	55	0	1	1	0.17569	0.214483
200	0	0	55	0	1	0	0.214483	0.223986
200	0	0	55	0	1	1	0.223986	0.239358
200	0	0	55	0	1	0	0.239358	0.246727
200	0	0	55	0	1	1	0.246727	0.281792
200	0	0	55	0	1	0	0.281792	0.292243
200	0	0	55	0	1	1	0.292243	0.427
##	200	0	0	55	0	1	0.2
##	200	0	0	55	mtdna	1
200	0	0	56	0	0	1	0	0.21452
200	0	0	56	0	0	0	0.21452	0.223486
200	0	0	56	0	0	1	0.223486	0.304086
200	0	0	56	0	0	0	0.304086	0.31012
200	0	0	56	0	0	1	0.31012	0.312996
200	0	0	56	0	0	0	0.312996	0.315026
200	0	0	56	0	0	1	0.315026	0.355433
200	0	0	56	0	0	0	0.355433	0.356837
200	0	0	56	0	0	1	0.356837	0.382091
200	0	0	56	0	0	0	0.382091	0.385862
200	0	0	56	0	0	1	0.385862	0.427
##	200	0	0	56	0	0	0.2
200	0	0	56	0	1	1	0	0.00430852
200	0	0	56	0	1	0	0.00430852	0.00597845
200	0	0	56	0	1	1	0.00597845	0.0145895
200	0	0	56	0	1	0	0.0145895	0.0153173
200	0	0	56	0	1	1	0.0153173	0.191329
200	0	0	56	0	1	0	0.191329	0.195999
200	0	0	56	0	1	1	0.195999	0.235068
200	0	0	56	0	1	0	0.235068	0.235461
200	0	0	56	0	1	1	0.235461	0.25827
200	0	0	56	0	1	0	0.25827	0.258303
200	0	0	56	0	1	1	0.258303	0.287681
200	0	0	56	0	1	0	0.287681	0.306512
200	0	0	56	0	1	1	0.306512	0.368891
200	0	0	56	0	1	0	0.368891	0.370718
200	0	0	56	0	1	1	0.370718	0.42102
200	0	0	56	0	1	0	0.42102	0.42138
200	0	0	56	0	1	1	0.42138	0.427
##	200	0	0	56	0	1	0.2
##	200	0	0	56	mtdna	1
200	0	0	57	0	0	1	0	0.0880379
200	0	0	57	0	0	0	0.0880379	0.0952503
200	0	0	57	0	0	1	0.0952503	0.20121
200	0	0	57	0	0	0	0.20121	0.211608
200	0	0	57	0	0	1	0.211608	0.248477
200	0	0	57	0	0	0	0.248477	0.260567
200	0	0	57	0	0	1	0.260567	0.264291
200	0	0	57	0	0	0	0.264291	0.264585
200	0	0	57	0	0	1	0.264585	0.33412
200	0	0	57	0	0	0	0.33412	0.338448
200	0	0	57	0	0	1	0.338448	0.347446
200	0	0	57	0	0	0	0.347446	0.351683
200	0	0	57	0	0	1	0.351683	0.427
##	200	0	0	57	0	0	0.2
200	0	0	57	0	1	0	0	0.00181668
200	0	0	57	0	1	1	0.00181668	0.0262716
200	0	0	57	0	1	0	0.0262716	0.0263043
200	0	0	57	0	1	1	0.0263043	0.17339
200	0	0	57	0	1	0	0.17339	0.180729
200	0	0	57	0	1	1	0.180729	0.253997
200	0	0	57	0	1	0	0.253997	0.260145
200	0	0	57	0	1	1	0.260145	0.328618
200	0	0	57	0	1	0	0.328618	0.329209
200	0	0	57	0	1	1	0.329209	0.37904
200	0	0	57	0	1	0	0.37904	0.388506
200	0	0	57	0	1	1	0.388506	0.419811
200	0	0	57	0	1	0	0.419811	0.421159
200	0	0	57	0	1	1	0.421159	0.427
##	200	0	0	57	0	1	0.2
##	200	0	0	57	mtdna	1
200	0	0	58	0	0	1	0	0.178381
200	0	0	58	0	0	0	0.178381	0.191279
200	0	0	58	0	0	1	0.191279	0.192207
200	0	0	58	0	0	0	0.192207	0.208856
200	0	0	58	0	0	1	0.208856	0.340931
200	0	0	58	0	0	0	0.340931	0.344465
200	0	0	58	0	0	1	0.344465	0.427
##	200	0	0	58	0	0
200	0	0	58	0	1	1	0	0.0658669
200	0	0	58	0	1	0	0.0658669	0.068602
200	0	0	58	0	1	1	0.068602	0.0756516
200	0	0	58	0	1	0	0.0756516	0.077574
200	0	0	58	0	1	1	0.077574	0.148623
200	0	0	58	0	1	0	0.148623	0.148866
200	0	0	58	0	1	1	0.148866	0.150073
200	0	0	58	0	1	0	0.150073	0.151226
200	0	0	58	0	1	1	0.151226	0.215674
200	0	0	58	0	1	0	0.215674	0.215801
200	0	0	58	0	1	1	0.215801	0.221222
200	0	0	58	0	1	0	0.221222	0.243281
200	0	0	58	0	1	1	0.243281	0.259691
200	0	0	58	0	1	0	0.259691	0.262818
200	0	0	58	0	1	1	0.262818	0.355433
200	0	0	58	0	1	0	0.355433	0.358627
200	0	0	58	0	1	1	0.358627	0.427
##	200	0	0	58	0	1	0.2
##	200	0	0	58	mtdna	1
200	0	0	59	0	0	0	0	0.00158218
200	0	0	59	0	0	1	0.00158218	0.0842169
200	0	0	59	0	0	0	0.0842169	0.085464
200	0	0	59	0	0	1	0.085464	0.183093
200	0	0	59	0	0	0	0.183093	0.18377
200	0	0	59	0	0	1	0.18377	0.184544
200	0	0	59	0	0	0	0.184544	0.188926
200	0	0	59	0	0	1	0.188926	0.208342
200	0	0	59	0	0	0	0.208342	0.209186
200	0	0	59	0	0	1	0.209186	0.26239
200	0	0	59	0	0	0	0.26239	0.262864
200	0	0	59	0	0	1	0.262864	0.41627
200	0	0	59	0	0	0	0.41627	0.418743
200	0	0	59	0	0	1	0.418743	0.427
##	200	0	0	59	0	0	0.2
200	0	0	59	0	1	1	0	0.0162195
200	0	0	59	0	1	0	0.0162195	0.0182819
200	0	0	59	0	1	1	0.0182819	0.0471472
200	0	0	59	0	1	0	0.0471472	0.0497137
200	0	0	59	0	1	1	0.0497137	0.427
##	200	0	0	59	0	1	0.2
##	200	0	0	59	mtdna	1
200	0	0	60	0	0	1	0	0.0188112
200	0	0	60	0	0	0	0.0188112	0.0205594
200	0	0	60	0	0	1	0.0205594	0.04131
200	0	0	60	0	0	0	0.04131	0.0415313
200	0	0	60	0	0	1	0.0415313	0.155003
200	0	0	60	0	0	0	0.155003	0.160442
200	0	0	60	0	0	1	0.160442	0.195856
200	0	0	60	0	0	0	0.195856	0.2033
200	0	0	60	0	0	1	0.2033	0.214231
200	0	0	60	0	0	0	0.214231	0.217473
200	0	0	60	0	0	1	0.217473	0.245014
200	0	0	60	0	0	0	0.245014	0.252696
200	0	0	60	0	0	1	0.252696	0.303101
200	0	0	60	0	0	0	0.303101	0.304164
200	0	0	60	0	0	1	0.304164	0.335484
200	0	0	60	0	0	0	0.335484	0.344834
200	0	0	60	0	0	1	0.344834	0.399085
200	0	0	60	0	0	0	0.399085	0.403881
200	0	0	60	0	0	1	0.403881	0.427
##	200	0	0	60	0	0
200	0	0	60	0	1	1	0	0.118614
200	0	0	60	0	1	0	0.118614	0.119972
200	0	0	60	0	1	1	0.119972	0.126972
200	0	0	60	0	1	0	0.126972	0.130826
200	0	0	60	0	1	1	0.130826	0.179345
200	0	0	60	0	1	0	0.179345	0.181624
200	0	0	60	0	1	1	0.181624	0.205845
200	0	0	60	0	1	0	0.205845	0.214322
200	0	0	60	0	1	1	0.214322	0.218422
200	0	0	60	0	1	0	0.218422	0.219773
200	0	0	60	0	1	1	0.219773	0.312627
200	0	0	60	0	1	0	0.312627	0.318842
200	0	0	60	0	1	1	0.318842	0.377693
200	0	0	60	0	1	0	0.377693	0.378016
200	0	0	60	0	1	1	0.378016	0.381293
200	0	0	60	0	1	0	0.381293	0.391705
200	0	0	60	0	1	1	0.391705	0.427
##	200	0	0	60	0	1	0.2
##	200	0	0	60	mtdna	1
200	0	0	61	0	0	1	0	0.00282591
200	0	0	61	0	0	0	0.00282591	0.00525506
200	0	0	61	0	0	1	0.00525506	0.128117
200	0	0	61	0	0	0	0.128117	0.129024
200	0	0	61	0	0	1	0.129024	0.159584
200	0	0	61	0	0	0	0.159584	0.16315
200	0	0	61	0	0	1	0.16315	0.196614
200	0	0	61	0	0	0	0.196614	0.200766
200	0	0	61	0	0	1	0.200766	0.221222
200	0	0	61	0	0	0	0.221222	0.227781
200	0	0	61	0	0	1	0.227781	0.270479
200	0	0	61	0	0	0	0.270479	0.272703
200	0	0	61	0	0	1	0.272703	0.275377
200	0	0	61	0	0	0	0.275377	0.279125
200	0	0	61	0	0	1	0.279125	0.327854
200	0	0	61	0	0	0	0.327854	0.328493
200	0	0	61	0	0	1	0.328493	0.427
##	200	0	0	61	0	0
200	0	0	61	0	1	1	0	0.0846126
200	0	0	61	0	1	0	0.0846126	0.0921796
200	0	0	61	0	1	1	0.0921796	0.200508
200	0	0	61	0	1	0	0.200508	0.202194
200	0	0	61	0	1	1	0.202194	0.218823
200	0	0	61	0	1	0	0.218823	0.224654
200	0	0	61	0	1	1	0.224654	0.379076
200	0	0	61	0	1	0	0.379076	0.381844
200	0	0	61	0	1	1	0.381844	0.427
##	200	0	0	61	0	1	0.2
##	200	0	0	61	mtdna	1
200	0	0	62	0	0	1	0	0.00710915
200	0	0	62	0	0	0	0.00710915	0.0134765
200	0	0	62	0	0	1	0.0134765	0.0282323
200	0	0	62	0	0	0	0.0282323	0.0337418
200	0	0	62	0	0	1	0.0337418	0.147853
200	0	0	62	0	0	0	0.147853	0.149375
200	0	0	62	0	0	1	0.149375	0.217902
200	0	0	62	0	0	0	0.217902	0.227133
200	0	0	62	0	0	1	0.227133	0.246636
200	0	0	62	0	0	0	0.246636	0.260145
200	0	0	62	0	0	1	0.260145	0.319973
200	0	0	62	0	0	0	0.319973	0.322913
200	0	0	62	0	0	1	0.322913	0.341626
200	0	0	62	0	0	0	0.341626	0.34549
200	0	0	62	0	0	1	0.34549	0.427
##	200	0	0	62	0	0	0.2
200	0	0	62	0	1	1	0	0.0257443
200	0	0	62	0	1	0	0.0257443	0.0260381
200	0	0	62	0	1	1	0.0260381	0.0786842
200	0	0	62	0	1	0	0.0786842	0.0802056
200	0	0	62	0	1	1	0.0802056	0.0969453
200	0	0	62	0	1	0	0.0969453	0.103206
200	0	0	62	0	1	1	0.103206	0.182157
200	0	0	62	0	1	0	0.182157	0.183806
200	0	0	62	0	1	1	0.183806	0.26995
200	0	0	62	0	1	0	0.26995	0.286666
200	0	0	62	0	1	1	0.286666	0.427
##	200	0	0	62	0	1	0.2
##	200	0	0	62	mtdna	1
200	0	0	63	0	0	1	0	0.0108519
200	0	0	63	0	0	0	0.0108519	0.0199265
200	0	0	63	0	0	1	0.0199265	0.215115
200	0	0	63	0	0	0	0.215115	0.215892
200	0	0	63	0	0	1	0.215892	0.265027
200	0	0	63	0	0	0	0.265027	0.269091
200	0	0	63	0	0	1	0.269091	0.327936
200	0	0	63	0	0	0	0.327936	0.329019
200	0	0	63	0	0	1	0.329019	0.427
##	200	0	0	63	0	0	0.2
200	0	0	63	0	1	1	0	0.0318188
200	0	0	63	0	1	0	0.0318188	0.0342278
200	0	0	63	0	1	1	0.0342278	0.0772822
200	0	0	63	0	1	0	0.0772822	0.0805106
200	0	0	63	0	1	1	0.0805106	0.174163
200	0	0	63	0	1	0	0.174163	0.181475
200	0	0	63	0	1	1	0.181475	0.25221
200	0	0	63	0	1	0	0.25221	0.252223
200	0	0	63	0	1	1	0.252223	0.304768
200	0	0	63	0	1	0	0.304768	0.310771
200	0	0	63	0	1	1	0.310771	0.354921
200	0	0	63	0	1	0	0.354921	0.357724
200	0	0	63	0	1	1	0.357724	0.427
##	200	0	0	63	0	1	0.2
##	200	0	0	63	mtdna	1
200	0	0	64	0	0	1	0	0.179662
200	0	0	64	0	0	0	0.179662	0.190241
200	0	0	64	0	0	1	0.190241	0.246553
200	0	0	64	0	0	0	0.246553	0.251618
200	0	0	64	0	0	1	0.251618	0.274268
200	0	0	64	0	0	0	0.274268	0.289523
200	0	0	64	0	0	1	0.289523	0.378367
200	0	0	64	0	0	0	0.378367	0.378531
200	0	0	64	0	0	1	0.378531	0.427
##	200	0	0	64	0	0	0.2
200	0	0	64	0	1	1	0	0.0333203
200	0	0	64	0	1	0	0.0333203	0.0413528
200	0	0	64	0	1	1	0.0413528	0.0514111
200	0	0	64	0	1	0	0.0514111	0.0524342
200	0	0	64	0	1	1	0.0524342	0.265027
200	0	0	64	0	1	0	0.265027	0.269091
200	0	0	64	0	1	1	0.269091	0.398902
200	0	0	64	0	1	0	0.398902	0.405416
200	0	0	64	0	1	1	0.405416	0.427
##	200	0	0	64	0	1	0.2
##	200	0	0	64	mtdna	1
200	0	0	65	0	0	1	0	0.0476161
200	0	0	65	0	0	0	0.0476161	0.0505447
200	0	0	65	0	0	1	0.0505447	0.0527908
200	0	0	65	0	0	0	0.0527908	0.0529678
200	0	0	65	0	0	1	0.0529678	0.197972
200	0	0	65	0	0	0	0.197972	0.203889
200	0	0	65	0	0	1	0.203889	0.386113
200	0	0	65	0	0	0	0.386113	0.386645
200	0	0	65	0	0	1	0.386645	0.419247
200	0	0	65	0	0	0	0.419247	0.420608
200	0	0	65	0	0	1	0.420608	0.426608
200	0	0	65	0	0	0	0.426608	0.427
##	200	0	0	65	0	0
200	0	0	65	0	1	1	0	0.0890865
200	0	0	65	0	1	0	0.0890865	0.103173
200	0	0	65	0	1	1	0.103173	0.183186
200	0	0	65	0	1	0	0.183186	0.184134
200	0	0	65	0	1	1	0.184134	0.254204
200	0	0	65	0	1	0	0.254204	0.255111
200	0	0	65	0	1	1	0.255111	0.320499
200	0	0	65	0	1	0	0.320499	0.323981
200	0	0	65	0	1	1	0.323981	0.338023
200	0	0	65	0	1	0	0.338023	0.345103
200	0	0	65	0	1	1	0.345103	0.427
##	200	0	0	65	0	1	0.2
##	200	0	0	65	mtdna	1
200	0	0	66	0	0	1	0	0.200097
200	0	0	66	0	0	0	0.200097	0.200949
200	0	0	66	0	0	1	0.200949	0.205626
200	0	0	66	0	0	0	0.205626	0.209327
200	0	0	66	0	0	1	0.209327	0.316138
200	0	0	66	0	0	0	0.316138	0.319077
200	0	0	66	0	0	1	0.319077	0.329601
200	0	0	66	0	0	0	0.329601	0.334311
200	0	0	66	0	0	1	0.334311	0.348106
200	0	0	66	0	0	0	0.348106	0.348904
200	0	0	66	0	0	1	0.348904	0.388857
200	0	0	66	0	0	0	0.388857	0.397187
200	0	0	66	0	0	1	0.397187	0.427
##	200	0	0	66	0	0	0.2
200	0	0	66	0	1	1	0	0.0450841
200	0	0	66	0	1	0	0.0450841	0.049483
200	0	0	66	0	1	1	0.049483	0.0606555
200	0	0	66	0	1	0	0.0606555	0.0641626
200	0	0	66	0	1	1	0.0641626	0.0738308
200	0	0	66	0	1	0	0.0738308	0.0761652
200	0	0	66	0	1	1	0.0761652	0.107685
200	0	0	66	0	1	0	0.107685	0.109786
200	0	0	66	0	1	1	0.109786	0.202175
200	0	0	66	0	1	0	0.202175	0.237308
200	0	0	66	0	1	1	0.237308	0.290188
200	0	0	66	0	1	0	0.290188	0.300861
200	0	0	66	0	1	1	0.300861	0.395209
200	0	0	66	0	1	0	0.395209	0.396469
200	0	0	66	0	1	1	0.396469	0.427
##	200	0	0	66	0	1	0.2
##	200	0	0	66	mtdna	1
200	0	0	67	0	0	1	0	0.0964407
200	0	0	67	0	0	0	0.0964407	0.108362
200	0	0	67	0	0	1	0.108362	0.234059
200	0	0	67	0	0	0	0.234059	0.239118
200	0	0	67	0	0	1	0.239118	0.270586
200	0	0	67	0	0	0	0.270586	0.276314
200	0	0	67	0	0	1	0.276314	0.407968
200	0	0	67	0	0	0	0.407968	0.414177
200	0	0	67	0	0	1	0.414177	0.426885
200	0	0	67	0	0	0	0.426885	0.427
##	200	0	0	67	0	0	0.2
200	0	0	67	0	1	1	0	0.00518126
200	0	0	67	0	1	0	0.00518126	0.0144764
200	0	0	67	0	1	1	0.0144764	0.0414154
200	0	0	67	0	1	0	0.0414154	0.0471511
200	0	0	67	0	1	1	0.0471511	0.116758
200	0	0	67	0	1	0	0.116758	0.121597
200	0	0	67	0	1	1	0.121597	0.151406
200	0	0	67	0	1	0	0.151406	0.162526
200	0	0	67	0	1	1	0.162526	0.182617
200	0	0	67	0	1	0	0.182617	0.183639
200	0	0	67	0	1	1	0.183639	0.215325
200	0	0	67	0	1	0	0.215325	0.222503
200	0	0	67	0	1	1	0.222503	0.260264
200	0	0	67	0	1	0	0.260264	0.267908
200	0	0	67	0	1	1	0.267908	0.427
##	200	0	0	67	0	1	0.2
##	200	0	0	67	mtdna	1
200	0	0	68	0	0	1	0	0.0158177
200	0	0	68	0	0	0	0.0158177	0.0234265
200	0	0	68	0	0	1	0.0234265	0.0393523
200	0	0	68	0	0	0	0.0393523	0.0410374
200	0	0	68	0	0	1	0.0410374	0.159345
200	0	0	68	0	0	0	0.159345	0.164524
200	0	0	68	0	0	1	0.164524	0.174403
200	0	0	68	0	0	0	0.174403	0.175477
200	0	0	68	0	0	1	0.175477	0.18643
200	0	0	68	0	0	0	0.18643	0.187837
200	0	0	68	0	0	1	0.187837	0.198608
200	0	0	68	0	0	0	0.198608	0.204202
200	0	0	68	0	0	1	0.204202	0.386412
200	0	0	68	0	0	0	0.386412	0.387806
200	0	0	68	0	0	1	0.387806	0.427
##	200	0	0	68	0	0
200	0	0	68	0	1	1	0	0.264039
200	0	0	68	0	1	0	0.264039	0.265444
200	0	0	68	0	1	1	0.265444	0.427
##	200	0	0	68	0	1	0.2
##	200	0	0	68	mtdna	1
200	0	0	69	0	0	1	0	0.011676
200	0	0	69	0	0	0	0.011676	0.0204122
200	0	0	69	0	0	1	0.0204122	0.124435
200	0	0	69	0	0	0	0.124435	0.124734
200	0	0	69	0	0	1	0.124734	0.199831
200	0	0	69	0	0	0	0.199831	0.215801
200	0	0	69	0	0	1	0.215801	0.221222
200	0	0	69	0	0	0	0.221222	0.225898
200	0	0	69	0	0	1	0.225898	0.299623
200	0	0	69	0	0	0	0.299623	0.303212
200	0	0	69	0	0	1	0.303212	0.326414
200	0	0	69	0	0	0	0.326414	0.334261
200	0	0	69	0	0	1	0.334261	0.427
##	200	0	0	69	0	0
200	0	0	69	0	1	1	0	0.0256887
200	0	0	69	0	1	0	0.0256887	0.0302398
200	0	0	69	0	1	1	0.0302398	0.0567533
200	0	0	69	0	1	0	0.0567533	0.0642241
200	0	0	69	0	1	1	0.0642241	0.0997515
200	0	0	69	0	1	0	0.0997515	0.101788
200	0	0	69	0	1	1	0.101788	0.112672
200	0	0	69	0	1	0	0.112672	0.113335
200	0	0	69	0	1	1	0.113335	0.183093
200	0	0	69	0	1	0	0.183093	0.18377
200	0	0	69	0	1	1	0.18377	0.184544
200	0	0	69	0	1	0	0.184544	0.188926
200	0	0	69	0	1	1	0.188926	0.200051
200	0	0	69	0	1	0	0.200051	0.206512
200	0	0	69	0	1	1	0.206512	0.208998
200	0	0	69	0	1	0	0.208998	0.21711
200	0	0	69	0	1	1	0.21711	0.245243
200	0	0	69	0	1	0	0.245243	0.248789
200	0	0	69	0	1	1	0.248789	0.326042
200	0	0	69	0	1	0	0.326042	0.326161
200	0	0	69	0	1	1	0.326161	0.425213
200	0	0	69	0	1	0	0.425213	0.427
##	200	0	0	69	0	1	0.2
##	200	0	0	69	mtdna	1
200	0	0	70	0	0	1	0	0.179662
200	0	0	70	0	0	0	0.179662	0.203171
200	0	0	70	0	0	1	0.203171	0.261673
200	0	0	70	0	0	0	0.261673	0.273875
200	0	0	70	0	0	1	0.273875	0.427
##	200	0	0	70	0	0
200	0	0	70	0	1	1	0	0.0103727
200	0	0	70	0	1	0	0.0103727	0.0240296
200	0	0	70	0	1	1	0.0240296	0.161999
200	0	0	70	0	1	0	0.161999	0.16315
200	0	0	70	0	1	1	0.16315	0.189789
200	0	0	70	0	1	0	0.189789	0.19152
200	0	0	70	0	1	1	0.19152	0.233473
200	0	0	70	0	1	0	0.233473	0.247791
200	0	0	70	0	1	1	0.247791	0.399295
200	0	0	70	0	1	0	0.399295	0.416978
200	0	0	70	0	1	1	0.416978	0.427
##	200	0	0	70	0	1	0.2
##	200	0	0	70	mtdna	1
200	0	0	71	0	0	1	0	0.251177
200	0	0	71	0	0	0	0.251177	0.254508
200	0	0	71	0	0	1	0.254508	0.289072
200	0	0	71	0	0	0	0.289072	0.292267
200	0	0	71	0	0	1	0.292267	0.427
##	200	0	0	71	0	0	0.2
200	0	0	71	0	1	1	0	0.0414154
200	0	0	71	0	1	0	0.0414154	0.0429305
200	0	0	71	0	1	1	0.0429305	0.131751
200	0	0	71	0	1	0	0.131751	0.134307
200	0	0	71	0	1	1	0.134307	0.208017
200	0	0	71	0	1	0	0.208017	0.208516
200	0	0	71	0	1	1	0.208516	0.248439
200	0	0	71	0	1	0	0.248439	0.250433
200	0	0	71	0	1	1	0.250433	0.427
##	200	0	0	71	0	1	0.2
##	200	0	0	71	mtdna	1
200	0	0	72	0	0	1	0	0.0282323
200	0	0	72	0	0	0	0.0282323	0.0314036
200	0	0	72	0	0	1	0.0314036	0.172455
200	0	0	72	0	0	0	0.172455	0.185005
200	0	0	72	0	0	1	0.185005	0.254041
200	0	0	72	0	0	0	0.254041	0.254093
200	0	0	72	0	0	1	0.254093	0.292509
200	0	0	72	0	0	0	0.292509	0.295745
200	0	0	72	0	0	1	0.295745	0.378723
200	0	0	72	0	0	0	0.378723	0.392692
200	0	0	72	0	0	1	0.392692	0.427
##	200	0	0	72	0	0	0.2
200	0	0	72	0	1	1	0	0.043052
200	0	0	72	0	1	0	0.043052	0.0647043
200	0	0	72	0	1	1	0.0647043	0.111691
200	0	0	72	0	1	0	0.111691	0.118966
200	0	0	72	0	1	1	0.118966	0.150658
200	0	0	72	0	1	0	0.150658	0.151455
200	0	0	72	0	1	1	0.151455	0.217902
200	0	0	72	0	1	0	0.217902	0.225069
200	0	0	72	0	1	1	0.225069	0.29953
200	0	0	72	0	1	0	0.29953	0.300243
200	0	0	72	0	1	1	0.300243	0.311577
200	0	0	72	0	1	0	0.311577	0.316724
200	0	0	72	0	1	1	0.316724	0.4016
200	0	0	72	0	1	0	0.4016	0.421051
200	0	0	72	0	1	1	0.421051	0.427
##	200	0	0	72	0	1	0.2
##	200	0	0	72	mtdna	1
200	0	0	73	0	0	1	0	0.0373484
200	0	0	73	0	0	0	0.0373484	0.0417205
200	0	0	73	0	0	1	0.0417205	0.0526345
200	0	0	73	0	0	0	0.0526345	0.0551032
200	0	0	73	0	0	1	0.0551032	0.0612606
200	0	0	73	0	0	0	0.0612606	0.0618985
200	0	0	73	0	0	1	0.0618985	0.0887688
200	0	0	73	0	0	0	0.0887688	0.0970994
200	0	0	73	0	0	1	0.0970994	0.271949
200	0	0	73	0	0	0	0.271949	0.289208
200	0	0	73	0	0	1	0.289208	0.390974
200	0	0	73	0	0	0	0.390974	0.395299
200	0	0	73	0	0	1	0.395299	0.403731
200	0	0	73	0	0	0	0.403731	0.404063
200	0	0	73	0	0	1	0.404063	0.427
##	200	0	0	73	0	0	0.2
200	0	0	73	0	1	1	0	0.0116525
200	0	0	73	0	1	0	0.0116525	0.0253196
200	0	0	73	0	1	1	0.0253196	0.361939
200	0	0	73	0	1	0	0.361939	0.36975
200	0	0	73	0	1	1	0.36975	0.3947
200	0	0	73	0	1	0	0.3947	0.400653
200	0	0	73	0	1	1	0.400653	0.427
##	200	0	0	73	0	1	0.2
##	200	0	0	73	mtdna	1
200	0	0	74	0	0	1	0	0.0246042
200	0	0	74	0	0	0	0.0246042	0.0255749
200	0	0	74	0	0	1	0.0255749	0.163977
200	0	0	74	0	0	0	0.163977	0.165834
200	0	0	74	0	0	1	0.165834	0.189532
200	0	0	74	0	0	0	0.189532	0.192107
200	0	0	74	0	0	1	0.192107	0.200922
200	0	0	74	0	0	0	0.200922	0.204958
200	0	0	74	0	0	1	0.204958	0.211
200	0	0	74	0	0	0	0.211	0.215801
200	0	0	74	0	0	1	0.215801	0.221222
200	0	0	74	0	0	0	0.221222	0.229096
200	0	0	74	0	0	1	0.229096	0.266072
200	0	0	74	0	0	0	0.266072	0.276314
200	0	0	74	0	0	1	0.276314	0.427
##	200	0	0	74	0	0	0.2
200	0	0	74	0	1	1	0	0.325194
200	0	0	74	0	1	0	0.325194	0.342334
200	0	0	74	0	1	1	0.342334	0.427
##	200	0	0	74	0	1	0.2
##	200	0	0	74	mtdna	1
200	0	0	75	0	0	1	0	0.00561412
200	0	0	75	0	0	0	0.00561412	0.0119888
200	0	0	75	0	0	1	0.0119888	0.0934203
200	0	0	75	0	0	0	0.0934203	0.0958311
200	0	0	75	0	0	1	0.0958311	0.134993
200	0	0	75	0	0	0	0.134993	0.141895
200	0	0	75	0	0	1	0.141895	0.168834
200	0	0	75	0	0	0	0.168834	0.18355
200	0	0	75	0	0	1	0.18355	0.198608
200	0	0	75	0	0	0	0.198608	0.21378
200	0	0	75	0	0	1	0.21378	0.314173
200	0	0	75	0	0	0	0.314173	0.316724
200	0	0	75	0	0	1	0.316724	0.427
##	200	0	0	75	0	0
200	0	0	75	0	1	1	0	0.0729449
200	0	0	75	0	1	0	0.0729449	0.0807058
200	0	0	75	0	1	1	0.0807058	0.148488
200	0	0	75	0	1	0	0.148488	0.148684
200	0	0	75	0	1	1	0.148684	0.241882
200	0	0	75	0	1	0	0.241882	0.242029
200	0	0	75	0	1	1	0.242029	0.262119
200	0	0	75	0	1	0	0.262119	0.266686
200	0	0	75	0	1	1	0.266686	0.328828
200	0	0	75	0	1	0	0.328828	0.351683
200	0	0	75	0	1	1	0.351683	0.427
##	200	0	0	75	0	1	0.2
##	200	0	0	75	mtdna	1
200	0	0	76	0	0	1	0	0.258151
200	0	0	76	0	0	0	0.258151	0.268084
200	0	0	76	0	0	1	0.268084	0.369121
200	0	0	76	0	0	0	0.369121	0.380411
200	0	0	76	0	0	1	0.380411	0.380651
200	0	0	76	0	0	0	0.380651	0.384436
200	0	0	76	0	0	1	0.384436	0.390581
200	0	0	76	0	0	0	0.390581	0.396993
200	0	0	76	0	0	1	0.396993	0.427
##	200	0	0	76	0	0	0.2
200	0	0	76	0	1	1	0	0.213263
200	0	0	76	0	1	0	0.213263	0.215463
200	0	0	76	0	1	1	0.215463	0.231777
200	0	0	76	0	1	0	0.231777	0.234618
200	0	0	76	0	1	1	0.234618	0.23597
200	0	0	76	0	1	0	0.23597	0.245191
200	0	0	76	0	1	1	0.245191	0.264886
200	0	0	76	0	1	0	0.264886	0.268614
200	0	0	76	0	1	1	0.268614	0.403731
200	0	0	76	0	1	0	0.403731	0.408572
200	0	0	76	0	1	1	0.408572	0.427
##	200	0	0	76	0	1	0.2
##	200	0	0	76	mtdna	1
200	0	0	77	0	0	1	0	0.0242739
200	0	0	77	0	0	0	0.0242739	0.0284305
200	0	0	77	0	0	1	0.0284305	0.171475
200	0	0	77	0	0	0	0.171475	0.181216
200	0	0	77	0	0	1	0.181216	0.368549
200	0	0	77	0	0	0	0.368549	0.370658
200	0	0	77	0	0	1	0.370658	0.427
##	200	0	0	77	0	0	0.2
200	0	0	77	0	1	1	0	0.0242373
200	0	0	77	0	1	0	0.0242373	0.0306032
200	0	0	77	0	1	1	0.0306032	0.223382
200	0	0	77	0	1	0	0.223382	0.248426
200	0	0	77	0	1	1	0.248426	0.251853
200	0	0	77	0	1	0	0.251853	0.254643
200	0	0	77	0	1	1	0.254643	0.427
##	200	0	0	77	0	1	0.2
##	200	0	0	77	mtdna	1
200	0	0	78	0	0	1	0	0.0800114
200	0	0	78	0	0	0	0.0800114	0.0862708
200	0	0	78	0	0	1	0.0862708	0.187399
200	0	0	78	0	0	0	0.187399	0.196101
200	0	0	78	0	0	1	0.196101	0.200243
200	0	0	78	0	0	0	0.200243	0.205365
200	0	0	78	0	0	1	0.205365	0.250077
200	0	0	78	0	0	0	0.250077	0.251802
200	0	0	78	0	0	1	0.251802	0.427
##	200	0	0	78	0	0	0.2
200	0	0	78	0	1	1	0	0.0463614
200	0	0	78	0	1	0	0.0463614	0.0484589
200	0	0	78	0	1	1	0.0484589	0.127368
200	0	0	78	0	1	0	0.127368	0.127955
200	0	0	78	0	1	1	0.127955	0.311574
200	0	0	78	0	1	0	0.311574	0.314267
200	0	0	78	0	1	1	0.314267	0.400511
200	0	0	78	0	1	0	0.400511	0.405758
200	0	0	78	0	1	1	0.405758	0.40727
200	0	0	78	0	1	0	0.40727	0.42247
200	0	0	78	0	1	1	0.42247	0.427
##	200	0	0	78	0	1	0.2
##	200	0	0	78	mtdna	1
200	0	0	79	0	0	1	0	0.0780506
200	0	0	79	0	0	0	0.0780506	0.0782712
200	0	0	79	0	0	1	0.0782712	0.131295
200	0	0	79	0	0	0	0.131295	0.13652
200	0	0	79	0	0	1	0.13652	0.197301
200	0	0	79	0	0	0	0.197301	0.202714
200	0	0	79	0	0	1	0.202714	0.205908
200	0	0	79	0	0	0	0.205908	0.209995
200	0	0	79	0	0	1	0.209995	0.212506
200	0	0	79	0	0	0	0.212506	0.221612
200	0	0	79	0	0	1	0.221612	0.427
##	200	0	0	79	0	0
200	0	0	79	0	1	1	0	0.0669299
200	0	0	79	0	1	0	0.0669299	0.0734959
200	0	0	79	0	1	1	0.0734959	0.10956
200	0	0	79	0	1	0	0.10956	0.119005
200	0	0	79	0	1	1	0.119005	0.134858
200	0	0	79	0	1	0	0.134858	0.144716
200	0	0	79	0	1	1	0.144716	0.177765
200	0	0	79	0	1	0	0.177765	0.181635
200	0	0	79	0	1	1	0.181635	0.217705
200	0	0	79	0	1	0	0.217705	0.219312
200	0	0	79	0	1	1	0.219312	0.264503
200	0	0	79	0	1	0	0.264503	0.28891
200	0	0	79	0	1	1	0.28891	0.298015
200	0	0	79	0	1	0	0.298015	0.303914
200	0	0	79	0	1	1	0.303914	0.325911
200	0	0	79	0	1	0	0.325911	0.326063
200	0	0	79	0	1	1	0.326063	0.329452
200	0	0	79	0	1	0	0.329452	0.334332
200	0	0	79	0	1	1	0.334332	0.419811
200	0	0	79	0	1	0	0.419811	0.427
##	200	0	0	79	0	1	0.2
##	200	0	0	79	mtdna	1
200	0	0	80	0	0	1	0	0.00679813
200	0	0	80	0	0	0	0.00679813	0.0143919
200	0	0	80	0	0	1	0.0143919	0.110794
200	0	0	80	0	0	0	0.110794	0.117853
200	0	0	80	0	0	1	0.117853	0.141841
200	0	0	80	0	0	0	0.141841	0.145658
200	0	0	80	0	0	1	0.145658	0.205947
200	0	0	80	0	0	0	0.205947	0.210356
200	0	0	80	0	0	1	0.210356	0.427
##	200	0	0	80	0	0	0.2
200	0	0	80	0	1	1	0	0.0413016
200	0	0	80	0	1	0	0.0413016	0.0439287
200	0	0	80	0	1	1	0.0439287	0.159299
200	0	0	80	0	1	0	0.159299	0.16434
200	0	0	80	0	1	1	0.16434	0.23072
200	0	0	80	0	1	0	0.23072	0.230924
200	0	0	80	0	1	1	0.230924	0.403355
200	0	0	80	0	1	0	0.403355	0.404551
200	0	0	80	0	1	1	0.404551	0.427
##	200	0	0	80	0	1	0.2
##	200	0	0	80	mtdna	1
200	0	0	81	0	0	1	0	0.060485
200	0	0	81	0	0	0	0.060485	0.0688702
200	0	0	81	0	0	1	0.0688702	0.0731999
200	0	0	81	0	0	0	0.0731999	0.0769218
200	0	0	81	0	0	1	0.0769218	0.0786842
200	0	0	81	0	0	0	0.0786842	0.0838589
200	0	0	81	0	0	1	0.0838589	0.214745
200	0	0	81	0	0	0	0.214745	0.216963
200	0	0	81	0	0	1	0.216963	0.270723
200	0	0	81	0	0	0	0.270723	0.277307
200	0	0	81	0	0	1	0.277307	0.316138
200	0	0	81	0	0	0	0.316138	0.317483
200	0	0	81	0	0	1	0.317483	0.427
##	200	0	0	81	0	0	0.2
200	0	0	81	0	1	1	0	0.0557257
200	0	0	81	0	1	0	0.0557257	0.0562675
200	0	0	81	0	1	1	0.0562675	0.0822763
200	0	0	81	0	1	0	0.0822763	0.100048
200	0	0	81	0	1	1	0.100048	0.117206
200	0	0	81	0	1	0	0.117206	0.117234
200	0	0	81	0	1	1	0.117234	0.151938
200	0	0	81	0	1	0	0.151938	0.159257
200	0	0	81	0	1	1	0.159257	0.183952
200	0	0	81	0	1	0	0.183952	0.19068
200	0	0	81	0	1	1	0.19068	0.238717
200	0	0	81	0	1	0	0.238717	0.240712
200	0	0	81	0	1	1	0.240712	0.251089
200	0	0	81	0	1	0	0.251089	0.25654
200	0	0	81	0	1	1	0.25654	0.352968
200	0	0	81	0	1	0	0.352968	0.357724
200	0	0	81	0	1	1	0.357724	0.375702
200	0	0	81	0	1	0	0.375702	0.380834
200	0	0	81	0	1	1	0.380834	0.427
##	200	0	0	81	0	1	0.2
##	200	0	0	81	mtdna	1
200	0	0	82	0	0	1	0	0.0143966
200	0	0	82	0	0	0	0.0143966	0.017051
200	0	0	82	0	0	1	0.017051	0.0617993
200	0	0	82	0	0	0	0.0617993	0.063489
200	0	0	82	0	0	1	0.063489	0.0688701
200	0	0	82	0	0	0	0.0688701	0.0695932
200	0	0	82	0	0	1	0.0695932	0.116712
200	0	0	82	0	0	0	0.116712	0.117424
200	0	0	82	0	0	1	0.117424	0.170092
200	0	0	82	0	0	0	0.170092	0.17798
200	0	0	82	0	0	1	0.17798	0.37838
200	0	0	82	0	0	0	0.37838	0.380839
200	0	0	82	0	0	1	0.380839	0.391607
200	0	0	82	0	0	0	0.391607	0.397854
200	0	0	82	0	0	1	0.397854	0.427
##	200	0	0	82	0	0	0.2
200	0	0	82	0	1	1	0	0.0042566
200	0	0	82	0	1	0	0.0042566	0.0102974
200	0	0	82	0	1	1	0.0102974	0.0518331
200	0	0	82	0	1	0	0.0518331	0.053438
200	0	0	82	0	1	1	0.053438	0.145082
200	0	0	82	0	1	0	0.145082	0.158128
200	0	0	82	0	1	1	0.158128	0.18049
200	0	0	82	0	1	0	0.18049	0.18377
200	0	0	82	0	1	1	0.18377	0.195835
200	0	0	82	0	1	0	0.195835	0.204545
200	0	0	82	0	1	1	0.204545	0.235068
200	0	0	82	0	1	0	0.235068	0.235461
200	0	0	82	0	1	1	0.235461	0.25827
200	0	0	82	0	1	0	0.25827	0.258303
200	0	0	82	0	1	1	0.258303	0.287681
200	0	0	82	0	1	0	0.287681	0.29772
200	0	0	82	0	1	1	0.29772	0.316071
200	0	0	82	0	1	0	0.316071	0.319022
200	0	0	82	0	1	1	0.319022	0.427
##	200	0	0	82	0	1
##	200	0	0	82	mtdna	1
200	0	0	83	0	0	1	0	0.0188246
200	0	0	83	0	0	0	0.0188246	0.0212737
200	0	0	83	0	0	1	0.0212737	0.0637912
200	0	0	83	0	0	0	0.0637912	0.0753764
200	0	0	83	0	0	1	0.0753764	0.113574
200	0	0	83	0	0	0	0.113574	0.119005
200	0	0	83	0	0	1	0.119005	0.181235
200	0	0	83	0	0	0	0.181235	0.184613
200	0	0	83	0	0	1	0.184613	0.198381
200	0	0	83	0	0	0	0.198381	0.207532
200	0	0	83	0	0	1	0.207532	0.208577
200	0	0	83	0	0	0	0.208577	0.210241
200	0	0	83	0	0	1	0.210241	0.24446
200	0	0	83	0	0	0	0.24446	0.252605
200	0	0	83	0	0	1	0.252605	0.348029
200	0	0	83	0	0	0	0.348029	0.350507
200	0	0	83	0	0	1	0.350507	0.418455
200	0	0	83	0	0	0	0.418455	0.41964
200	0	0	83	0	0	1	0.41964	0.427
##	200	0	0	83	0	0
200	0	0	83	0	1	1	0	0.0373484
200	0	0	83	0	1	0	0.0373484	0.0417205
200	0	0	83	0	1	1	0.0417205	0.0958198
200	0	0	83	0	1	0	0.0958198	0.0967093
200	0	0	83	0	1	1	0.0967093	0.174403
200	0	0	83	0	1	0	0.174403	0.175477
200	0	0	83	0	1	1	0.175477	0.185632
200	0	0	83	0	1	0	0.185632	0.189425
200	0	0	83	0	1	1	0.189425	0.196957
200	0	0	83	0	1	0	0.196957	0.203171
200	0	0	83	0	1	1	0.203171	0.223588
200	0	0	83	0	1	0	0.223588	0.224655
200	0	0	83	0	1	1	0.224655	0.241706
200	0	0	83	0	1	0	0.241706	0.24406
200	0	0	83	0	1	1	0.24406	0.247068
200	0	0	83	0	1	0	0.247068	0.251006
200	0	0	83	0	1	1	0.251006	0.426885
200	0	0	83	0	1	0	0.426885	0.427
##	200	0	0	83	0	1
##	200	0	0	83	mtdna	1
200	0	0	84	0	0	1	0	0.0126366
200	0	0	84	0	0	0	0.0126366	0.0234141
200	0	0	84	0	0	1	0.0234141	0.181267
200	0	0	84	0	0	0	0.181267	0.182786
200	0	0	84	0	0	1	0.182786	0.24322
200	0	0	84	0	0	0	0.24322	0.244046
200	0	0	84	0	0	1	0.244046	0.254943
200	0	0	84	0	0	0	0.254943	0.263983
200	0	0	84	0	0	1	0.263983	0.427
##	200	0	0	84	0	0	0.2
200	0	0	84	0	1	1	0	0.0660149
200	0	0	84	0	1	0	0.0660149	0.0695932
200	0	0	84	0	1	1	0.0695932	0.0926164
200	0	0	84	0	1	0	0.0926164	0.092912
200	0	0	84	0	1	1	0.092912	0.107718
200	0	0	84	0	1	0	0.107718	0.109786
200	0	0	84	0	1	1	0.109786	0.149175
200	0	0	84	0	1	0	0.149175	0.159845
200	0	0	84	0	1	1	0.159845	0.202658
200	0	0	84	0	1	0	0.202658	0.213403
200	0	0	84	0	1	1	0.213403	0.427
##	200	0	0	84	0	1	0.2
##	200	0	0	84	mtdna	1
200	0	0	85	0	0	1	0	0.261609
200	0	0	85	0	0	0	0.261609	0.268144
200	0	0	85	0	0	1	0.268144	0.380407
200	0	0	85	0	0	0	0.380407	0.393632
200	0	0	85	0	0	1	0.393632	0.427
##	200	0	0	85	0	0	0.2
200	0	0	85	0	1	1	0	0.0383547
200	0	0	85	0	1	0	0.0383547	0.0511121
200	0	0	85	0	1	1	0.0511121	0.188347
200	0	0	85	0	1	0	0.188347	0.196861
200	0	0	85	0	1	1	0.196861	0.212151
200	0	0	85	0	1	0	0.212151	0.213687
200	0	0	85	0	1	1	0.213687	0.245787
200	0	0	85	0	1	0	0.245787	0.249065
200	0	0	85	0	1	1	0.249065	0.263583
200	0	0	85	0	1	0	0.263583	0.266025
200	0	0	85	0	1	1	0.266025	0.316138
200	0	0	85	0	1	0	0.316138	0.323049
200	0	0	85	0	1	1	0.323049	0.427
##	200	0	0	85	0	1	0.2
##	200	0	0	85	mtdna	1
200	0	0	86	0	0	1	0	0.00958365
200	0	0	86	0	0	0	0.00958365	0.00962948
200	0	0	86	0	0	1	0.00962948	0.111041
200	0	0	86	0	0	0	0.111041	0.128636
200	0	0	86	0	0	1	0.128636	0.21466
200	0	0	86	0	0	0	0.21466	0.216642
200	0	0	86	0	0	1	0.216642	0.29397
200	0	0	86	0	0	0	0.29397	0.300152
200	0	0	86	0	0	1	0.300152	0.360231
200	0	0	86	0	0	0	0.360231	0.361027
200	0	0	86	0	0	1	0.361027	0.427
##	200	0	0	86	0	0	0.2
200	0	0	86	0	1	1	0	0.0778152
200	0	0	86	0	1	0	0.0778152	0.0781222
200	0	0	86	0	1	1	0.0781222	0.205371
200	0	0	86	0	1	0	0.205371	0.216431
200	0	0	86	0	1	1	0.216431	0.280227
200	0	0	86	0	1	0	0.280227	0.280644
200	0	0	86	0	1	1	0.280644	0.289239
200	0	0	86	0	1	0	0.289239	0.289523
200	0	0	86	0	1	1	0.289523	0.310765
200	0	0	86	0	1	0	0.310765	0.316248
200	0	0	86	0	1	1	0.316248	0.329151
200	0	0	86	0	1	0	0.329151	0.334311
200	0	0	86	0	1	1	0.334311	0.427
##	200	0	0	86	0	1	0.2
##	200	0	0	86	mtdna	1
200	0	0	87	0	0	1	0	0.0544502
200	0	0	87	0	0	0	0.0544502	0.0565239
200	0	0	87	0	0	1	0.0565239	0.096682
200	0	0	87	0	0	0	0.096682	0.097004
200	0	0	87	0	0	1	0.097004	0.11901
200	0	0	87	0	0	0	0.11901	0.121377
200	0	0	87	0	0	1	0.121377	0.190628
200	0	0	87	0	0	0	0.190628	0.208001
200	0	0	87	0	0	1	0.208001	0.315061
200	0	0	87	0	0	0	0.315061	0.315111
200	0	0	87	0	0	1	0.315111	0.315403
200	0	0	87	0	0	0	0.315403	0.323195
200	0	0	87	0	0	1	0.323195	0.340374
200	0	0	87	0	0	0	0.340374	0.342421
200	0	0	87	0	0	1	0.342421	0.392449
200	0	0	87	0	0	0	0.392449	0.397819
200	0	0	87	0	0	1	0.397819	0.41117
200	0	0	87	0	0	0	0.41117	0.413652
200	0	0	87	0	0	1	0.413652	0.427
##	200	0	0	87	0	0
200	0	0	87	0	1	1	0	0.0333211
200	0	0	87	0	1	0	0.0333211	0.0366346
200	0	0	87	0	1	1	0.0366346	0.172042
200	0	0	87	0	1	0	0.172042	0.182889
200	0	0	87	0	1	1	0.182889	0.410168
200	0	0	87	0	1	0	0.410168	0.414282
200	0	0	87	0	1	1	0.414282	0.427
##	200	0	0	87	0	1	0.2
##	200	0	0	87	mtdna	1
200	0	0	88	0	0	1	0	0.0660149
200	0	0	88	0	0	0	0.0660149	0.0695932
200	0	0	88	0	0	1	0.0695932	0.0926164
200	0	0	88	0	0	0	0.0926164	0.092912
200	0	0	88	0	0	1	0.092912	0.107718
200	0	0	88	0	0	0	0.107718	0.109786
200	0	0	88	0	0	1	0.109786	0.149175
200	0	0	88	0	0	0	0.149175	0.159845
200	0	0	88	0	0	1	0.159845	0.202658
200	0	0	88	0	0	0	0.202658	0.213403
200	0	0	88	0	0	1	0.213403	0.239789
200	0	0	88	0	0	0	0.239789	0.289208
200	0	0	88	0	0	1	0.289208	0.329151
200	0	0	88	0	0	0	0.329151	0.334311
200	0	0	88	0	0	1	0.334311	0.427
##	200	0	0	88	0	0	0.2
200	0	0	88	0	1	1	0	0.080337
200	0	0	88	0	1	0	0.080337	0.0805502
200	0	0	88	0	1	1	0.0805502	0.11096
200	0	0	88	0	1	0	0.11096	0.119824
200	0	0	88	0	1	1	0.119824	0.135263
200	0	0	88	0	1	0	0.135263	0.139626
200	0	0	88	0	1	1	0.139626	0.182617
200	0	0	88	0	1	0	0.182617	0.183639
200	0	0	88	0	1	1	0.183639	0.217705
200	0	0	88	0	1	0	0.217705	0.218182
200	0	0	88	0	1	1	0.218182	0.254204
200	0	0	88	0	1	0	0.254204	0.255111
200	0	0	88	0	1	1	0.255111	0.303588
200	0	0	88	0	1	0	0.303588	0.308991
200	0	0	88	0	1	1	0.308991	0.316364
200	0	0	88	0	1	0	0.316364	0.318861
200	0	0	88	0	1	1	0.318861	0.427
##	200	0	0	88	0	1	0.2
##	200	0	0	88	mtdna	1
200	0	0	89	0	0	1	0	0.0267077
200	0	0	89	0	0	0	0.0267077	0.0271895
200	0	0	89	0	0	1	0.0271895	0.140059
200	0	0	89	0	0	0	0.140059	0.146194
200	0	0	89	0	0	1	0.146194	0.203278
200	0	0	89	0	0	0	0.203278	0.206543
200	0	0	89	0	0	1	0.206543	0.211652
200	0	0	89	0	0	0	0.211652	0.2192
200	0	0	89	0	0	1	0.2192	0.245014
200	0	0	89	0	0	0	0.245014	0.250375
200	0	0	89	0	0	1	0.250375	0.264644
200	0	0	89	0	0	0	0.264644	0.268142
200	0	0	89	0	0	1	0.268142	0.314471
200	0	0	89	0	0	0	0.314471	0.323256
200	0	0	89	0	0	1	0.323256	0.427
##	200	0	0	89	0	0	0.2
200	0	0	89	0	1	1	0	0.139799
200	0	0	89	0	1	0	0.139799	0.148327
200	0	0	89	0	1	1	0.148327	0.20504
200	0	0	89	0	1	0	0.20504	0.207472
200	0	0	89	0	1	1	0.207472	0.250822
200	0	0	89	0	1	0	0.250822	0.253105
200	0	0	89	0	1	1	0.253105	0.30404
200	0	0	89	0	1	0	0.30404	0.308625
200	0	0	89	0	1	1	0.308625	0.427
##	200	0	0	89	0	1	0.2
##	200	0	0	89	mtdna	1
200	0	0	90	0	0	1	0	0.0148175
200	0	0	90	0	0	0	0.0148175	0.0154232
200	0	0	90	0	0	1	0.0154232	0.115323
200	0	0	90	0	0	0	0.115323	0.128451
200	0	0	90	0	0	1	0.128451	0.261693
200	0	0	90	0	0	0	0.261693	0.262864
200	0	0	90	0	0	1	0.262864	0.308347
200	0	0	90	0	0	0	0.308347	0.322474
200	0	0	90	0	0	1	0.322474	0.404945
200	0	0	90	0	0	0	0.404945	0.405624
200	0	0	90	0	0	1	0.405624	0.427
##	200	0	0	90	0	0	0.2
200	0	0	90	0	1	1	0	0.00518126
200	0	0	90	0	1	0	0.00518126	0.00866659
200	0	0	90	0	1	1	0.00866659	0.0443944
200	0	0	90	0	1	0	0.0443944	0.0498952
200	0	0	90	0	1	1	0.0498952	0.409662
200	0	0	90	0	1	0	0.409662	0.410347
200	0	0	90	0	1	1	0.410347	0.427
##	200	0	0	90	0	1	0.2
##	200	0	0	90	mtdna	1
200	0	0	91	0	0	1	0	0.0373458
200	0	0	91	0	0	0	0.0373458	0.0382948
200	0	0	91	0	0	1	0.0382948	0.0733384
200	0	0	91	0	0	0	0.0733384	0.0785804
200	0	0	91	0	0	1	0.0785804	0.131295
200	0	0	91	0	0	0	0.131295	0.13652
200	0	0	91	0	0	1	0.13652	0.171743
200	0	0	91	0	0	0	0.171743	0.190882
200	0	0	91	0	0	1	0.190882	0.213441
200	0	0	91	0	0	0	0.213441	0.214058
200	0	0	91	0	0	1	0.214058	0.266072
200	0	0	91	0	0	0	0.266072	0.266309
200	0	0	91	0	0	1	0.266309	0.277692
200	0	0	91	0	0	0	0.277692	0.278872
200	0	0	91	0	0	1	0.278872	0.28846
200	0	0	91	0	0	0	0.28846	0.299285
200	0	0	91	0	0	1	0.299285	0.334434
200	0	0	91	0	0	0	0.334434	0.338817
200	0	0	91	0	0	1	0.338817	0.419717
200	0	0	91	0	0	0	0.419717	0.421035
200	0	0	91	0	0	1	0.421035	0.426474
200	0	0	91	0	0	0	0.426474	0.427
##	200	0	0	91	0	0	0.2
200	0	0	91	0	1	1	0	0.0262716
200	0	0	91	0	1	0	0.0262716	0.0263043
200	0	0	91	0	1	1	0.0263043	0.205139
200	0	0	91	0	1	0	0.205139	0.215256
200	0	0	91	0	1	1	0.215256	0.321593
200	0	0	91	0	1	0	0.321593	0.344164
200	0	0	91	0	1	1	0.344164	0.427
##	200	0	0	91	0	1	0.2
##	200	0	0	91	mtdna	1
200	0	0	92	0	0	1	0	0.125199
200	0	0	92	0	0	0	0.125199	0.126658
200	0	0	92	0	0	1	0.126658	0.155235
200	0	0	92	0	0	0	0.155235	0.159323
200	0	0	92	0	0	1	0.159323	0.196975
200	0	0	92	0	0	0	0.196975	0.204623
200	0	0	92	0	0	1	0.204623	0.243612
200	0	0	92	0	0	0	0.243612	0.254751
200	0	0	92	0	0	1	0.254751	0.427
##	200	0	0	92	0	0
200	0	0	92	0	1	1	0	0.142721
200	0	0	92	0	1	0	0.142721	0.145205
200	0	0	92	0	1	1	0.145205	0.205908
200	0	0	92	0	1	0	0.205908	0.227341
200	0	0	92	0	1	1	0.227341	0.393706
200	0	0	92	0	1	0	0.393706	0.395858
200	0	0	92	0	1	1	0.395858	0.427
##	200	0	0	92	0	1	0.2
##	200	0	0	92	mtdna	1
200	0	0	93	0	0	1	0	0.0373458
200	0	0	93	0	0	0	0.0373458	0.0409928
200	0	0	93	0	0	1	0.0409928	0.0665507
200	0	0	93	0	0	0	0.0665507	0.076937
200	0	0	93	0	0	1	0.076937	0.170881
200	0	0	93	0	0	0	0.170881	0.175083
200	0	0	93	0	0	1	0.175083	0.181612
200	0	0	93	0	0	0	0.181612	0.191279
200	0	0	93	0	0	1	0.191279	0.263583
200	0	0	93	0	0	0	0.263583	0.265159
200	0	0	93	0	0	1	0.265159	0.335484
200	0	0	93	0	0	0	0.335484	0.341677
200	0	0	93	0	0	1	0.341677	0.427
##	200	0	0	93	0	0	0.2
200	0	0	93	0	1	1	0	0.106395
200	0	0	93	0	1	0	0.106395	0.115645
200	0	0	93	0	1	1	0.115645	0.149313
200	0	0	93	0	1	0	0.149313	0.151005
200	0	0	93	0	1	1	0.151005	0.196285
200	0	0	93	0	1	0	0.196285	0.208258
200	0	0	93	0	1	1	0.208258	0.255351
200	0	0	93	0	1	0	0.255351	0.263096
200	0	0	93	0	1	1	0.263096	0.391854
200	0	0	93	0	1	0	0.391854	0.395234
200	0	0	93	0	1	1	0.395234	0.408534
200	0	0	93	0	1	0	0.408534	0.408853
200	0	0	93	0	1	1	0.408853	0.427
##	200	0	0	93	0	1
##	200	0	0	93	mtdna	1
200	0	0	94	0	0	1	0	0.011676
200	0	0	94	0	0	0	0.011676	0.0204122
200	0	0	94	0	0	1	0.0204122	0.124435
200	0	0	94	0	0	0	0.124435	0.124734
200	0	0	94	0	0	1	0.124734	0.199831
200	0	0	94	0	0	0	0.199831	0.215801
200	0	0	94	0	0	1	0.215801	0.221222
200	0	0	94	0	0	0	0.221222	0.225898
200	0	0	94	0	0	1	0.225898	0.299623
200	0	0	94	0	0	0	0.299623	0.303212
200	0	0	94	0	0	1	0.303212	0.326414
200	0	0	94	0	0	0	0.326414	0.334261
200	0	0	94	0	0	1	0.334261	0.427
##	200	0	0	94	0	0
200	0	0	94	0	1	1	0	0.0778152
200	0	0	94	0	1	0	0.0778152	0.0781222
200	0	0	94	0	1	1	0.0781222	0.0800114
200	0	0	94	0	1	0	0.0800114	0.0867714
200	0	0	94	0	1	1	0.0867714	0.149175
200	0	0	94	0	1	0	0.149175	0.149669
200	0	0	94	0	1	1	0.149669	0.191329
200	0	0	94	0	1	0	0.191329	0.203911
200	0	0	94	0	1	1	0.203911	0.247345
200	0	0	94	0	1	0	0.247345	0.252223
200	0	0	94	0	1	1	0.252223	0.401866
200	0	0	94	0	1	0	0.401866	0.403016
200	0	0	94	0	1	1	0.403016	0.415851
200	0	0	94	0	1	0	0.415851	0.416556
200	0	0	94	0	1	1	0.416556	0.427
##	200	0	0	94	0	1
##	200	0	0	94	mtdna	1
200	0	0	95	0	0	1	0	0.0178839
200	0	0	95	0	0	0	0.0178839	0.0228238
200	0	0	95	0	0	1	0.0228238	0.039206
200	0	0	95	0	0	0	0.039206	0.0425306
200	0	0	95	0	0	1	0.0425306	0.0523725
200	0	0	95	0	0	0	0.0523725	0.0602441
200	0	0	95	0	0	1	0.0602441	0.134993
200	0	0	95	0	0	0	0.134993	0.141895
200	0	0	95	0	0	1	0.141895	0.168834
200	0	0	95	0	0	0	0.168834	0.18355
200	0	0	95	0	0	1	0.18355	0.23076
200	0	0	95	0	0	0	0.23076	0.235334
200	0	0	95	0	0	1	0.235334	0.278205
200	0	0	95	0	0	0	0.278205	0.283244
200	0	0	95	0	0	1	0.283244	0.303565
200	0	0	95	0	0	0	0.303565	0.30358
200	0	0	95	0	0	1	0.30358	0.399232
200	0	0	95	0	0	0	0.399232	0.4122
200	0	0	95	0	0	1	0.4122	0.427
##	200	0	0	95	0	0	0.2
200	0	0	95	0	1	1	0	0.116758
200	0	0	95	0	1	0	0.116758	0.133475
200	0	0	95	0	1	1	0.133475	0.140059
200	0	0	95	0	1	0	0.140059	0.146194
200	0	0	95	0	1	1	0.146194	0.166696
200	0	0	95	0	1	0	0.166696	0.167941
200	0	0	95	0	1	1	0.167941	0.185408
200	0	0	95	0	1	0	0.185408	0.2033
200	0	0	95	0	1	1	0.2033	0.261103
200	0	0	95	0	1	0	0.261103	0.261881
200	0	0	95	0	1	1	0.261881	0.414677
200	0	0	95	0	1	0	0.414677	0.427
##	200	0	0	95	0	1
##	200	0	0	95	mtdna	1
200	0	0	96	0	0	1	0	0.00628576
200	0	0	96	0	0	0	0.00628576	0.00740727
200	0	0	96	0	0	1	0.00740727	0.0333203
200	0	0	96	0	0	0	0.0333203	0.0413528
200	0	0	96	0	0	1	0.0413528	0.0464456
200	0	0	96	0	0	0	0.0464456	0.0526226
200	0	0	96	0	0	1	0.0526226	0.120784
200	0	0	96	0	0	0	0.120784	0.136562
200	0	0	96	0	0	1	0.136562	0.184191
200	0	0	96	0	0	0	0.184191	0.192011
200	0	0	96	0	0	1	0.192011	0.197508
200	0	0	96	0	0	0	0.197508	0.208956
200	0	0	96	0	0	1	0.208956	0.213212
200	0	0	96	0	0	0	0.213212	0.215572
200	0	0	96	0	0	1	0.215572	0.427
##	200	0	0	96	0	0
200	0	0	96	0	1	1	0	0.134793
200	0	0	96	0	1	0	0.134793	0.138001
200	0	0	96	0	1	1	0.138001	0.175022
200	0	0	96	0	1	0	0.175022	0.175292
200	0	0	96	0	1	1	0.175292	0.19394
200	0	0	96	0	1	0	0.19394	0.1948
200	0	0	96	0	1	1	0.1948	0.212881
200	0	0	96	0	1	0	0.212881	0.214304
200	0	0	96	0	1	1	0.214304	0.224354
200	0	0	96	0	1	0	0.224354	0.237501
200	0	0	96	0	1	1	0.237501	0.35396
200	0	0	96	0	1	0	0.35396	0.376192
200	0	0	96	0	1	1	0.376192	0.37844
200	0	0	96	0	1	0	0.37844	0.387762
200	0	0	96	0	1	1	0.387762	0.423251
200	0	0	96	0	1	0	0.423251	0.425259
200	0	0	96	0	1	1	0.425259	0.427
##	200	0	0	96	0	1	0.2
##	200	0	0	96	mtdna	1
200	0	0	97	0	0	1	0	0.0373975
200	0	0	97	0	0	0	0.0373975	0.0393966
200	0	0	97	0	0	1	0.0393966	0.197408
200	0	0	97	0	0	0	0.197408	0.201174
200	0	0	97	0	0	1	0.201174	0.205908
200	0	0	97	0	0	0	0.205908	0.228346
200	0	0	97	0	0	1	0.228346	0.271846
200	0	0	97	0	0	0	0.271846	0.274788
200	0	0	97	0	0	1	0.274788	0.338231
200	0	0	97	0	0	0	0.338231	0.338544
200	0	0	97	0	0	1	0.338544	0.369251
200	0	0	97	0	0	0	0.369251	0.36978
200	0	0	97	0	0	1	0.36978	0.427
##	200	0	0	97	0	0
200	0	0	97	0	1	1	0	0.080337
200	0	0	97	0	1	0	0.080337	0.0805502
200	0	0	97	0	1	1	0.0805502	0.23597
200	0	0	97	0	1	0	0.23597	0.245191
200	0	0	97	0	1	1	0.245191	0.249984
200	0	0	97	0	1	0	0.249984	0.25182
200	0	0	97	0	1	1	0.25182	0.309456
200	0	0	97	0	1	0	0.309456	0.313569
200	0	0	97	0	1	1	0.313569	0.380465
200	0	0	97	0	1	0	0.380465	0.391557
200	0	0	97	0	1	1	0.391557	0.427
##	200	0	0	97	0	1	0.2
##	200	0	0	97	mtdna	1
200	0	0	98	0	0	1	0	0.0348122
200	0	0	98	0	0	0	0.0348122	0.0425949
200	0	0	98	0	0	1	0.0425949	0.118614
200	0	0	98	0	0	0	0.118614	0.119972
200	0	0	98	0	0	1	0.119972	0.126972
200	0	0	98	0	0	0	0.126972	0.127836
200	0	0	98	0	0	1	0.127836	0.130909
200	0	0	98	0	0	0	0.130909	0.134122
200	0	0	98	0	0	1	0.134122	0.135625
200	0	0	98	0	0	0	0.135625	0.142358
200	0	0	98	0	0	1	0.142358	0.154857
200	0	0	98	0	0	0	0.154857	0.158111
200	0	0	98	0	0	1	0.158111	0.178727
200	0	0	98	0	0	0	0.178727	0.180645
200	0	0	98	0	0	1	0.180645	0.294351
200	0	0	98	0	0	0	0.294351	0.300386
200	0	0	98	0	0	1	0.300386	0.305298
200	0	0	98	0	0	0	0.305298	0.308592
200	0	0	98	0	0	1	0.308592	0.427
##	200	0	0	98	0	0	0.2
200	0	0	98	0	1	1	0	0.0532292
200	0	0	98	0	1	0	0.0532292	0.0639481
200	0	0	98	0	1	1	0.0639481	0.102788
200	0	0	98	0	1	0	0.102788	0.117385
200	0	0	98	0	1	1	0.117385	0.214745
200	0	0	98	0	1	0	0.214745	0.216963
200	0	0	98	0	1	1	0.216963	0.280638
200	0	0	98	0	1	0	0.280638	0.284422
200	0	0	98	0	1	1	0.284422	0.328828
200	0	0	98	0	1	0	0.328828	0.344236
200	0	0	98	0	1	1	0.344236	0.427
##	200	0	0	98	0	1	0.2
##	200	0	0	98	mtdna	1
200	0	0	99	0	0	1	0	0.0464456
200	0	0	99	0	0	0	0.0464456	0.0526226
200	0	0	99	0	0	1	0.0526226	0.0804104
200	0	0	99	0	0	0	0.0804104	0.0835918
200	0	0	99	0	0	1	0.0835918	0.121703
200	0	0	99	0	0	0	0.121703	0.125992
200	0	0	99	0	0	1	0.125992	0.153772
200	0	0	99	0	0	0	0.153772	0.157365
200	0	0	99	0	0	1	0.157365	0.18025
200	0	0	99	0	0	0	0.18025	0.180768
200	0	0	99	0	0	1	0.180768	0.349968
200	0	0	99	0	0	0	0.349968	0.356311
200	0	0	99	0	0	1	0.356311	0.423304
200	0	0	99	0	0	0	0.423304	0.425217
200	0	0	99	0	0	1	0.425217	0.427
##	200	0	0	99	0	0	0.2
200	0	0	99	0	1	1	0	0.0338627
200	0	0	99	0	1	0	0.0338627	0.0390222
200	0	0	99	0	1	1	0.0390222	0.151001
200	0	0	99	0	1	0	0.151001	0.161982
200	0	0	99	0	1	1	0.161982	0.284673
200	0	0	99	0	1	0	0.284673	0.295184
200	0	0	99	0	1	1	0.295184	0.348106
200	0	0	99	0	1	0	0.348106	0.348904
200	0	0	99	0	1	1	0.348904	0.404945
200	0	0	99	0	1	0	0.404945	0.405624
200	0	0	99	0	1	1	0.405624	0.427
##	200	0	0	99	0	1	0.2
##	200	0	0	99	mtdna	1
200	0	0	100	0	0	1	0	0.00607521
200	0	0	100	0	0	0	0.00607521	0.0121432
200	0	0	100	0	0	1	0.0121432	0.0997515
200	0	0	100	0	0	0	0.0997515	0.101788
200	0	0	100	0	0	1	0.101788	0.181217
200	0	0	100	0	0	0	0.181217	0.181568
200	0	0	100	0	0	1	0.181568	0.202632
200	0	0	100	0	0	0	0.202632	0.206394
200	0	0	100	0	0	1	0.206394	0.219104
200	0	0	100	0	0	0	0.219104	0.228346
200	0	0	100	0	0	1	0.228346	0.245981
200	0	0	100	0	0	0	0.245981	0.24612
200	0	0	100	0	0	1	0.24612	0.266922
200	0	0	100	0	0	0	0.266922	0.272826
200	0	0	100	0	0	1	0.272826	0.278491
200	0	0	100	0	0	0	0.278491	0.303412
200	0	0	100	0	0	1	0.303412	0.41653
200	0	0	100	0	0	0	0.41653	0.420608
200	0	0	100	0	0	1	0.420608	0.427
##	200	0	0	100	0	0	0.2
200	0	0	100	0	1	1	0	0.0619651
200	0	0	100	0	1	0	0.0619651	0.066981
200	0	0	100	0	1	1	0.066981	0.11854
200	0	0	100	0	1	0	0.11854	0.127536
200	0	0	100	0	1	1	0.127536	0.171956
200	0	0	100	0	1	0	0.171956	0.172785
200	0	0	100	0	1	1	0.172785	0.204874
200	0	0	100	0	1	0	0.204874	0.219597
200	0	0	100	0	1	1	0.219597	0.254943
200	0	0	100	0	1	0	0.254943	0.257701
200	0	0	100	0	1	1	0.257701	0.348008
200	0	0	100	0	1	0	0.348008	0.353183
200	0	0	100	0	1	1	0.353183	0.427
##	200	0	0	100	0	1	0.2
##	200	0	0	100	mtdna	1
