532	0.00511936	0.69908259809
109371	0.00592632266813	1.29156120867
204403	0.00592632266813	1.29666123539
310946	0.00445948210057	1.11258943751
426094	0.00101838673999	0.0458003394306
533218	0.00101838673999	-0.366626828909
631724	0.00101838673999	0.0982397049665
728976	0.00101838673999	0.0948701277375
839837	0.00339178463437	0.576877616346
947752	0.00592632266813	1.46603406221
1057417	0.00101838673999	0.180610857904
1158883	0.00101838673999	-0.487237341702
1269444	0.00101838673999	-0.603935327381
1375691	0.00101838673999	-0.343079831451
1475783	0.00101838673999	-0.452827002853
1572166	0.00101838673999	-0.0966022312641
1673748	0.00101838673999	-0.315399847925
1768911	0.00101838673999	-0.197603583336
1867630	0.00113738822097	0.211015366018
1955185	0.00101838673999	0.132280860096
2060601	0.00101838673999	0.0913583226502
2167903	0.00694320043489	1.5997299552
2273618	0.00198980998573	0.228089287877
2370559	0.00339178463437	0.548149995506
2472167	0.00101838673999	-0.0557511076331
2569095	0.00511935542439	1.15287885815
2655302	0.00720929583578	1.92879205942
2734831	0.00101838673999	0.0939834266901
2826854	0.00101838673999	0.132226254791
2922619	0.00155925858283	0.190388701856
3018430	0.00155925858283	0.189319070429
3117129	0.00155925858283	0.313626140356
3217225	0.00101838673999	-0.00996885448694
3315464	0.00101838673999	-0.166128780693
3423969	0.00101838673999	-0.474212765694
3528880	0.00101838673999	-1.22463035956
3621529	0.00101838673999	-1.95517191291
3718864	0.00101838673999	-2.70965866745
3811354	0.00101838673999	-3.68921419978
3906381	0.00101838673999	-3.89774493501
4010740	0.00101838673999	-3.88677053154
4110236	0.00101838673999	-4.46542762965
4203571	0.00101838673999	-5.3236733526
4308871	0.00101838673999	-4.95408494025
4408118	0.00101838673999	-5.96650003269
4511184	0.00101838673999	-6.32773175091
4611930	0.00101838673999	-7.19626875967
4711406	0.00101838673999	-7.49468680844
4816254	0.00101838673999	-7.82549360022
4923315	0.00101838673999	-6.74736433476
5028328	0.00101838673999	-5.65232815593
5127427	0.00101838673999	-4.82492069528
5213390	0.00101838673999	-4.29087521881
5310477	0.00101838673999	-3.82966586202
5407390	0.00101838673999	-4.23526946083
5509786	0.00101838673999	-3.76144488901
5583384	0.00101838673999	-3.70705645159
5686286	0.00101838673999	-3.0831887275
5787666	0.00101838673999	-2.71521225199
5886694	0.00101838673999	-2.80029488727
5986268	0.00101838673999	-2.46021113545
6095444	0.00101838673999	-1.9058201611
6210901	0.00101838673999	-1.37867553532
6320357	0.00101838673999	-1.33584675938
6423746	0.00101838673999	-1.22557382658
6522319	0.00101838673999	-1.2572540231
6631898	0.00101838673999	-0.691432915628
6742032	0.00101838673999	-0.803764138371
6830557	0.00101838673999	-0.977723650634
6912779	0.00101838673999	-0.942136771977
6997230	0.00101838673999	-0.584436599165
7078930	0.00101838673999	-0.403297759593
7166586	0.00101838673999	-0.184177316725
7267911	0.00101838673999	0.0713192932308
7371821	0.00410247765763	0.744102679193
7471048	0.00369465351524	0.664572585374
7569033	0.00831376678197	2.58861070871
7649353	0.00623787259005	1.48261935636
7742501	0.00356160581479	0.626462832093
7848734	0.0104491617144	3.96333387867
7946177	0.0104491617144	3.82273675501
8043583	0.00711302161532	1.95445834845
8146050	0.00735102457728	2.07579983771
8251768	0.0152695044631	6.8719910495
8357954	0.0137939828545	5.85533870757
8471790	0.0149720007606	6.87055372447
8569577	0.0152695044631	7.03862899169
8666598	0.0130973360507	5.12880539894
8766902	0.00181130776426	0.262667022645
8861542	0.0021683122072	0.282048076391
8953214	0.00101838673999	-0.0582334771752
9058675	0.00430370713961	0.848177414387
9160458	0.00831376678197	2.71247587353
9259377	0.00777289493913	2.40315577388
9356406	0.0117548621426	4.74429285526
9446104	0.00416197839812	0.676930725574
9547023	0.00531190386533	1.14838580042
9649040	0.00127043592142	0.121812976897
9759973	0.00339178463437	0.423484280705
9858686	0.00255340908908	0.21531894803
9953869	0.00101838673999	-0.0987948589027
